1 6 6
2 10 4
3 14 4
4 21 7
5 28 7
6 34 6
7 42 8
8 50 8
9 53 3
10 60 7
11 69 9
12 78 9
13 87 9
14 94 7
15 101 7
16 109 8
17 116 7
18 122 6
19 130 8
20 135 5
21 143 8
22 150 7
23 158 8
24 167 9
25 174 7
26 182 8
27 190 8
28 198 8
29 205 7
30 215 10
31 223 8
32 231 8
33 240 9
34 249 9
35 259 10
36 268 9
37 276 8
38 284 8
39 294 10
40 303 9
41 312 9
42 322 10
43 330 8
44 338 8
45 347 9
46 355 8
47 365 10
48 374 9
49 384 10
50 392 8
51 401 9
52 409 8
53 419 10
54 428 9
55 436 8
56 445 9
57 454 9
58 463 9
59 470 7
60 477 7
61 486 9
62 496 10
63 503 7
64 513 10
65 519 6
66 526 7
67 535 9
68 544 9
69 553 9
70 562 9
71 569 7
72 578 9
73 587 9
74 596 9
75 603 7
76 613 10
77 622 9
78 631 9
79 641 10
80 651 10
81 661 10
82 669 8
83 678 9
84 688 10
85 697 9
86 707 10
87 715 8
88 722 7
89 732 10
90 738 6
91 748 10
92 758 10
93 768 10
94 776 8
95 783 7
96 791 8
97 801 10
98 811 10
99 818 7
100 828 10
101 837 9
102 846 9
103 854 8
104 864 10
105 873 9
106 882 9
107 892 10
108 901 9
109 909 8
110 919 10
111 928 9
112 937 9
113 945 8
114 955 10
115 965 10
116 975 10
117 984 9
118 993 9
119 1002 9
120 1009 7
121 1019 10
122 1025 6
123 1032 7
124 1041 9
125 1051 10
126 1061 10
127 1071 10
128 1080 9
129 1089 9
130 1098 9
131 1105 7
132 1113 8
133 1123 10
134 1132 9
135 1142 10
136 1151 9
137 1161 10
138 1169 8
139 1179 10
140 1189 10
141 1198 9
142 1208 10
143 1217 9
144 1227 10
145 1234 7
146 1240 6
147 1250 10
148 1259 9
149 1268 9
150 1277 9
151 1286 9
152 1296 10
153 1305 9
154 1314 9
155 1324 10
156 1334 10
157 1344 10
158 1354 10
159 1362 8
160 1372 10
161 1382 10
162 1392 10
163 1401 9
164 1408 7
165 1416 8
166 1426 10
167 1436 10
168 1445 9
169 1455 10
170 1464 9
171 1473 9
172 1481 8
173 1491 10
174 1500 9
175 1509 9
176 1519 10
177 1527 8
178 1536 9
179 1543 7
180 1552 9
181 1561 9
182 1571 10
183 1581 10
184 1590 9
185 1599 9
186 1609 10
187 1618 9
188 1626 8
189 1635 9
190 1645 10
191 1655 10
192 1665 10
193 1675 10
194 1683 8
195 1692 9
196 1702 10
197 1711 9
198 1720 9
199 1730 10
200 1739 9
201 1748 9
202 1756 8
203 1765 9
204 1775 10
205 1785 10
206 1794 9
207 1804 10
208 1814 10
209 1823 9
210 1829 6
211 1839 10
212 1848 9
213 1857 9
214 1866 9
215 1875 9
216 1885 10
217 1892 7
218 1900 8
219 1910 10
220 1920 10
221 1927 7
222 1936 9
223 1945 9
224 1955 10
225 1965 10
226 1974 9
227 1984 10
228 1994 10
229 2003 9
230 2012 9
231 2021 9
232 2031 10
233 2040 9
234 2050 10
235 2060 10
236 2069 9
237 2079 10
238 2087 8
239 2097 10
240 2106 9
241 2116 10
242 2125 9
243 2135 10
244 2145 10
245 2155 10
246 2162 7
247 2172 10
248 2182 10
249 2192 10
250 2201 9
251 2210 9
252 2220 10
253 2229 9
254 2239 10
255 2249 10
256 2259 10
257 2269 10
258 2277 8
259 2287 10
260 2296 9
261 2305 9
262 2313 8
263 2321 8
264 2329 8
265 2337 8
266 2346 9
267 2356 10
268 2366 10
269 2374 8
270 2383 9
271 2393 10
272 2402 9
273 2412 10
274 2420 8
275 2429 9
276 2438 9
277 2448 10
278 2457 9
279 2466 9
280 2475 9
281 2485 10
282 2495 10
283 2503 8
284 2512 9
285 2521 9
286 2531 10
287 2541 10
288 2550 9
289 2560 10
290 2570 10
291 2580 10
292 2590 10
293 2599 9
294 2609 10
295 2617 8
296 2627 10
297 2637 10
298 2645 8
299 2651 6
300 2659 8
301 2668 9
302 2678 10
303 2688 10
304 2696 8
305 2705 9
306 2713 8
307 2722 9
308 2731 9
309 2740 9
310 2750 10
311 2759 9
312 2769 10
313 2779 10
314 2789 10
315 2798 9
316 2807 9
317 2816 9
318 2826 10
319 2836 10
320 2846 10
321 2856 10
322 2865 9
323 2875 10
324 2885 10
325 2895 10
326 2905 10
327 2914 9
328 2924 10
329 2934 10
330 2943 9
331 2952 9
332 2962 10
333 2970 8
334 2980 10
335 2989 9
336 2998 9
337 3008 10
338 3018 10
339 3026 8
340 3036 10
341 3043 7
342 3053 10
343 3062 9
344 3071 9
345 3080 9
346 3090 10
347 3100 10
348 3110 10
349 3120 10
350 3130 10
351 3137 7
352 3147 10
353 3156 9
354 3165 9
355 3174 9
356 3183 9
357 3192 9
358 3202 10
359 3210 8
360 3219 9
361 3229 10
362 3239 10
363 3249 10
364 3259 10
365 3268 9
366 3278 10
367 3287 9
368 3295 8
369 3304 9
370 3314 10
371 3323 9
372 3331 8
373 3341 10
374 3350 9
375 3359 9
376 3368 9
377 3376 8
378 3386 10
379 3396 10
380 3404 8
381 3411 7
382 3419 8
383 3428 9
384 3437 9
385 3445 8
386 3455 10
387 3463 8
388 3473 10
389 3483 10
390 3493 10
391 3503 10
392 3513 10
393 3522 9
394 3531 9
395 3541 10
396 3551 10
397 3561 10
398 3570 9
399 3580 10
400 3589 9
401 3599 10
402 3609 10
403 3618 9
404 3626 8
405 3636 10
406 3646 10
407 3656 10
408 3666 10
409 3675 9
410 3684 9
411 3694 10
412 3704 10
413 3714 10
414 3723 9
415 3733 10
416 3741 8
417 3749 8
418 3758 9
419 3766 8
420 3775 9
421 3784 9
422 3794 10
423 3803 9
424 3813 10
425 3823 10
426 3832 9
427 3841 9
428 3849 8
429 3859 10
430 3869 10
431 3879 10
432 3886 7
433 3894 8
434 3903 9
435 3913 10
436 3923 10
437 3931 8
438 3939 8
439 3949 10
440 3959 10
441 3969 10
442 3978 9
443 3988 10
444 3997 9
445 4006 9
446 4014 8
447 4022 8
448 4031 9
449 4040 9
450 4050 10
451 4060 10
452 4068 8
453 4078 10
454 4086 8
455 4095 9
456 4103 8
457 4113 10
458 4123 10
459 4132 9
460 4142 10
461 4151 9
462 4161 10
463 4170 9
464 4179 9
465 4187 8
466 4196 9
467 4206 10
468 4215 9
469 4225 10
470 4234 9
471 4243 9
472 4252 9
473 4260 8
474 4269 9
475 4279 10
476 4289 10
477 4299 10
478 4309 10
479 4319 10
480 4327 8
481 4337 10
482 4347 10
483 4356 9
484 4364 8
485 4374 10
486 4384 10
487 4393 9
488 4403 10
489 4412 9
490 4422 10
491 4432 10
492 4440 8
493 4449 9
494 4459 10
495 4468 9
496 4477 9
497 4486 9
498 4495 9
499 4505 10
500 4515 10
