1 5 5
2 12 7
3 15 3
4 21 6
5 29 8
6 35 6
7 41 6
8 50 9
9 57 7
10 64 7
11 72 8
12 81 9
13 90 9
14 96 6
15 102 6
16 110 8
17 118 8
18 124 6
19 133 9
20 142 9
21 152 10
22 159 7
23 163 4
24 171 8
25 180 9
26 189 9
27 195 6
28 202 7
29 209 7
30 215 6
31 223 8
32 233 10
33 242 9
34 250 8
35 260 10
36 269 9
37 278 9
38 287 9
39 296 9
40 305 9
41 315 10
42 324 9
43 333 9
44 341 8
45 350 9
46 357 7
47 367 10
48 376 9
49 383 7
50 391 8
51 400 9
52 409 9
53 418 9
54 425 7
55 435 10
56 445 10
57 454 9
58 462 8
59 471 9
60 479 8
61 488 9
62 495 7
63 503 8
64 512 9
65 519 7
66 529 10
67 537 8
68 546 9
69 555 9
70 565 10
71 574 9
72 582 8
73 591 9
74 601 10
75 609 8
76 618 9
77 627 9
78 637 10
79 646 9
80 656 10
81 666 10
82 676 10
83 686 10
84 695 9
85 704 9
86 712 8
87 721 9
88 730 9
89 738 8
90 747 9
91 755 8
92 762 7
93 770 8
94 780 10
95 789 9
96 797 8
97 805 8
98 814 9
99 824 10
100 834 10
101 843 9
102 853 10
103 863 10
104 873 10
105 882 9
106 891 9
107 900 9
108 909 9
109 918 9
110 928 10
111 937 9
112 946 9
113 955 9
114 965 10
115 973 8
116 983 10
117 992 9
118 1001 9
119 1011 10
120 1019 8
121 1029 10
122 1038 9
123 1048 10
124 1057 9
125 1067 10
126 1075 8
127 1084 9
128 1093 9
129 1102 9
130 1112 10
131 1122 10
132 1132 10
133 1142 10
134 1149 7
135 1159 10
136 1167 8
137 1177 10
138 1186 9
139 1195 9
140 1203 8
141 1212 9
142 1222 10
143 1228 6
144 1238 10
145 1247 9
146 1257 10
147 1266 9
148 1274 8
149 1284 10
150 1293 9
151 1303 10
152 1313 10
153 1323 10
154 1332 9
155 1341 9
156 1349 8
157 1358 9
158 1367 9
159 1376 9
160 1383 7
161 1393 10
162 1401 8
163 1409 8
164 1418 9
165 1427 9
166 1436 9
167 1445 9
168 1452 7
169 1462 10
170 1472 10
171 1482 10
172 1491 9
173 1500 9
174 1509 9
175 1519 10
176 1528 9
177 1538 10
178 1548 10
179 1557 9
180 1567 10
181 1575 8
182 1584 9
183 1594 10
184 1604 10
185 1614 10
186 1624 10
187 1633 9
188 1643 10
189 1653 10
190 1662 9
191 1671 9
192 1681 10
193 1690 9
194 1699 9
195 1709 10
196 1719 10
197 1728 9
198 1737 9
199 1745 8
200 1755 10
201 1762 7
202 1770 8
203 1778 8
204 1787 9
205 1795 8
206 1804 9
207 1812 8
208 1820 8
209 1830 10
210 1839 9
211 1846 7
212 1855 9
213 1864 9
214 1874 10
215 1884 10
216 1892 8
217 1900 8
218 1910 10
219 1920 10
220 1929 9
221 1939 10
222 1948 9
223 1957 9
224 1967 10
225 1976 9
226 1985 9
227 1994 9
228 2004 10
229 2013 9
230 2023 10
231 2032 9
232 2041 9
233 2049 8
234 2056 7
235 2064 8
236 2072 8
237 2080 8
238 2089 9
239 2098 9
240 2107 9
241 2116 9
242 2125 9
243 2135 10
244 2144 9
245 2153 9
246 2161 8
247 2170 9
248 2180 10
249 2190 10
250 2199 9
251 2209 10
252 2219 10
253 2227 8
254 2236 9
255 2244 8
256 2252 8
257 2257 5
258 2267 10
259 2276 9
260 2285 9
261 2293 8
262 2301 8
263 2309 8
264 2317 8
265 2327 10
266 2336 9
267 2344 8
268 2353 9
269 2361 8
270 2369 8
271 2377 8
272 2386 9
273 2395 9
274 2405 10
275 2414 9
276 2422 8
277 2431 9
278 2441 10
279 2448 7
280 2457 9
281 2466 9
282 2475 9
283 2481 6
284 2491 10
285 2501 10
286 2511 10
287 2520 9
288 2527 7
289 2535 8
290 2544 9
291 2551 7
292 2560 9
293 2570 10
294 2580 10
295 2589 9
296 2597 8
297 2605 8
298 2614 9
299 2621 7
300 2630 9
301 2639 9
302 2649 10
303 2658 9
304 2668 10
305 2678 10
306 2687 9
307 2697 10
308 2705 8
309 2715 10
310 2725 10
311 2735 10
312 2744 9
313 2754 10
314 2764 10
315 2771 7
316 2780 9
317 2788 8
318 2798 10
319 2807 9
320 2815 8
321 2825 10
322 2833 8
323 2843 10
324 2853 10
325 2861 8
326 2870 9
327 2879 9
328 2889 10
329 2898 9
330 2908 10
331 2918 10
332 2928 10
333 2938 10
334 2948 10
335 2956 8
336 2965 9
337 2975 10
338 2985 10
339 2994 9
340 3003 9
341 3012 9
342 3021 9
343 3030 9
344 3040 10
345 3048 8
346 3056 8
347 3066 10
348 3074 8
349 3083 9
350 3093 10
351 3101 8
352 3109 8
353 3119 10
354 3129 10
355 3139 10
356 3147 8
357 3156 9
358 3165 9
359 3175 10
360 3185 10
361 3194 9
362 3201 7
363 3211 10
364 3220 9
365 3229 9
366 3239 10
367 3249 10
368 3259 10
369 3269 10
370 3278 9
371 3288 10
372 3298 10
373 3308 10
374 3316 8
375 3325 9
376 3335 10
377 3343 8
378 3353 10
379 3363 10
380 3372 9
381 3382 10
382 3392 10
383 3400 8
384 3410 10
385 3417 7
386 3426 9
387 3435 9
388 3444 9
389 3453 9
390 3462 9
391 3470 8
392 3478 8
393 3487 9
394 3495 8
395 3505 10
396 3512 7
397 3520 8
398 3530 10
399 3539 9
400 3548 9
401 3558 10
402 3566 8
403 3575 9
404 3585 10
405 3595 10
406 3604 9
407 3614 10
408 3624 10
409 3633 9
410 3643 10
411 3653 10
412 3659 6
413 3669 10
414 3679 10
415 3689 10
416 3698 9
417 3705 7
418 3714 9
419 3724 10
420 3734 10
421 3743 9
422 3753 10
423 3762 9
424 3771 9
425 3779 8
426 3789 10
427 3798 9
428 3806 8
429 3816 10
430 3825 9
431 3833 8
432 3841 8
433 3850 9
434 3860 10
435 3870 10
436 3880 10
437 3889 9
438 3898 9
439 3906 8
440 3916 10
441 3925 9
442 3934 9
443 3944 10
444 3952 8
445 3962 10
446 3970 8
447 3979 9
448 3987 8
449 3997 10
450 4005 8
451 4014 9
452 4023 9
453 4031 8
454 4041 10
455 4051 10
456 4061 10
457 4071 10
458 4080 9
459 4089 9
460 4099 10
461 4107 8
462 4117 10
463 4125 8
464 4135 10
465 4143 8
466 4153 10
467 4162 9
468 4171 9
469 4181 10
470 4191 10
471 4201 10
472 4211 10
473 4221 10
474 4231 10
475 4240 9
476 4250 10
477 4260 10
478 4269 9
479 4278 9
480 4286 8
481 4296 10
482 4304 8
483 4314 10
484 4322 8
485 4331 9
486 4340 9
487 4350 10
488 4360 10
489 4370 10
490 4377 7
491 4386 9
492 4396 10
493 4406 10
494 4416 10
495 4425 9
496 4435 10
497 4445 10
498 4454 9
499 4463 9
500 4471 8
