1 7 7
2 12 5
3 18 6
4 25 7
5 28 3
6 37 9
7 44 7
8 52 8
9 61 9
10 69 8
11 74 5
12 79 5
13 86 7
14 94 8
15 103 9
16 109 6
17 115 6
18 121 6
19 129 8
20 138 9
21 142 4
22 149 7
23 156 7
24 165 9
25 175 10
26 183 8
27 191 8
28 198 7
29 207 9
30 214 7
31 221 7
32 229 8
33 237 8
34 247 10
35 254 7
36 263 9
37 272 9
38 281 9
39 291 10
40 300 9
41 309 9
42 319 10
43 326 7
44 335 9
45 345 10
46 355 10
47 363 8
48 368 5
49 378 10
50 385 7
51 395 10
52 401 6
53 411 10
54 419 8
55 429 10
56 437 8
57 446 9
58 454 8
59 463 9
60 471 8
61 480 9
62 490 10
63 495 5
64 505 10
65 514 9
66 522 8
67 532 10
68 542 10
69 549 7
70 558 9
71 567 9
72 577 10
73 586 9
74 594 8
75 604 10
76 613 9
77 623 10
78 631 8
79 639 8
80 649 10
81 659 10
82 668 9
83 677 9
84 685 8
85 695 10
86 704 9
87 713 9
88 722 9
89 732 10
90 741 9
91 751 10
92 760 9
93 769 9
94 776 7
95 783 7
96 793 10
97 801 8
98 809 8
99 819 10
100 828 9
101 837 9
102 846 9
103 854 8
104 863 9
105 873 10
106 882 9
107 890 8
108 900 10
109 907 7
110 916 9
111 926 10
112 934 8
113 944 10
114 954 10
115 964 10
116 973 9
117 982 9
118 990 8
119 1000 10
120 1007 7
121 1015 8
122 1025 10
123 1034 9
124 1044 10
125 1053 9
126 1061 8
127 1070 9
128 1079 9
129 1089 10
130 1098 9
131 1107 9
132 1116 9
133 1126 10
134 1134 8
135 1141 7
136 1151 10
137 1161 10
138 1169 8
139 1177 8
140 1187 10
141 1196 9
142 1206 10
143 1216 10
144 1225 9
145 1235 10
146 1244 9
147 1253 9
148 1262 9
149 1271 9
150 1280 9
151 1290 10
152 1300 10
153 1309 9
154 1318 9
155 1326 8
156 1334 8
157 1343 9
158 1353 10
159 1362 9
160 1369 7
161 1377 8
162 1387 10
163 1396 9
164 1404 8
165 1411 7
166 1421 10
167 1430 9
168 1439 9
169 1446 7
170 1456 10
171 1465 9
172 1474 9
173 1483 9
174 1492 9
175 1501 9
176 1510 9
177 1520 10
178 1530 10
179 1537 7
180 1546 9
181 1556 10
182 1566 10
183 1576 10
184 1586 10
185 1595 9
186 1604 9
187 1612 8
188 1621 9
189 1631 10
190 1638 7
191 1647 9
192 1656 9
193 1664 8
194 1674 10
195 1682 8
196 1692 10
197 1701 9
198 1708 7
199 1717 9
200 1726 9
201 1736 10
202 1745 9
203 1754 9
204 1762 8
205 1772 10
206 1780 8
207 1789 9
208 1798 9
209 1807 9
210 1817 10
211 1826 9
212 1836 10
213 1846 10
214 1855 9
215 1864 9
216 1873 9
217 1883 10
218 1893 10
219 1902 9
220 1911 9
221 1919 8
222 1928 9
223 1936 8
224 1945 9
225 1954 9
226 1964 10
227 1974 10
228 1983 9
229 1993 10
230 2002 9
231 2011 9
232 2021 10
233 2030 9
234 2039 9
235 2048 9
236 2058 10
237 2068 10
238 2077 9
239 2086 9
240 2096 10
241 2104 8
242 2113 9
243 2122 9
244 2131 9
245 2140 9
246 2148 8
247 2155 7
248 2165 10
249 2174 9
250 2183 9
251 2191 8
252 2200 9
253 2210 10
254 2219 9
255 2229 10
256 2238 9
257 2247 9
258 2255 8
259 2264 9
260 2273 9
261 2282 9
262 2292 10
263 2302 10
264 2311 9
265 2321 10
266 2331 10
267 2339 8
268 2348 9
269 2358 10
270 2368 10
271 2378 10
272 2387 9
273 2396 9
274 2406 10
275 2416 10
276 2425 9
277 2435 10
278 2445 10
279 2455 10
280 2465 10
281 2475 10
282 2485 10
283 2495 10
284 2503 8
285 2512 9
286 2520 8
287 2528 8
288 2538 10
289 2548 10
290 2558 10
291 2567 9
292 2576 9
293 2586 10
294 2595 9
295 2605 10
296 2614 9
297 2624 10
298 2634 10
299 2642 8
300 2650 8
301 2657 7
302 2667 10
303 2677 10
304 2686 9
305 2695 9
306 2705 10
307 2714 9
308 2724 10
309 2733 9
310 2743 10
311 2753 10
312 2763 10
313 2772 9
314 2781 9
315 2791 10
316 2801 10
317 2811 10
318 2820 9
319 2828 8
320 2838 10
321 2848 10
322 2858 10
323 2865 7
324 2875 10
325 2885 10
326 2894 9
327 2903 9
328 2912 9
329 2922 10
330 2932 10
331 2941 9
332 2951 10
333 2961 10
334 2970 9
335 2978 8
336 2988 10
337 2997 9
338 3006 9
339 3016 10
340 3025 9
341 3035 10
342 3044 9
343 3054 10
344 3064 10
345 3074 10
346 3082 8
347 3092 10
348 3101 9
349 3110 9
350 3118 8
351 3128 10
352 3137 9
353 3147 10
354 3157 10
355 3167 10
356 3177 10
357 3186 9
358 3196 10
359 3205 9
360 3215 10
361 3224 9
362 3234 10
363 3241 7
364 3250 9
365 3260 10
366 3269 9
367 3279 10
368 3287 8
369 3296 9
370 3305 9
371 3314 9
372 3323 9
373 3333 10
374 3340 7
375 3350 10
376 3359 9
377 3369 10
378 3377 8
379 3386 9
380 3394 8
381 3403 9
382 3413 10
383 3422 9
384 3431 9
385 3441 10
386 3449 8
387 3458 9
388 3468 10
389 3478 10
390 3487 9
391 3496 9
392 3506 10
393 3515 9
394 3524 9
395 3534 10
396 3542 8
397 3551 9
398 3560 9
399 3570 10
400 3579 9
401 3588 9
402 3598 10
403 3608 10
404 3616 8
405 3625 9
406 3635 10
407 3644 9
408 3653 9
409 3662 9
410 3671 9
411 3678 7
412 3688 10
413 3697 9
414 3707 10
415 3717 10
416 3727 10
417 3734 7
418 3743 9
419 3753 10
420 3762 9
421 3772 10
422 3781 9
423 3791 10
424 3800 9
425 3809 9
426 3816 7
427 3824 8
428 3834 10
429 3842 8
430 3852 10
431 3861 9
432 3870 9
433 3879 9
434 3889 10
435 3898 9
436 3908 10
437 3918 10
438 3927 9
439 3937 10
440 3946 9
441 3954 8
442 3963 9
443 3972 9
444 3982 10
445 3992 10
446 4002 10
447 4012 10
448 4022 10
449 4032 10
450 4042 10
451 4051 9
452 4059 8
453 4068 9
454 4078 10
455 4088 10
456 4095 7
457 4105 10
458 4114 9
459 4124 10
460 4134 10
461 4144 10
462 4153 9
463 4163 10
464 4172 9
465 4180 8
466 4189 9
467 4198 9
468 4208 10
469 4218 10
470 4228 10
471 4237 9
472 4247 10
473 4257 10
474 4266 9
475 4275 9
476 4284 9
477 4294 10
478 4303 9
479 4312 9
480 4322 10
481 4332 10
482 4340 8
483 4349 9
484 4358 9
485 4367 9
486 4376 9
487 4386 10
488 4396 10
489 4406 10
490 4415 9
491 4424 9
492 4432 8
493 4442 10
494 4451 9
495 4461 10
496 4470 9
497 4479 9
498 4489 10
499 4499 10
500 4508 9
