1 6 6
2 10 4
3 14 4
4 20 6
5 27 7
6 33 6
7 40 7
8 45 5
9 50 5
10 58 8
11 66 8
12 71 5
13 77 6
14 84 7
15 91 7
16 100 9
17 109 9
18 117 8
19 126 9
20 134 8
21 143 9
22 152 9
23 158 6
24 166 8
25 174 8
26 182 8
27 189 7
28 197 8
29 206 9
30 214 8
31 222 8
32 230 8
33 238 8
34 247 9
35 255 8
36 264 9
37 272 8
38 281 9
39 289 8
40 299 10
41 308 9
42 314 6
43 323 9
44 331 8
45 340 9
46 349 9
47 358 9
48 367 9
49 374 7
50 383 9
51 391 8
52 399 8
53 407 8
54 417 10
55 427 10
56 437 10
57 445 8
58 454 9
59 463 9
60 471 8
61 481 10
62 490 9
63 498 8
64 508 10
65 518 10
66 527 9
67 535 8
68 543 8
69 553 10
70 563 10
71 573 10
72 582 9
73 592 10
74 602 10
75 611 9
76 619 8
77 628 9
78 637 9
79 646 9
80 656 10
81 665 9
82 674 9
83 683 9
84 692 9
85 701 9
86 710 9
87 719 9
88 729 10
89 739 10
90 748 9
91 755 7
92 764 9
93 772 8
94 780 8
95 790 10
96 800 10
97 810 10
98 820 10
99 829 9
100 838 9
101 847 9
102 852 5
103 862 10
104 872 10
105 882 10
106 892 10
107 900 8
108 910 10
109 917 7
110 926 9
111 935 9
112 945 10
113 954 9
114 963 9
115 973 10
116 981 8
117 991 10
118 1000 9
119 1009 9
120 1018 9
121 1028 10
122 1037 9
123 1047 10
124 1057 10
125 1064 7
126 1073 9
127 1080 7
128 1090 10
129 1100 10
130 1108 8
131 1118 10
132 1125 7
133 1135 10
134 1144 9
135 1152 8
136 1161 9
137 1170 9
138 1180 10
139 1189 9
140 1198 9
141 1207 9
142 1216 9
143 1223 7
144 1231 8
145 1239 8
146 1249 10
147 1258 9
148 1267 9
149 1274 7
150 1281 7
151 1291 10
152 1301 10
153 1310 9
154 1319 9
155 1329 10
156 1339 10
157 1348 9
158 1358 10
159 1366 8
160 1376 10
161 1384 8
162 1394 10
163 1403 9
164 1413 10
165 1423 10
166 1433 10
167 1441 8
168 1450 9
169 1459 9
170 1467 8
171 1476 9
172 1484 8
173 1494 10
174 1503 9
175 1512 9
176 1522 10
177 1531 9
178 1541 10
179 1551 10
180 1559 8
181 1568 9
182 1577 9
183 1587 10
184 1597 10
185 1606 9
186 1616 10
187 1626 10
188 1636 10
189 1646 10
190 1655 9
191 1665 10
192 1673 8
193 1682 9
194 1690 8
195 1699 9
196 1708 9
197 1717 9
198 1726 9
199 1736 10
200 1746 10
201 1756 10
202 1764 8
203 1774 10
204 1784 10
205 1794 10
206 1804 10
207 1814 10
208 1823 9
209 1832 9
210 1842 10
211 1852 10
212 1861 9
213 1871 10
214 1880 9
215 1890 10
216 1900 10
217 1910 10
218 1920 10
219 1930 10
220 1939 9
221 1949 10
222 1958 9
223 1968 10
224 1976 8
225 1984 8
226 1994 10
227 2004 10
228 2014 10
229 2023 9
230 2030 7
231 2040 10
232 2050 10
233 2060 10
234 2070 10
235 2080 10
236 2089 9
237 2098 9
238 2108 10
239 2118 10
240 2128 10
241 2138 10
242 2147 9
243 2156 9
244 2166 10
245 2175 9
246 2185 10
247 2195 10
248 2203 8
249 2213 10
250 2223 10
251 2232 9
252 2241 9
253 2250 9
254 2260 10
255 2269 9
256 2279 10
257 2287 8
258 2294 7
259 2303 9
260 2311 8
261 2321 10
262 2330 9
263 2339 9
264 2348 9
265 2357 9
266 2364 7
267 2374 10
268 2384 10
269 2393 9
270 2403 10
271 2413 10
272 2422 9
273 2430 8
274 2439 9
275 2449 10
276 2458 9
277 2466 8
278 2474 8
279 2484 10
280 2491 7
281 2500 9
282 2509 9
283 2519 10
284 2529 10
285 2539 10
286 2548 9
287 2556 8
288 2564 8
289 2574 10
290 2584 10
291 2594 10
292 2604 10
293 2613 9
294 2623 10
295 2632 9
296 2640 8
297 2650 10
298 2658 8
299 2667 9
300 2677 10
301 2687 10
302 2697 10
303 2707 10
304 2716 9
305 2724 8
306 2734 10
307 2744 10
308 2754 10
309 2762 8
310 2768 6
311 2778 10
312 2785 7
313 2794 9
314 2803 9
315 2811 8
316 2819 8
317 2827 8
318 2837 10
319 2847 10
320 2857 10
321 2866 9
322 2876 10
323 2884 8
324 2893 9
325 2902 9
326 2912 10
327 2921 9
328 2930 9
329 2940 10
330 2949 9
331 2959 10
332 2967 8
333 2977 10
334 2987 10
335 2996 9
336 3003 7
337 3012 9
338 3021 9
339 3031 10
340 3040 9
341 3049 9
342 3059 10
343 3068 9
344 3077 9
345 3087 10
346 3097 10
347 3107 10
348 3114 7
349 3123 9
350 3131 8
351 3141 10
352 3150 9
353 3159 9
354 3166 7
355 3175 9
356 3185 10
357 3194 9
358 3204 10
359 3213 9
360 3223 10
361 3232 9
362 3240 8
363 3249 9
364 3257 8
365 3266 9
366 3275 9
367 3285 10
368 3293 8
369 3303 10
370 3312 9
371 3321 9
372 3330 9
373 3339 9
374 3348 9
375 3357 9
376 3367 10
377 3377 10
378 3385 8
379 3394 9
380 3404 10
381 3412 8
382 3422 10
383 3429 7
384 3439 10
385 3449 10
386 3459 10
387 3468 9
388 3478 10
389 3487 9
390 3495 8
391 3505 10
392 3514 9
393 3524 10
394 3531 7
395 3540 9
396 3550 10
397 3558 8
398 3568 10
399 3578 10
400 3588 10
401 3598 10
402 3608 10
403 3618 10
404 3628 10
405 3638 10
406 3647 9
407 3656 9
408 3666 10
409 3675 9
410 3684 9
411 3693 9
412 3702 9
413 3711 9
414 3721 10
415 3731 10
416 3737 6
417 3746 9
418 3756 10
419 3765 9
420 3775 10
421 3785 10
422 3795 10
423 3804 9
424 3813 9
425 3822 9
426 3831 9
427 3840 9
428 3850 10
429 3858 8
430 3867 9
431 3877 10
432 3887 10
433 3895 8
434 3905 10
435 3913 8
436 3921 8
437 3930 9
438 3938 8
439 3947 9
440 3957 10
441 3965 8
442 3975 10
443 3985 10
444 3995 10
445 4004 9
446 4014 10
447 4024 10
448 4033 9
449 4043 10
450 4052 9
451 4062 10
452 4071 9
453 4081 10
454 4090 9
455 4100 10
456 4110 10
457 4120 10
458 4130 10
459 4139 9
460 4149 10
461 4158 9
462 4167 9
463 4177 10
464 4187 10
465 4196 9
466 4205 9
467 4214 9
468 4224 10
469 4233 9
470 4243 10
471 4251 8
472 4260 9
473 4267 7
474 4276 9
475 4285 9
476 4294 9
477 4303 9
478 4312 9
479 4322 10
480 4332 10
481 4341 9
482 4351 10
483 4360 9
484 4370 10
485 4377 7
486 4387 10
487 4395 8
488 4404 9
489 4414 10
490 4422 8
491 4432 10
492 4442 10
493 4452 10
494 4462 10
495 4472 10
496 4481 9
497 4490 9
498 4500 10
499 4509 9
500 4516 7
