1 6 6
2 12 6
3 19 7
4 25 6
5 31 6
6 38 7
7 45 7
8 53 8
9 59 6
10 66 7
11 75 9
12 83 8
13 92 9
14 99 7
15 107 8
16 113 6
17 120 7
18 129 9
19 137 8
20 146 9
21 154 8
22 161 7
23 171 10
24 181 10
25 191 10
26 201 10
27 210 9
28 219 9
29 228 9
30 236 8
31 244 8
32 251 7
33 261 10
34 269 8
35 277 8
36 285 8
37 294 9
38 300 6
39 309 9
40 319 10
41 327 8
42 336 9
43 344 8
44 353 9
45 362 9
46 372 10
47 378 6
48 387 9
49 396 9
50 405 9
51 413 8
52 422 9
53 430 8
54 439 9
55 447 8
56 456 9
57 466 10
58 474 8
59 482 8
60 489 7
61 498 9
62 506 8
63 515 9
64 519 4
65 528 9
66 538 10
67 547 9
68 556 9
69 565 9
70 573 8
71 583 10
72 592 9
73 600 8
74 607 7
75 617 10
76 625 8
77 634 9
78 643 9
79 653 10
80 661 8
81 669 8
82 678 9
83 687 9
84 696 9
85 706 10
86 716 10
87 725 9
88 735 10
89 745 10
90 755 10
91 764 9
92 774 10
93 782 8
94 792 10
95 801 9
96 811 10
97 821 10
98 831 10
99 841 10
100 851 10
101 860 9
102 870 10
103 880 10
104 890 10
105 900 10
106 910 10
107 920 10
108 929 9
109 938 9
110 948 10
111 957 9
112 966 9
113 976 10
114 985 9
115 995 10
116 1005 10
117 1013 8
118 1023 10
119 1033 10
120 1042 9
121 1052 10
122 1061 9
123 1071 10
124 1080 9
125 1089 9
126 1099 10
127 1109 10
128 1119 10
129 1129 10
130 1139 10
131 1148 9
132 1157 9
133 1167 10
134 1176 9
135 1184 8
136 1193 9
137 1201 8
138 1211 10
139 1220 9
140 1230 10
141 1240 10
142 1249 9
143 1258 9
144 1268 10
145 1277 9
146 1286 9
147 1295 9
148 1304 9
149 1314 10
150 1324 10
151 1333 9
152 1342 9
153 1352 10
154 1362 10
155 1372 10
156 1381 9
157 1390 9
158 1400 10
159 1409 9
160 1417 8
161 1426 9
162 1435 9
163 1444 9
164 1450 6
165 1460 10
166 1468 8
167 1476 8
168 1485 9
169 1495 10
170 1504 9
171 1513 9
172 1523 10
173 1533 10
174 1539 6
175 1549 10
176 1558 9
177 1568 10
178 1576 8
179 1585 9
180 1594 9
181 1604 10
182 1614 10
183 1624 10
184 1633 9
185 1643 10
186 1651 8
187 1660 9
188 1670 10
189 1678 8
190 1687 9
191 1695 8
192 1705 10
193 1715 10
194 1724 9
195 1734 10
196 1744 10
197 1753 9
198 1761 8
199 1771 10
200 1780 9
201 1788 8
202 1797 9
203 1807 10
204 1817 10
205 1826 9
206 1836 10
207 1845 9
208 1855 10
209 1862 7
210 1870 8
211 1878 8
212 1888 10
213 1898 10
214 1908 10
215 1918 10
216 1928 10
217 1935 7
218 1944 9
219 1954 10
220 1961 7
221 1970 9
222 1980 10
223 1990 10
224 1999 9
225 2007 8
226 2015 8
227 2024 9
228 2033 9
229 2042 9
230 2051 9
231 2061 10
232 2070 9
233 2078 8
234 2085 7
235 2095 10
236 2105 10
237 2115 10
238 2124 9
239 2134 10
240 2143 9
241 2152 9
242 2162 10
243 2172 10
244 2181 9
245 2191 10
246 2201 10
247 2211 10
248 2221 10
249 2230 9
250 2239 9
251 2247 8
252 2257 10
253 2266 9
254 2276 10
255 2285 9
256 2295 10
257 2305 10
258 2315 10
259 2325 10
260 2334 9
261 2343 9
262 2352 9
263 2361 9
264 2369 8
265 2379 10
266 2387 8
267 2397 10
268 2405 8
269 2415 10
270 2425 10
271 2434 9
272 2444 10
273 2453 9
274 2463 10
275 2473 10
276 2481 8
277 2490 9
278 2499 9
279 2508 9
280 2516 8
281 2526 10
282 2535 9
283 2545 10
284 2555 10
285 2564 9
286 2573 9
287 2583 10
288 2593 10
289 2602 9
290 2610 8
291 2618 8
292 2627 9
293 2636 9
294 2644 8
295 2652 8
296 2661 9
297 2671 10
298 2680 9
299 2690 10
300 2698 8
301 2706 8
302 2715 9
303 2724 9
304 2733 9
305 2740 7
306 2750 10
307 2759 9
308 2769 10
309 2778 9
310 2787 9
311 2794 7
312 2803 9
313 2812 9
314 2821 9
315 2831 10
316 2838 7
317 2846 8
318 2856 10
319 2866 10
320 2875 9
321 2885 10
322 2895 10
323 2904 9
324 2914 10
325 2923 9
326 2932 9
327 2942 10
328 2951 9
329 2958 7
330 2966 8
331 2975 9
332 2984 9
333 2994 10
334 3003 9
335 3012 9
336 3020 8
337 3027 7
338 3036 9
339 3046 10
340 3055 9
341 3064 9
342 3073 9
343 3083 10
344 3093 10
345 3103 10
346 3111 8
347 3121 10
348 3129 8
349 3139 10
350 3149 10
351 3158 9
352 3168 10
353 3177 9
354 3185 8
355 3195 10
356 3203 8
357 3212 9
358 3222 10
359 3230 8
360 3239 9
361 3249 10
362 3258 9
363 3268 10
364 3277 9
365 3287 10
366 3297 10
367 3306 9
368 3315 9
369 3324 9
370 3334 10
371 3344 10
372 3353 9
373 3363 10
374 3373 10
375 3382 9
376 3391 9
377 3400 9
378 3409 9
379 3419 10
380 3428 9
381 3438 10
382 3445 7
383 3453 8
384 3460 7
385 3469 9
386 3478 9
387 3487 9
388 3497 10
389 3506 9
390 3515 9
391 3524 9
392 3531 7
393 3540 9
394 3550 10
395 3560 10
396 3569 9
397 3578 9
398 3587 9
399 3596 9
400 3604 8
401 3613 9
402 3622 9
403 3632 10
404 3639 7
405 3647 8
406 3656 9
407 3666 10
408 3675 9
409 3685 10
410 3694 9
411 3703 9
412 3713 10
413 3722 9
414 3732 10
415 3740 8
416 3750 10
417 3759 9
418 3768 9
419 3778 10
420 3788 10
421 3797 9
422 3807 10
423 3817 10
424 3825 8
425 3833 8
426 3843 10
427 3853 10
428 3862 9
429 3871 9
430 3880 9
431 3890 10
432 3899 9
433 3907 8
434 3917 10
435 3927 10
436 3936 9
437 3944 8
438 3953 9
439 3962 9
440 3971 9
441 3980 9
442 3988 8
443 3997 9
444 4007 10
445 4016 9
446 4026 10
447 4035 9
448 4045 10
449 4054 9
450 4064 10
451 4074 10
452 4083 9
453 4091 8
454 4101 10
455 4111 10
456 4119 8
457 4128 9
458 4137 9
459 4147 10
460 4157 10
461 4166 9
462 4174 8
463 4184 10
464 4193 9
465 4203 10
466 4212 9
467 4221 9
468 4229 8
469 4239 10
470 4249 10
471 4259 10
472 4269 10
473 4278 9
474 4286 8
475 4294 8
476 4304 10
477 4313 9
478 4322 9
479 4331 9
480 4340 9
481 4350 10
482 4359 9
483 4368 9
484 4377 9
485 4385 8
486 4395 10
487 4404 9
488 4412 8
489 4421 9
490 4429 8
491 4437 8
492 4447 10
493 4457 10
494 4467 10
495 4477 10
496 4487 10
497 4496 9
498 4505 9
499 4515 10
500 4525 10
