1 4 4
2 10 6
3 16 6
4 20 4
5 26 6
6 33 7
7 40 7
8 45 5
9 53 8
10 62 9
11 68 6
12 75 7
13 80 5
14 89 9
15 95 6
16 101 6
17 110 9
18 119 9
19 128 9
20 138 10
21 146 8
22 150 4
23 158 8
24 166 8
25 174 8
26 182 8
27 192 10
28 200 8
29 209 9
30 217 8
31 227 10
32 236 9
33 245 9
34 254 9
35 262 8
36 270 8
37 278 8
38 287 9
39 295 8
40 303 8
41 313 10
42 319 6
43 327 8
44 335 8
45 344 9
46 352 8
47 361 9
48 369 8
49 377 8
50 386 9
51 396 10
52 403 7
53 411 8
54 421 10
55 430 9
56 440 10
57 449 9
58 457 8
59 466 9
60 475 9
61 485 10
62 492 7
63 501 9
64 510 9
65 520 10
66 529 9
67 538 9
68 547 9
69 555 8
70 565 10
71 575 10
72 581 6
73 591 10
74 600 9
75 610 10
76 619 9
77 626 7
78 633 7
79 641 8
80 649 8
81 658 9
82 668 10
83 678 10
84 688 10
85 697 9
86 707 10
87 715 8
88 724 9
89 734 10
90 744 10
91 752 8
92 761 9
93 770 9
94 779 9
95 789 10
96 798 9
97 808 10
98 818 10
99 828 10
100 838 10
101 847 9
102 857 10
103 866 9
104 875 9
105 883 8
106 892 9
107 900 8
108 910 10
109 919 9
110 927 8
111 935 8
112 942 7
113 952 10
114 961 9
115 970 9
116 980 10
117 989 9
118 999 10
119 1009 10
120 1018 9
121 1028 10
122 1037 9
123 1047 10
124 1055 8
125 1064 9
126 1073 9
127 1082 9
128 1092 10
129 1101 9
130 1109 8
131 1117 8
132 1126 9
133 1135 9
134 1145 10
135 1154 9
136 1164 10
137 1173 9
138 1182 9
139 1191 9
140 1200 9
141 1210 10
142 1217 7
143 1227 10
144 1236 9
145 1246 10
146 1255 9
147 1262 7
148 1271 9
149 1281 10
150 1291 10
151 1301 10
152 1311 10
153 1321 10
154 1329 8
155 1339 10
156 1349 10
157 1359 10
158 1367 8
159 1376 9
160 1384 8
161 1394 10
162 1403 9
163 1413 10
164 1422 9
165 1432 10
166 1442 10
167 1451 9
168 1461 10
169 1470 9
170 1478 8
171 1486 8
172 1495 9
173 1504 9
174 1512 8
175 1521 9
176 1531 10
177 1539 8
178 1549 10
179 1558 9
180 1568 10
181 1578 10
182 1588 10
183 1598 10
184 1607 9
185 1615 8
186 1624 9
187 1634 10
188 1644 10
189 1653 9
190 1661 8
191 1671 10
192 1680 9
193 1689 9
194 1697 8
195 1707 10
196 1716 9
197 1725 9
198 1734 9
199 1741 7
200 1750 9
201 1760 10
202 1769 9
203 1779 10
204 1789 10
205 1799 10
206 1809 10
207 1818 9
208 1828 10
209 1838 10
210 1847 9
211 1856 9
212 1865 9
213 1874 9
214 1884 10
215 1893 9
216 1900 7
217 1910 10
218 1919 9
219 1927 8
220 1936 9
221 1944 8
222 1953 9
223 1961 8
224 1971 10
225 1981 10
226 1991 10
227 2001 10
228 2010 9
229 2019 9
230 2028 9
231 2036 8
232 2045 9
233 2054 9
234 2064 10
235 2073 9
236 2082 9
237 2091 9
238 2101 10
239 2110 9
240 2119 9
241 2127 8
242 2137 10
243 2146 9
244 2154 8
245 2163 9
246 2173 10
247 2183 10
248 2192 9
249 2202 10
250 2211 9
251 2220 9
252 2229 9
253 2237 8
254 2246 9
255 2254 8
256 2264 10
257 2274 10
258 2281 7
259 2290 9
260 2299 9
261 2308 9
262 2316 8
263 2326 10
264 2336 10
265 2346 10
266 2355 9
267 2365 10
268 2375 10
269 2385 10
270 2395 10
271 2404 9
272 2411 7
273 2420 9
274 2428 8
275 2438 10
276 2448 10
277 2456 8
278 2463 7
279 2472 9
280 2480 8
281 2489 9
282 2498 9
283 2507 9
284 2516 9
285 2523 7
286 2533 10
287 2542 9
288 2552 10
289 2560 8
290 2569 9
291 2578 9
292 2588 10
293 2596 8
294 2606 10
295 2615 9
296 2622 7
297 2630 8
298 2638 8
299 2648 10
300 2657 9
301 2667 10
302 2676 9
303 2685 9
304 2695 10
305 2705 10
306 2715 10
307 2722 7
308 2732 10
309 2742 10
310 2752 10
311 2760 8
312 2769 9
313 2777 8
314 2786 9
315 2796 10
316 2805 9
317 2813 8
318 2823 10
319 2829 6
320 2837 8
321 2846 9
322 2855 9
323 2865 10
324 2875 10
325 2884 9
326 2894 10
327 2902 8
328 2910 8
329 2919 9
330 2927 8
331 2937 10
332 2945 8
333 2954 9
334 2964 10
335 2974 10
336 2984 10
337 2994 10
338 3004 10
339 3013 9
340 3022 9
341 3032 10
342 3040 8
343 3050 10
344 3060 10
345 3070 10
346 3079 9
347 3089 10
348 3099 10
349 3108 9
350 3118 10
351 3127 9
352 3135 8
353 3145 10
354 3155 10
355 3164 9
356 3174 10
357 3184 10
358 3193 9
359 3203 10
360 3211 8
361 3219 8
362 3229 10
363 3238 9
364 3246 8
365 3256 10
366 3266 10
367 3275 9
368 3284 9
369 3293 9
370 3302 9
371 3312 10
372 3321 9
373 3331 10
374 3341 10
375 3350 9
376 3360 10
377 3368 8
378 3375 7
379 3385 10
380 3394 9
381 3404 10
382 3414 10
383 3421 7
384 3430 9
385 3439 9
386 3449 10
387 3459 10
388 3469 10
389 3477 8
390 3487 10
391 3496 9
392 3506 10
393 3516 10
394 3524 8
395 3534 10
396 3544 10
397 3553 9
398 3561 8
399 3571 10
400 3580 9
401 3589 9
402 3597 8
403 3607 10
404 3617 10
405 3626 9
406 3634 8
407 3643 9
408 3653 10
409 3661 8
410 3670 9
411 3680 10
412 3689 9
413 3699 10
414 3708 9
415 3717 9
416 3727 10
417 3736 9
418 3744 8
419 3754 10
420 3763 9
421 3770 7
422 3780 10
423 3786 6
424 3796 10
425 3806 10
426 3816 10
427 3826 10
428 3836 10
429 3843 7
430 3852 9
431 3862 10
432 3872 10
433 3882 10
434 3891 9
435 3900 9
436 3909 9
437 3917 8
438 3927 10
439 3936 9
440 3946 10
441 3956 10
442 3966 10
443 3975 9
444 3985 10
445 3994 9
446 4003 9
447 4013 10
448 4023 10
449 4033 10
450 4042 9
451 4052 10
452 4062 10
453 4071 9
454 4080 9
455 4090 10
456 4100 10
457 4110 10
458 4119 9
459 4128 9
460 4137 9
461 4146 9
462 4156 10
463 4165 9
464 4174 9
465 4184 10
466 4193 9
467 4203 10
468 4213 10
469 4222 9
470 4231 9
471 4241 10
472 4250 9
473 4260 10
474 4269 9
475 4277 8
476 4287 10
477 4296 9
478 4306 10
479 4315 9
480 4324 9
481 4333 9
482 4341 8
483 4350 9
484 4359 9
485 4368 9
486 4376 8
487 4386 10
488 4394 8
489 4404 10
490 4414 10
491 4424 10
492 4434 10
493 4442 8
494 4451 9
495 4461 10
496 4471 10
497 4480 9
498 4489 9
499 4498 9
500 4507 9
