1 4 4
2 7 3
3 14 7
4 22 8
5 30 8
6 37 7
7 45 8
8 51 6
9 59 8
10 66 7
11 73 7
12 83 10
13 90 7
14 96 6
15 101 5
16 109 8
17 118 9
18 125 7
19 133 8
20 142 9
21 150 8
22 155 5
23 163 8
24 171 8
25 178 7
26 184 6
27 191 7
28 200 9
29 209 9
30 217 8
31 225 8
32 234 9
33 241 7
34 250 9
35 260 10
36 269 9
37 276 7
38 286 10
39 295 9
40 304 9
41 311 7
42 319 8
43 327 8
44 335 8
45 345 10
46 353 8
47 360 7
48 368 8
49 377 9
50 386 9
51 393 7
52 402 9
53 411 9
54 421 10
55 430 9
56 435 5
57 444 9
58 452 8
59 461 9
60 469 8
61 477 8
62 487 10
63 495 8
64 505 10
65 514 9
66 524 10
67 532 8
68 542 10
69 551 9
70 560 9
71 570 10
72 578 8
73 586 8
74 596 10
75 604 8
76 613 9
77 621 8
78 629 8
79 639 10
80 648 9
81 657 9
82 665 8
83 675 10
84 683 8
85 692 9
86 699 7
87 709 10
88 718 9
89 725 7
90 734 9
91 742 8
92 752 10
93 761 9
94 769 8
95 778 9
96 786 8
97 796 10
98 804 8
99 812 8
100 819 7
101 828 9
102 835 7
103 842 7
104 849 7
105 856 7
106 864 8
107 874 10
108 884 10
109 891 7
110 901 10
111 909 8
112 919 10
113 927 8
114 935 8
115 944 9
116 953 9
117 962 9
118 970 8
119 979 9
120 988 9
121 998 10
122 1007 9
123 1017 10
124 1026 9
125 1036 10
126 1046 10
127 1056 10
128 1065 9
129 1074 9
130 1079 5
131 1089 10
132 1098 9
133 1107 9
134 1117 10
135 1126 9
136 1134 8
137 1142 8
138 1150 8
139 1159 9
140 1169 10
141 1179 10
142 1187 8
143 1195 8
144 1204 9
145 1212 8
146 1220 8
147 1228 8
148 1238 10
149 1244 6
150 1252 8
151 1262 10
152 1270 8
153 1278 8
154 1287 9
155 1296 9
156 1304 8
157 1313 9
158 1322 9
159 1332 10
160 1342 10
161 1352 10
162 1362 10
163 1370 8
164 1380 10
165 1390 10
166 1400 10
167 1409 9
168 1419 10
169 1429 10
170 1439 10
171 1448 9
172 1458 10
173 1468 10
174 1477 9
175 1487 10
176 1497 10
177 1507 10
178 1517 10
179 1525 8
180 1532 7
181 1541 9
182 1550 9
183 1559 9
184 1567 8
185 1576 9
186 1586 10
187 1595 9
188 1603 8
189 1611 8
190 1620 9
191 1628 8
192 1638 10
193 1648 10
194 1656 8
195 1666 10
196 1675 9
197 1683 8
198 1691 8
199 1699 8
200 1709 10
201 1717 8
202 1726 9
203 1736 10
204 1746 10
205 1756 10
206 1763 7
207 1771 8
208 1780 9
209 1786 6
210 1796 10
211 1804 8
212 1812 8
213 1821 9
214 1831 10
215 1841 10
216 1851 10
217 1860 9
218 1870 10
219 1878 8
220 1887 9
221 1897 10
222 1905 8
223 1915 10
224 1925 10
225 1935 10
226 1942 7
227 1952 10
228 1961 9
229 1969 8
230 1978 9
231 1987 9
232 1996 9
233 2004 8
234 2011 7
235 2020 9
236 2028 8
237 2038 10
238 2047 9
239 2057 10
240 2064 7
241 2073 9
242 2083 10
243 2092 9
244 2101 9
245 2110 9
246 2120 10
247 2128 8
248 2136 8
249 2145 9
250 2155 10
251 2164 9
252 2174 10
253 2184 10
254 2192 8
255 2201 9
256 2210 9
257 2217 7
258 2226 9
259 2235 9
260 2245 10
261 2254 9
262 2264 10
263 2273 9
264 2283 10
265 2291 8
266 2299 8
267 2308 9
268 2317 9
269 2327 10
270 2336 9
271 2346 10
272 2356 10
273 2365 9
274 2374 9
275 2383 9
276 2393 10
277 2401 8
278 2411 10
279 2419 8
280 2429 10
281 2439 10
282 2446 7
283 2456 10
284 2466 10
285 2476 10
286 2484 8
287 2493 9
288 2503 10
289 2511 8
290 2518 7
291 2528 10
292 2538 10
293 2548 10
294 2556 8
295 2565 9
296 2574 9
297 2584 10
298 2593 9
299 2602 9
300 2611 9
301 2620 9
302 2630 10
303 2638 8
304 2647 9
305 2657 10
306 2667 10
307 2676 9
308 2686 10
309 2696 10
310 2706 10
311 2714 8
312 2723 9
313 2731 8
314 2741 10
315 2751 10
316 2759 8
317 2769 10
318 2778 9
319 2788 10
320 2797 9
321 2807 10
322 2817 10
323 2827 10
324 2837 10
325 2846 9
326 2856 10
327 2866 10
328 2875 9
329 2885 10
330 2894 9
331 2904 10
332 2913 9
333 2922 9
334 2932 10
335 2941 9
336 2951 10
337 2960 9
338 2970 10
339 2977 7
340 2986 9
341 2996 10
342 3006 10
343 3016 10
344 3025 9
345 3032 7
346 3042 10
347 3052 10
348 3062 10
349 3071 9
350 3081 10
351 3089 8
352 3099 10
353 3108 9
354 3118 10
355 3128 10
356 3138 10
357 3148 10
358 3157 9
359 3165 8
360 3174 9
361 3183 9
362 3193 10
363 3202 9
364 3211 9
365 3220 9
366 3230 10
367 3240 10
368 3249 9
369 3258 9
370 3267 9
371 3277 10
372 3287 10
373 3295 8
374 3305 10
375 3314 9
376 3323 9
377 3331 8
378 3341 10
379 3350 9
380 3359 9
381 3369 10
382 3377 8
383 3386 9
384 3394 8
385 3404 10
386 3411 7
387 3420 9
388 3429 9
389 3439 10
390 3448 9
391 3458 10
392 3468 10
393 3477 9
394 3486 9
395 3495 9
396 3503 8
397 3513 10
398 3523 10
399 3532 9
400 3540 8
401 3549 9
402 3556 7
403 3566 10
404 3576 10
405 3586 10
406 3596 10
407 3606 10
408 3615 9
409 3625 10
410 3634 9
411 3644 10
412 3654 10
413 3663 9
414 3671 8
415 3680 9
416 3689 9
417 3698 9
418 3708 10
419 3717 9
420 3727 10
421 3736 9
422 3744 8
423 3752 8
424 3762 10
425 3770 8
426 3779 9
427 3789 10
428 3799 10
429 3809 10
430 3819 10
431 3828 9
432 3838 10
433 3848 10
434 3858 10
435 3868 10
436 3878 10
437 3886 8
438 3896 10
439 3905 9
440 3914 9
441 3923 9
442 3933 10
443 3943 10
444 3952 9
445 3959 7
446 3967 8
447 3977 10
448 3986 9
449 3996 10
450 4006 10
451 4013 7
452 4022 9
453 4031 9
454 4040 9
455 4048 8
456 4057 9
457 4066 9
458 4075 9
459 4085 10
460 4093 8
461 4103 10
462 4113 10
463 4123 10
464 4133 10
465 4143 10
466 4153 10
467 4163 10
468 4173 10
469 4181 8
470 4190 9
471 4199 9
472 4209 10
473 4218 9
474 4228 10
475 4238 10
476 4248 10
477 4257 9
478 4266 9
479 4276 10
480 4284 8
481 4294 10
482 4304 10
483 4314 10
484 4324 10
485 4333 9
486 4342 9
487 4352 10
488 4358 6
489 4368 10
490 4378 10
491 4388 10
492 4398 10
493 4408 10
494 4417 9
495 4425 8
496 4435 10
497 4445 10
498 4455 10
499 4465 10
500 4474 9
