1 5 5
2 12 7
3 17 5
4 22 5
5 29 7
6 34 5
7 38 4
8 41 3
9 48 7
10 54 6
11 62 8
12 69 7
13 76 7
14 84 8
15 92 8
16 100 8
17 109 9
18 115 6
19 123 8
20 130 7
21 136 6
22 145 9
23 152 7
24 161 9
25 169 8
26 178 9
27 187 9
28 196 9
29 203 7
30 210 7
31 219 9
32 225 6
33 232 7
34 240 8
35 248 8
36 257 9
37 266 9
38 275 9
39 283 8
40 293 10
41 302 9
42 311 9
43 321 10
44 329 8
45 336 7
46 345 9
47 353 8
48 361 8
49 369 8
50 377 8
51 387 10
52 395 8
53 405 10
54 415 10
55 424 9
56 432 8
57 442 10
58 451 9
59 458 7
60 467 9
61 476 9
62 484 8
63 493 9
64 502 9
65 512 10
66 520 8
67 530 10
68 538 8
69 548 10
70 557 9
71 566 9
72 576 10
73 585 9
74 594 9
75 604 10
76 611 7
77 619 8
78 628 9
79 637 9
80 647 10
81 657 10
82 666 9
83 676 10
84 686 10
85 695 9
86 704 9
87 714 10
88 724 10
89 732 8
90 739 7
91 747 8
92 757 10
93 765 8
94 774 9
95 784 10
96 790 6
97 799 9
98 808 9
99 818 10
100 827 9
101 834 7
102 841 7
103 851 10
104 860 9
105 869 9
106 879 10
107 889 10
108 897 8
109 906 9
110 914 8
111 923 9
112 932 9
113 941 9
114 951 10
115 960 9
116 968 8
117 977 9
118 986 9
119 995 9
120 1003 8
121 1012 9
122 1021 9
123 1030 9
124 1039 9
125 1047 8
126 1055 8
127 1064 9
128 1074 10
129 1082 8
130 1090 8
131 1099 9
132 1108 9
133 1118 10
134 1128 10
135 1137 9
136 1145 8
137 1154 9
138 1164 10
139 1174 10
140 1182 8
141 1192 10
142 1201 9
143 1211 10
144 1220 9
145 1229 9
146 1239 10
147 1246 7
148 1256 10
149 1265 9
150 1274 9
151 1283 9
152 1292 9
153 1302 10
154 1311 9
155 1320 9
156 1327 7
157 1337 10
158 1347 10
159 1356 9
160 1364 8
161 1373 9
162 1383 10
163 1392 9
164 1401 9
165 1409 8
166 1417 8
167 1426 9
168 1435 9
169 1444 9
170 1454 10
171 1464 10
172 1474 10
173 1482 8
174 1492 10
175 1502 10
176 1512 10
177 1522 10
178 1531 9
179 1537 6
180 1547 10
181 1557 10
182 1566 9
183 1575 9
184 1583 8
185 1591 8
186 1601 10
187 1611 10
188 1620 9
189 1630 10
190 1639 9
191 1647 8
192 1657 10
193 1667 10
194 1676 9
195 1685 9
196 1694 9
197 1704 10
198 1713 9
199 1722 9
200 1730 8
201 1738 8
202 1747 9
203 1757 10
204 1764 7
205 1773 9
206 1781 8
207 1790 9
208 1800 10
209 1809 9
210 1817 8
211 1827 10
212 1837 10
213 1846 9
214 1855 9
215 1864 9
216 1873 9
217 1883 10
218 1890 7
219 1900 10
220 1910 10
221 1918 8
222 1927 9
223 1936 9
224 1945 9
225 1955 10
226 1965 10
227 1974 9
228 1983 9
229 1993 10
230 2003 10
231 2010 7
232 2020 10
233 2029 9
234 2037 8
235 2046 9
236 2054 8
237 2064 10
238 2074 10
239 2080 6
240 2088 8
241 2096 8
242 2106 10
243 2115 9
244 2125 10
245 2134 9
246 2144 10
247 2153 9
248 2161 8
249 2171 10
250 2180 9
251 2188 8
252 2197 9
253 2203 6
254 2213 10
255 2222 9
256 2232 10
257 2241 9
258 2249 8
259 2259 10
260 2269 10
261 2278 9
262 2288 10
263 2298 10
264 2308 10
265 2318 10
266 2326 8
267 2335 9
268 2345 10
269 2355 10
270 2364 9
271 2373 9
272 2381 8
273 2391 10
274 2401 10
275 2409 8
276 2419 10
277 2427 8
278 2436 9
279 2445 9
280 2453 8
281 2461 8
282 2471 10
283 2480 9
284 2490 10
285 2500 10
286 2510 10
287 2520 10
288 2529 9
289 2539 10
290 2548 9
291 2558 10
292 2567 9
293 2575 8
294 2585 10
295 2593 8
296 2600 7
297 2609 9
298 2619 10
299 2627 8
300 2636 9
301 2644 8
302 2652 8
303 2662 10
304 2670 8
305 2678 8
306 2686 8
307 2694 8
308 2704 10
309 2713 9
310 2722 9
311 2731 9
312 2739 8
313 2749 10
314 2759 10
315 2768 9
316 2775 7
317 2783 8
318 2793 10
319 2802 9
320 2811 9
321 2818 7
322 2825 7
323 2835 10
324 2843 8
325 2852 9
326 2861 9
327 2871 10
328 2879 8
329 2887 8
330 2895 8
331 2903 8
332 2912 9
333 2920 8
334 2930 10
335 2939 9
336 2948 9
337 2956 8
338 2965 9
339 2974 9
340 2983 9
341 2993 10
342 3003 10
343 3012 9
344 3021 9
345 3031 10
346 3040 9
347 3048 8
348 3058 10
349 3065 7
350 3074 9
351 3082 8
352 3092 10
353 3101 9
354 3110 9
355 3119 9
356 3129 10
357 3139 10
358 3149 10
359 3158 9
360 3168 10
361 3178 10
362 3187 9
363 3197 10
364 3206 9
365 3216 10
366 3226 10
367 3235 9
368 3242 7
369 3251 9
370 3261 10
371 3269 8
372 3279 10
373 3289 10
374 3298 9
375 3307 9
376 3315 8
377 3325 10
378 3334 9
379 3344 10
380 3352 8
381 3361 9
382 3371 10
383 3381 10
384 3389 8
385 3399 10
386 3407 8
387 3416 9
388 3423 7
389 3431 8
390 3441 10
391 3450 9
392 3460 10
393 3469 9
394 3479 10
395 3489 10
396 3499 10
397 3507 8
398 3515 8
399 3525 10
400 3534 9
401 3544 10
402 3554 10
403 3564 10
404 3574 10
405 3583 9
406 3591 8
407 3601 10
408 3611 10
409 3621 10
410 3631 10
411 3641 10
412 3650 9
413 3660 10
414 3669 9
415 3678 9
416 3688 10
417 3698 10
418 3707 9
419 3716 9
420 3726 10
421 3735 9
422 3745 10
423 3754 9
424 3763 9
425 3771 8
426 3780 9
427 3789 9
428 3799 10
429 3808 9
430 3818 10
431 3827 9
432 3836 9
433 3846 10
434 3855 9
435 3864 9
436 3873 9
437 3883 10
438 3892 9
439 3901 9
440 3911 10
441 3921 10
442 3930 9
443 3940 10
444 3950 10
445 3958 8
446 3968 10
447 3978 10
448 3988 10
449 3997 9
450 4007 10
451 4017 10
452 4026 9
453 4035 9
454 4045 10
455 4055 10
456 4065 10
457 4074 9
458 4083 9
459 4092 9
460 4100 8
461 4108 8
462 4118 10
463 4126 8
464 4136 10
465 4145 9
466 4155 10
467 4165 10
468 4173 8
469 4183 10
470 4193 10
471 4202 9
472 4211 9
473 4221 10
474 4230 9
475 4239 9
476 4248 9
477 4255 7
478 4264 9
479 4273 9
480 4282 9
481 4292 10
482 4301 9
483 4310 9
484 4317 7
485 4325 8
486 4333 8
487 4342 9
488 4351 9
489 4359 8
490 4368 9
491 4377 9
492 4387 10
493 4397 10
494 4404 7
495 4413 9
496 4422 9
497 4431 9
498 4441 10
499 4449 8
500 4459 10
