1 6 6
2 12 6
3 18 6
4 25 7
5 31 6
6 39 8
7 45 6
8 52 7
9 59 7
10 66 7
11 74 8
12 82 8
13 88 6
14 96 8
15 103 7
16 113 10
17 120 7
18 128 8
19 136 8
20 145 9
21 152 7
22 160 8
23 167 7
24 173 6
25 181 8
26 189 8
27 198 9
28 207 9
29 215 8
30 222 7
31 232 10
32 240 8
33 248 8
34 258 10
35 266 8
36 275 9
37 284 9
38 293 9
39 303 10
40 311 8
41 319 8
42 329 10
43 339 10
44 348 9
45 358 10
46 367 9
47 374 7
48 384 10
49 392 8
50 400 8
51 407 7
52 417 10
53 426 9
54 434 8
55 440 6
56 450 10
57 458 8
58 467 9
59 476 9
60 486 10
61 495 9
62 503 8
63 512 9
64 521 9
65 530 9
66 539 9
67 548 9
68 556 8
69 566 10
70 575 9
71 584 9
72 593 9
73 602 9
74 609 7
75 618 9
76 628 10
77 637 9
78 647 10
79 654 7
80 664 10
81 674 10
82 681 7
83 691 10
84 701 10
85 710 9
86 718 8
87 728 10
88 737 9
89 744 7
90 754 10
91 763 9
92 773 10
93 783 10
94 791 8
95 799 8
96 806 7
97 816 10
98 825 9
99 835 10
100 845 10
101 855 10
102 863 8
103 871 8
104 880 9
105 888 8
106 897 9
107 906 9
108 915 9
109 924 9
110 932 8
111 942 10
112 952 10
113 958 6
114 967 9
115 975 8
116 985 10
117 992 7
118 1001 9
119 1011 10
120 1020 9
121 1027 7
122 1037 10
123 1046 9
124 1055 9
125 1063 8
126 1072 9
127 1081 9
128 1091 10
129 1100 9
130 1109 9
131 1119 10
132 1128 9
133 1137 9
134 1146 9
135 1154 8
136 1164 10
137 1173 9
138 1182 9
139 1192 10
140 1202 10
141 1212 10
142 1221 9
143 1230 9
144 1240 10
145 1249 9
146 1258 9
147 1267 9
148 1276 9
149 1285 9
150 1295 10
151 1305 10
152 1314 9
153 1324 10
154 1332 8
155 1341 9
156 1351 10
157 1359 8
158 1368 9
159 1378 10
160 1387 9
161 1397 10
162 1407 10
163 1416 9
164 1424 8
165 1433 9
166 1442 9
167 1452 10
168 1460 8
169 1469 9
170 1478 9
171 1486 8
172 1496 10
173 1504 8
174 1514 10
175 1522 8
176 1532 10
177 1542 10
178 1551 9
179 1561 10
180 1570 9
181 1579 9
182 1589 10
183 1597 8
184 1605 8
185 1615 10
186 1625 10
187 1633 8
188 1641 8
189 1650 9
190 1660 10
191 1670 10
192 1678 8
193 1687 9
194 1696 9
195 1705 9
196 1713 8
197 1722 9
198 1730 8
199 1740 10
200 1748 8
201 1756 8
202 1764 8
203 1773 9
204 1782 9
205 1792 10
206 1802 10
207 1812 10
208 1821 9
209 1829 8
210 1839 10
211 1847 8
212 1857 10
213 1867 10
214 1877 10
215 1887 10
216 1895 8
217 1904 9
218 1912 8
219 1922 10
220 1929 7
221 1938 9
222 1947 9
223 1954 7
224 1962 8
225 1972 10
226 1981 9
227 1990 9
228 1999 9
229 2009 10
230 2018 9
231 2028 10
232 2037 9
233 2047 10
234 2057 10
235 2066 9
236 2075 9
237 2085 10
238 2094 9
239 2103 9
240 2112 9
241 2121 9
242 2130 9
243 2139 9
244 2148 9
245 2157 9
246 2164 7
247 2173 9
248 2181 8
249 2190 9
250 2200 10
251 2209 9
252 2218 9
253 2226 8
254 2236 10
255 2246 10
256 2252 6
257 2262 10
258 2271 9
259 2281 10
260 2289 8
261 2299 10
262 2307 8
263 2315 8
264 2325 10
265 2334 9
266 2343 9
267 2353 10
268 2363 10
269 2372 9
270 2382 10
271 2391 9
272 2401 10
273 2410 9
274 2419 9
275 2427 8
276 2436 9
277 2445 9
278 2454 9
279 2464 10
280 2474 10
281 2483 9
282 2491 8
283 2501 10
284 2511 10
285 2520 9
286 2529 9
287 2538 9
288 2548 10
289 2556 8
290 2564 8
291 2574 10
292 2583 9
293 2591 8
294 2600 9
295 2607 7
296 2617 10
297 2626 9
298 2635 9
299 2644 9
300 2654 10
301 2664 10
302 2672 8
303 2681 9
304 2691 10
305 2700 9
306 2709 9
307 2717 8
308 2725 8
309 2734 9
310 2744 10
311 2752 8
312 2762 10
313 2772 10
314 2780 8
315 2790 10
316 2800 10
317 2808 8
318 2818 10
319 2828 10
320 2838 10
321 2847 9
322 2855 8
323 2865 10
324 2874 9
325 2882 8
326 2892 10
327 2901 9
328 2910 9
329 2919 9
330 2929 10
331 2938 9
332 2948 10
333 2957 9
334 2967 10
335 2976 9
336 2985 9
337 2993 8
338 3002 9
339 3012 10
340 3022 10
341 3032 10
342 3042 10
343 3052 10
344 3060 8
345 3069 9
346 3079 10
347 3089 10
348 3098 9
349 3108 10
350 3118 10
351 3125 7
352 3135 10
353 3143 8
354 3153 10
355 3162 9
356 3170 8
357 3180 10
358 3190 10
359 3200 10
360 3210 10
361 3220 10
362 3228 8
363 3236 8
364 3245 9
365 3255 10
366 3264 9
367 3274 10
368 3283 9
369 3291 8
370 3299 8
371 3309 10
372 3319 10
373 3327 8
374 3336 9
375 3345 9
376 3354 9
377 3363 9
378 3372 9
379 3382 10
380 3391 9
381 3400 9
382 3408 8
383 3418 10
384 3427 9
385 3436 9
386 3445 9
387 3455 10
388 3462 7
389 3472 10
390 3482 10
391 3491 9
392 3501 10
393 3510 9
394 3520 10
395 3530 10
396 3539 9
397 3549 10
398 3559 10
399 3568 9
400 3578 10
401 3588 10
402 3597 9
403 3606 9
404 3615 9
405 3622 7
406 3632 10
407 3642 10
408 3652 10
409 3662 10
410 3671 9
411 3681 10
412 3691 10
413 3698 7
414 3708 10
415 3717 9
416 3724 7
417 3733 9
418 3742 9
419 3751 9
420 3761 10
421 3771 10
422 3781 10
423 3791 10
424 3801 10
425 3811 10
426 3820 9
427 3830 10
428 3837 7
429 3847 10
430 3856 9
431 3866 10
432 3874 8
433 3883 9
434 3892 9
435 3902 10
436 3910 8
437 3918 8
438 3928 10
439 3938 10
440 3947 9
441 3957 10
442 3966 9
443 3974 8
444 3983 9
445 3993 10
446 4003 10
447 4011 8
448 4021 10
449 4030 9
450 4038 8
451 4047 9
452 4056 9
453 4065 9
454 4074 9
455 4083 9
456 4092 9
457 4102 10
458 4112 10
459 4122 10
460 4132 10
461 4142 10
462 4150 8
463 4160 10
464 4168 8
465 4178 10
466 4186 8
467 4193 7
468 4203 10
469 4213 10
470 4223 10
471 4232 9
472 4242 10
473 4251 9
474 4261 10
475 4270 9
476 4280 10
477 4290 10
478 4299 9
479 4308 9
480 4316 8
481 4322 6
482 4331 9
483 4340 9
484 4350 10
485 4359 9
486 4368 9
487 4378 10
488 4388 10
489 4397 9
490 4406 9
491 4414 8
492 4424 10
493 4433 9
494 4441 8
495 4451 10
496 4461 10
497 4468 7
498 4477 9
499 4487 10
500 4496 9
