1 3 3
2 7 4
3 13 6
4 20 7
5 22 2
6 28 6
7 36 8
8 41 5
9 49 8
10 57 8
11 63 6
12 70 7
13 77 7
14 82 5
15 86 4
16 90 4
17 98 8
18 106 8
19 115 9
20 121 6
21 129 8
22 137 8
23 146 9
24 156 10
25 163 7
26 171 8
27 178 7
28 185 7
29 191 6
30 198 7
31 208 10
32 214 6
33 224 10
34 233 9
35 242 9
36 250 8
37 259 9
38 269 10
39 278 9
40 286 8
41 295 9
42 304 9
43 313 9
44 321 8
45 329 8
46 338 9
47 346 8
48 356 10
49 363 7
50 373 10
51 383 10
52 390 7
53 400 10
54 407 7
55 416 9
56 425 9
57 433 8
58 442 9
59 450 8
60 458 8
61 467 9
62 474 7
63 483 9
64 492 9
65 499 7
66 508 9
67 516 8
68 526 10
69 532 6
70 542 10
71 550 8
72 559 9
73 569 10
74 578 9
75 586 8
76 593 7
77 603 10
78 613 10
79 622 9
80 631 9
81 641 10
82 650 9
83 660 10
84 667 7
85 676 9
86 686 10
87 696 10
88 705 9
89 713 8
90 721 8
91 729 8
92 738 9
93 747 9
94 756 9
95 765 9
96 774 9
97 783 9
98 793 10
99 801 8
100 811 10
101 820 9
102 829 9
103 839 10
104 848 9
105 857 9
106 865 8
107 874 9
108 883 9
109 893 10
110 903 10
111 912 9
112 920 8
113 929 9
114 937 8
115 946 9
116 955 9
117 962 7
118 971 9
119 981 10
120 989 8
121 999 10
122 1007 8
123 1016 9
124 1026 10
125 1036 10
126 1044 8
127 1051 7
128 1060 9
129 1070 10
130 1080 10
131 1086 6
132 1096 10
133 1105 9
134 1115 10
135 1125 10
136 1134 9
137 1144 10
138 1153 9
139 1163 10
140 1171 8
141 1181 10
142 1190 9
143 1200 10
144 1210 10
145 1219 9
146 1229 10
147 1236 7
148 1243 7
149 1253 10
150 1260 7
151 1268 8
152 1277 9
153 1286 9
154 1293 7
155 1301 8
156 1310 9
157 1319 9
158 1327 8
159 1334 7
160 1344 10
161 1354 10
162 1363 9
163 1373 10
164 1382 9
165 1392 10
166 1399 7
167 1408 9
168 1417 9
169 1425 8
170 1435 10
171 1445 10
172 1455 10
173 1463 8
174 1472 9
175 1481 9
176 1489 8
177 1498 9
178 1506 8
179 1515 9
180 1525 10
181 1532 7
182 1542 10
183 1549 7
184 1558 9
185 1567 9
186 1575 8
187 1584 9
188 1594 10
189 1604 10
190 1612 8
191 1621 9
192 1631 10
193 1641 10
194 1651 10
195 1660 9
196 1668 8
197 1677 9
198 1687 10
199 1695 8
200 1705 10
201 1715 10
202 1724 9
203 1732 8
204 1740 8
205 1748 8
206 1755 7
207 1763 8
208 1773 10
209 1783 10
210 1793 10
211 1802 9
212 1811 9
213 1820 9
214 1830 10
215 1839 9
216 1849 10
217 1857 8
218 1867 10
219 1876 9
220 1885 9
221 1894 9
222 1903 9
223 1912 9
224 1921 9
225 1931 10
226 1940 9
227 1950 10
228 1959 9
229 1969 10
230 1979 10
231 1989 10
232 1998 9
233 2007 9
234 2017 10
235 2027 10
236 2036 9
237 2046 10
238 2055 9
239 2064 9
240 2072 8
241 2081 9
242 2090 9
243 2100 10
244 2109 9
245 2117 8
246 2126 9
247 2134 8
248 2142 8
249 2151 9
250 2160 9
251 2170 10
252 2179 9
253 2189 10
254 2198 9
255 2207 9
256 2215 8
257 2223 8
258 2232 9
259 2241 9
260 2250 9
261 2259 9
262 2268 9
263 2277 9
264 2287 10
265 2296 9
266 2304 8
267 2314 10
268 2323 9
269 2333 10
270 2343 10
271 2353 10
272 2359 6
273 2367 8
274 2376 9
275 2386 10
276 2396 10
277 2406 10
278 2416 10
279 2423 7
280 2432 9
281 2442 10
282 2451 9
283 2461 10
284 2470 9
285 2480 10
286 2489 9
287 2497 8
288 2507 10
289 2516 9
290 2525 9
291 2535 10
292 2544 9
293 2554 10
294 2563 9
295 2572 9
296 2579 7
297 2589 10
298 2598 9
299 2608 10
300 2616 8
301 2625 9
302 2635 10
303 2644 9
304 2653 9
305 2663 10
306 2670 7
307 2680 10
308 2690 10
309 2699 9
310 2708 9
311 2714 6
312 2724 10
313 2734 10
314 2741 7
315 2750 9
316 2758 8
317 2768 10
318 2778 10
319 2788 10
320 2797 9
321 2806 9
322 2815 9
323 2824 9
324 2834 10
325 2842 8
326 2851 9
327 2860 9
328 2869 9
329 2879 10
330 2889 10
331 2897 8
332 2900 3
333 2910 10
334 2918 8
335 2928 10
336 2937 9
337 2946 9
338 2956 10
339 2964 8
340 2972 8
341 2980 8
342 2990 10
343 2999 9
344 3009 10
345 3018 9
346 3027 9
347 3035 8
348 3045 10
349 3054 9
350 3064 10
351 3074 10
352 3083 9
353 3093 10
354 3103 10
355 3113 10
356 3120 7
357 3130 10
358 3140 10
359 3150 10
360 3157 7
361 3167 10
362 3176 9
363 3186 10
364 3195 9
365 3205 10
366 3215 10
367 3224 9
368 3233 9
369 3243 10
370 3252 9
371 3262 10
372 3272 10
373 3282 10
374 3291 9
375 3300 9
376 3310 10
377 3319 9
378 3329 10
379 3339 10
380 3349 10
381 3359 10
382 3368 9
383 3377 9
384 3386 9
385 3395 9
386 3404 9
387 3413 9
388 3423 10
389 3433 10
390 3441 8
391 3449 8
392 3457 8
393 3464 7
394 3473 9
395 3483 10
396 3492 9
397 3501 9
398 3510 9
399 3520 10
400 3529 9
401 3538 9
402 3547 9
403 3557 10
404 3567 10
405 3575 8
406 3585 10
407 3594 9
408 3604 10
409 3613 9
410 3623 10
411 3632 9
412 3641 9
413 3651 10
414 3661 10
415 3671 10
416 3680 9
417 3689 9
418 3697 8
419 3706 9
420 3714 8
421 3723 9
422 3732 9
423 3741 9
424 3751 10
425 3761 10
426 3771 10
427 3780 9
428 3790 10
429 3800 10
430 3810 10
431 3820 10
432 3830 10
433 3840 10
434 3850 10
435 3859 9
436 3869 10
437 3879 10
438 3889 10
439 3899 10
440 3909 10
441 3917 8
442 3924 7
443 3934 10
444 3944 10
445 3952 8
446 3961 9
447 3970 9
448 3980 10
449 3988 8
450 3997 9
451 4006 9
452 4013 7
453 4022 9
454 4027 5
455 4036 9
456 4044 8
457 4054 10
458 4063 9
459 4070 7
460 4079 9
461 4088 9
462 4096 8
463 4104 8
464 4113 9
465 4123 10
466 4132 9
467 4142 10
468 4151 9
469 4159 8
470 4168 9
471 4178 10
472 4187 9
473 4197 10
474 4207 10
475 4217 10
476 4227 10
477 4237 10
478 4246 9
479 4255 9
480 4265 10
481 4275 10
482 4283 8
483 4293 10
484 4302 9
485 4311 9
486 4321 10
487 4329 8
488 4339 10
489 4348 9
490 4358 10
491 4365 7
492 4373 8
493 4381 8
494 4390 9
495 4399 9
496 4409 10
497 4418 9
498 4427 9
499 4435 8
500 4444 9
