1 6 6
2 12 6
3 15 3
4 22 7
5 26 4
6 32 6
7 38 6
8 44 6
9 52 8
10 58 6
11 65 7
12 72 7
13 79 7
14 85 6
15 93 8
16 102 9
17 109 7
18 117 8
19 126 9
20 135 9
21 144 9
22 151 7
23 159 8
24 168 9
25 176 8
26 185 9
27 193 8
28 202 9
29 211 9
30 220 9
31 228 8
32 236 8
33 246 10
34 253 7
35 262 9
36 271 9
37 281 10
38 289 8
39 298 9
40 306 8
41 315 9
42 323 8
43 332 9
44 341 9
45 351 10
46 361 10
47 370 9
48 377 7
49 387 10
50 396 9
51 403 7
52 410 7
53 418 8
54 427 9
55 437 10
56 447 10
57 456 9
58 465 9
59 475 10
60 484 9
61 494 10
62 504 10
63 513 9
64 522 9
65 532 10
66 540 8
67 546 6
68 555 9
69 563 8
70 570 7
71 579 9
72 587 8
73 595 8
74 604 9
75 613 9
76 623 10
77 632 9
78 641 9
79 649 8
80 658 9
81 668 10
82 676 8
83 685 9
84 692 7
85 700 8
86 710 10
87 720 10
88 730 10
89 738 8
90 748 10
91 756 8
92 766 10
93 776 10
94 785 9
95 795 10
96 803 8
97 811 8
98 820 9
99 829 9
100 838 9
101 847 9
102 855 8
103 865 10
104 874 9
105 883 9
106 893 10
107 903 10
108 911 8
109 921 10
110 928 7
111 935 7
112 943 8
113 952 9
114 962 10
115 970 8
116 979 9
117 988 9
118 998 10
119 1007 9
120 1017 10
121 1027 10
122 1037 10
123 1046 9
124 1055 9
125 1065 10
126 1074 9
127 1082 8
128 1092 10
129 1102 10
130 1111 9
131 1121 10
132 1131 10
133 1141 10
134 1150 9
135 1159 9
136 1168 9
137 1178 10
138 1186 8
139 1196 10
140 1204 8
141 1213 9
142 1220 7
143 1229 9
144 1238 9
145 1247 9
146 1257 10
147 1267 10
148 1277 10
149 1285 8
150 1295 10
151 1302 7
152 1311 9
153 1320 9
154 1329 9
155 1339 10
156 1349 10
157 1358 9
158 1366 8
159 1375 9
160 1384 9
161 1393 9
162 1402 9
163 1412 10
164 1419 7
165 1426 7
166 1435 9
167 1444 9
168 1454 10
169 1463 9
170 1472 9
171 1482 10
172 1492 10
173 1499 7
174 1509 10
175 1518 9
176 1527 9
177 1536 9
178 1546 10
179 1554 8
180 1564 10
181 1574 10
182 1583 9
183 1592 9
184 1601 9
185 1611 10
186 1619 8
187 1627 8
188 1636 9
189 1646 10
190 1655 9
191 1665 10
192 1675 10
193 1682 7
194 1690 8
195 1699 9
196 1709 10
197 1718 9
198 1728 10
199 1735 7
200 1744 9
201 1753 9
202 1763 10
203 1771 8
204 1780 9
205 1790 10
206 1797 7
207 1807 10
208 1813 6
209 1823 10
210 1833 10
211 1842 9
212 1851 9
213 1859 8
214 1868 9
215 1876 8
216 1886 10
217 1895 9
218 1905 10
219 1913 8
220 1920 7
221 1928 8
222 1938 10
223 1948 10
224 1957 9
225 1967 10
226 1976 9
227 1986 10
228 1995 9
229 2004 9
230 2011 7
231 2021 10
232 2031 10
233 2041 10
234 2050 9
235 2058 8
236 2068 10
237 2077 9
238 2084 7
239 2093 9
240 2103 10
241 2113 10
242 2123 10
243 2133 10
244 2142 9
245 2152 10
246 2162 10
247 2170 8
248 2179 9
249 2186 7
250 2195 9
251 2205 10
252 2215 10
253 2223 8
254 2233 10
255 2242 9
256 2249 7
257 2258 9
258 2265 7
259 2275 10
260 2285 10
261 2295 10
262 2305 10
263 2314 9
264 2323 9
265 2332 9
266 2341 9
267 2350 9
268 2359 9
269 2369 10
270 2377 8
271 2387 10
272 2397 10
273 2406 9
274 2416 10
275 2424 8
276 2431 7
277 2439 8
278 2447 8
279 2457 10
280 2467 10
281 2477 10
282 2487 10
283 2497 10
284 2506 9
285 2515 9
286 2522 7
287 2532 10
288 2542 10
289 2551 9
290 2561 10
291 2570 9
292 2580 10
293 2589 9
294 2596 7
295 2605 9
296 2615 10
297 2623 8
298 2631 8
299 2639 8
300 2648 9
301 2657 9
302 2667 10
303 2676 9
304 2685 9
305 2695 10
306 2703 8
307 2713 10
308 2723 10
309 2731 8
310 2741 10
311 2750 9
312 2756 6
313 2765 9
314 2775 10
315 2784 9
316 2794 10
317 2804 10
318 2813 9
319 2823 10
320 2831 8
321 2841 10
322 2849 8
323 2859 10
324 2869 10
325 2878 9
326 2888 10
327 2896 8
328 2904 8
329 2913 9
330 2920 7
331 2930 10
332 2939 9
333 2948 9
334 2958 10
335 2967 9
336 2976 9
337 2985 9
338 2993 8
339 3003 10
340 3012 9
341 3020 8
342 3029 9
343 3038 9
344 3048 10
345 3058 10
346 3066 8
347 3074 8
348 3083 9
349 3092 9
350 3101 9
351 3109 8
352 3117 8
353 3127 10
354 3135 8
355 3145 10
356 3153 8
357 3163 10
358 3170 7
359 3179 9
360 3189 10
361 3197 8
362 3207 10
363 3216 9
364 3225 9
365 3234 9
366 3244 10
367 3253 9
368 3262 9
369 3272 10
370 3280 8
371 3289 9
372 3298 9
373 3308 10
374 3318 10
375 3327 9
376 3337 10
377 3346 9
378 3355 9
379 3364 9
380 3371 7
381 3381 10
382 3390 9
383 3400 10
384 3409 9
385 3419 10
386 3428 9
387 3436 8
388 3446 10
389 3455 9
390 3464 9
391 3474 10
392 3481 7
393 3491 10
394 3501 10
395 3510 9
396 3520 10
397 3530 10
398 3539 9
399 3548 9
400 3557 9
401 3566 9
402 3576 10
403 3585 9
404 3595 10
405 3604 9
406 3614 10
407 3624 10
408 3634 10
409 3644 10
410 3654 10
411 3663 9
412 3672 9
413 3680 8
414 3689 9
415 3699 10
416 3707 8
417 3717 10
418 3726 9
419 3735 9
420 3745 10
421 3754 9
422 3761 7
423 3769 8
424 3779 10
425 3788 9
426 3796 8
427 3805 9
428 3814 9
429 3823 9
430 3833 10
431 3842 9
432 3851 9
433 3860 9
434 3868 8
435 3877 9
436 3885 8
437 3894 9
438 3903 9
439 3912 9
440 3922 10
441 3932 10
442 3942 10
443 3952 10
444 3962 10
445 3971 9
446 3981 10
447 3991 10
448 4001 10
449 4010 9
450 4020 10
451 4029 9
452 4038 9
453 4048 10
454 4058 10
455 4068 10
456 4077 9
457 4084 7
458 4093 9
459 4103 10
460 4113 10
461 4123 10
462 4131 8
463 4140 9
464 4149 9
465 4158 9
466 4167 9
467 4177 10
468 4186 9
469 4196 10
470 4205 9
471 4214 9
472 4222 8
473 4232 10
474 4242 10
475 4252 10
476 4261 9
477 4270 9
478 4276 6
479 4285 9
480 4294 9
481 4303 9
482 4311 8
483 4320 9
484 4330 10
485 4338 8
486 4347 9
487 4355 8
488 4364 9
489 4373 9
490 4383 10
491 4390 7
492 4399 9
493 4408 9
494 4416 8
495 4426 10
496 4436 10
497 4446 10
498 4454 8
499 4463 9
500 4473 10
