1 4 4
2 9 5
3 16 7
4 19 3
5 26 7
6 35 9
7 41 6
8 48 7
9 56 8
10 64 8
11 72 8
12 79 7
13 85 6
14 92 7
15 99 7
16 107 8
17 114 7
18 121 7
19 129 8
20 138 9
21 146 8
22 155 9
23 163 8
24 172 9
25 181 9
26 190 9
27 198 8
28 208 10
29 218 10
30 228 10
31 237 9
32 245 8
33 253 8
34 263 10
35 273 10
36 281 8
37 290 9
38 300 10
39 308 8
40 317 9
41 322 5
42 331 9
43 340 9
44 349 9
45 359 10
46 368 9
47 377 9
48 386 9
49 396 10
50 404 8
51 413 9
52 420 7
53 428 8
54 436 8
55 445 9
56 454 9
57 463 9
58 472 9
59 481 9
60 491 10
61 499 8
62 508 9
63 516 8
64 526 10
65 536 10
66 545 9
67 551 6
68 561 10
69 570 9
70 579 9
71 588 9
72 598 10
73 608 10
74 614 6
75 621 7
76 631 10
77 638 7
78 646 8
79 655 9
80 664 9
81 673 9
82 682 9
83 691 9
84 699 8
85 708 9
86 717 9
87 725 8
88 734 9
89 744 10
90 752 8
91 758 6
92 767 9
93 776 9
94 785 9
95 794 9
96 804 10
97 813 9
98 821 8
99 831 10
100 840 9
101 850 10
102 858 8
103 866 8
104 875 9
105 885 10
106 893 8
107 900 7
108 910 10
109 918 8
110 927 9
111 936 9
112 945 9
113 955 10
114 964 9
115 973 9
116 982 9
117 992 10
118 1002 10
119 1011 9
120 1020 9
121 1028 8
122 1038 10
123 1048 10
124 1057 9
125 1065 8
126 1075 10
127 1083 8
128 1093 10
129 1103 10
130 1112 9
131 1121 9
132 1131 10
133 1141 10
134 1151 10
135 1160 9
136 1169 9
137 1178 9
138 1185 7
139 1194 9
140 1204 10
141 1213 9
142 1222 9
143 1232 10
144 1241 9
145 1251 10
146 1261 10
147 1271 10
148 1281 10
149 1291 10
150 1299 8
151 1309 10
152 1318 9
153 1327 9
154 1336 9
155 1346 10
156 1355 9
157 1364 9
158 1373 9
159 1382 9
160 1391 9
161 1401 10
162 1410 9
163 1420 10
164 1429 9
165 1437 8
166 1445 8
167 1453 8
168 1463 10
169 1473 10
170 1478 5
171 1486 8
172 1495 9
173 1503 8
174 1513 10
175 1522 9
176 1532 10
177 1541 9
178 1550 9
179 1560 10
180 1568 8
181 1575 7
182 1582 7
183 1592 10
184 1600 8
185 1610 10
186 1619 9
187 1629 10
188 1639 10
189 1648 9
190 1657 9
191 1666 9
192 1676 10
193 1684 8
194 1693 9
195 1702 9
196 1712 10
197 1721 9
198 1730 9
199 1740 10
200 1748 8
201 1757 9
202 1767 10
203 1776 9
204 1785 9
205 1795 10
206 1804 9
207 1812 8
208 1821 9
209 1831 10
210 1838 7
211 1847 9
212 1855 8
213 1864 9
214 1872 8
215 1882 10
216 1890 8
217 1899 9
218 1907 8
219 1916 9
220 1923 7
221 1932 9
222 1942 10
223 1951 9
224 1960 9
225 1970 10
226 1979 9
227 1989 10
228 1999 10
229 2006 7
230 2015 9
231 2024 9
232 2034 10
233 2041 7
234 2050 9
235 2060 10
236 2069 9
237 2078 9
238 2088 10
239 2097 9
240 2106 9
241 2115 9
242 2125 10
243 2134 9
244 2143 9
245 2153 10
246 2162 9
247 2170 8
248 2179 9
249 2187 8
250 2197 10
251 2207 10
252 2217 10
253 2225 8
254 2234 9
255 2244 10
256 2251 7
257 2258 7
258 2268 10
259 2277 9
260 2287 10
261 2297 10
262 2307 10
263 2317 10
264 2326 9
265 2335 9
266 2345 10
267 2353 8
268 2363 10
269 2372 9
270 2381 9
271 2391 10
272 2401 10
273 2410 9
274 2420 10
275 2427 7
276 2437 10
277 2445 8
278 2455 10
279 2465 10
280 2475 10
281 2485 10
282 2492 7
283 2500 8
284 2509 9
285 2518 9
286 2527 9
287 2537 10
288 2545 8
289 2554 9
290 2562 8
291 2572 10
292 2582 10
293 2592 10
294 2600 8
295 2610 10
296 2619 9
297 2627 8
298 2635 8
299 2644 9
300 2653 9
301 2661 8
302 2671 10
303 2680 9
304 2690 10
305 2698 8
306 2707 9
307 2717 10
308 2727 10
309 2737 10
310 2745 8
311 2755 10
312 2764 9
313 2772 8
314 2781 9
315 2790 9
316 2799 9
317 2809 10
318 2819 10
319 2829 10
320 2838 9
321 2848 10
322 2857 9
323 2866 9
324 2874 8
325 2881 7
326 2889 8
327 2898 9
328 2908 10
329 2916 8
330 2926 10
331 2936 10
332 2943 7
333 2952 9
334 2960 8
335 2969 9
336 2979 10
337 2986 7
338 2995 9
339 3004 9
340 3013 9
341 3022 9
342 3032 10
343 3042 10
344 3052 10
345 3062 10
346 3069 7
347 3077 8
348 3086 9
349 3096 10
350 3104 8
351 3113 9
352 3123 10
353 3132 9
354 3141 9
355 3151 10
356 3160 9
357 3168 8
358 3177 9
359 3186 9
360 3194 8
361 3204 10
362 3214 10
363 3223 9
364 3232 9
365 3241 9
366 3250 9
367 3260 10
368 3270 10
369 3280 10
370 3290 10
371 3298 8
372 3307 9
373 3315 8
374 3323 8
375 3331 8
376 3340 9
377 3349 9
378 3358 9
379 3368 10
380 3378 10
381 3388 10
382 3397 9
383 3407 10
384 3416 9
385 3426 10
386 3433 7
387 3441 8
388 3451 10
389 3459 8
390 3468 9
391 3477 9
392 3487 10
393 3496 9
394 3506 10
395 3514 8
396 3522 8
397 3532 10
398 3541 9
399 3551 10
400 3560 9
401 3569 9
402 3579 10
403 3588 9
404 3598 10
405 3605 7
406 3615 10
407 3625 10
408 3635 10
409 3645 10
410 3653 8
411 3662 9
412 3670 8
413 3679 9
414 3689 10
415 3697 8
416 3706 9
417 3716 10
418 3726 10
419 3735 9
420 3745 10
421 3754 9
422 3763 9
423 3772 9
424 3779 7
425 3789 10
426 3799 10
427 3808 9
428 3817 9
429 3827 10
430 3837 10
431 3847 10
432 3856 9
433 3866 10
434 3875 9
435 3885 10
436 3895 10
437 3903 8
438 3912 9
439 3920 8
440 3930 10
441 3938 8
442 3946 8
443 3954 8
444 3962 8
445 3971 9
446 3980 9
447 3988 8
448 3998 10
449 4007 9
450 4015 8
451 4025 10
452 4035 10
453 4042 7
454 4049 7
455 4058 9
456 4067 9
457 4075 8
458 4084 9
459 4093 9
460 4102 9
461 4111 9
462 4119 8
463 4129 10
464 4138 9
465 4148 10
466 4158 10
467 4166 8
468 4176 10
469 4185 9
470 4195 10
471 4204 9
472 4212 8
473 4221 9
474 4231 10
475 4240 9
476 4250 10
477 4259 9
478 4269 10
479 4278 9
480 4286 8
481 4293 7
482 4302 9
483 4311 9
484 4318 7
485 4328 10
486 4336 8
487 4346 10
488 4356 10
489 4364 8
490 4373 9
491 4382 9
492 4391 9
493 4400 9
494 4410 10
495 4420 10
496 4430 10
497 4439 9
498 4448 9
499 4457 9
500 4465 8
