1 5 5
2 9 4
3 17 8
4 24 7
5 31 7
6 37 6
7 41 4
8 49 8
9 55 6
10 62 7
11 69 7
12 78 9
13 86 8
14 93 7
15 101 8
16 109 8
17 118 9
18 124 6
19 133 9
20 140 7
21 149 9
22 157 8
23 164 7
24 172 8
25 181 9
26 188 7
27 198 10
28 206 8
29 214 8
30 222 8
31 232 10
32 241 9
33 250 9
34 259 9
35 269 10
36 278 9
37 288 10
38 297 9
39 306 9
40 316 10
41 325 9
42 333 8
43 341 8
44 350 9
45 360 10
46 369 9
47 379 10
48 386 7
49 395 9
50 404 9
51 414 10
52 423 9
53 433 10
54 442 9
55 452 10
56 460 8
57 469 9
58 478 9
59 488 10
60 498 10
61 507 9
62 517 10
63 525 8
64 533 8
65 543 10
66 553 10
67 563 10
68 573 10
69 582 9
70 590 8
71 600 10
72 608 8
73 616 8
74 625 9
75 634 9
76 643 9
77 653 10
78 663 10
79 672 9
80 680 8
81 688 8
82 698 10
83 706 8
84 716 10
85 725 9
86 734 9
87 743 9
88 752 9
89 761 9
90 771 10
91 779 8
92 787 8
93 796 9
94 804 8
95 811 7
96 819 8
97 829 10
98 838 9
99 846 8
100 856 10
101 865 9
102 874 9
103 884 10
104 894 10
105 900 6
106 910 10
107 916 6
108 925 9
109 933 8
110 942 9
111 952 10
112 962 10
113 971 9
114 981 10
115 991 10
116 999 8
117 1008 9
118 1017 9
119 1026 9
120 1036 10
121 1046 10
122 1056 10
123 1066 10
124 1075 9
125 1085 10
126 1094 9
127 1103 9
128 1111 8
129 1120 9
130 1128 8
131 1138 10
132 1147 9
133 1157 10
134 1164 7
135 1173 9
136 1183 10
137 1193 10
138 1203 10
139 1211 8
140 1221 10
141 1230 9
142 1240 10
143 1249 9
144 1258 9
145 1267 9
146 1276 9
147 1285 9
148 1294 9
149 1304 10
150 1313 9
151 1322 9
152 1330 8
153 1339 9
154 1349 10
155 1359 10
156 1369 10
157 1377 8
158 1387 10
159 1396 9
160 1404 8
161 1414 10
162 1422 8
163 1432 10
164 1441 9
165 1451 10
166 1461 10
167 1471 10
168 1479 8
169 1488 9
170 1496 8
171 1506 10
172 1516 10
173 1525 9
174 1535 10
175 1544 9
176 1553 9
177 1563 10
178 1573 10
179 1581 8
180 1590 9
181 1599 9
182 1607 8
183 1615 8
184 1625 10
185 1635 10
186 1644 9
187 1653 9
188 1663 10
189 1672 9
190 1681 9
191 1691 10
192 1701 10
193 1711 10
194 1721 10
195 1731 10
196 1739 8
197 1747 8
198 1756 9
199 1766 10
200 1774 8
201 1783 9
202 1793 10
203 1803 10
204 1812 9
205 1818 6
206 1827 9
207 1837 10
208 1847 10
209 1857 10
210 1866 9
211 1875 9
212 1884 9
213 1894 10
214 1904 10
215 1913 9
216 1923 10
217 1933 10
218 1942 9
219 1950 8
220 1959 9
221 1968 9
222 1977 9
223 1986 9
224 1995 9
225 2004 9
226 2014 10
227 2024 10
228 2033 9
229 2043 10
230 2050 7
231 2059 9
232 2067 8
233 2077 10
234 2086 9
235 2096 10
236 2105 9
237 2115 10
238 2125 10
239 2131 6
240 2139 8
241 2149 10
242 2159 10
243 2168 9
244 2178 10
245 2188 10
246 2195 7
247 2204 9
248 2211 7
249 2221 10
250 2231 10
251 2240 9
252 2249 9
253 2258 9
254 2265 7
255 2273 8
256 2282 9
257 2292 10
258 2301 9
259 2311 10
260 2320 9
261 2327 7
262 2337 10
263 2346 9
264 2354 8
265 2363 9
266 2372 9
267 2382 10
268 2392 10
269 2402 10
270 2412 10
271 2421 9
272 2428 7
273 2438 10
274 2448 10
275 2456 8
276 2466 10
277 2474 8
278 2484 10
279 2493 9
280 2503 10
281 2513 10
282 2523 10
283 2533 10
284 2542 9
285 2550 8
286 2556 6
287 2564 8
288 2572 8
289 2582 10
290 2592 10
291 2602 10
292 2611 9
293 2621 10
294 2629 8
295 2638 9
296 2647 9
297 2656 9
298 2665 9
299 2675 10
300 2684 9
301 2692 8
302 2701 9
303 2711 10
304 2720 9
305 2728 8
306 2737 9
307 2746 9
308 2756 10
309 2766 10
310 2775 9
311 2785 10
312 2795 10
313 2805 10
314 2815 10
315 2823 8
316 2833 10
317 2843 10
318 2853 10
319 2861 8
320 2871 10
321 2881 10
322 2891 10
323 2901 10
324 2910 9
325 2920 10
326 2930 10
327 2938 8
328 2947 9
329 2957 10
330 2966 9
331 2974 8
332 2982 8
333 2992 10
334 3001 9
335 3010 9
336 3019 9
337 3028 9
338 3037 9
339 3047 10
340 3057 10
341 3067 10
342 3075 8
343 3084 9
344 3094 10
345 3104 10
346 3113 9
347 3120 7
348 3129 9
349 3139 10
350 3148 9
351 3157 9
352 3167 10
353 3177 10
354 3187 10
355 3196 9
356 3204 8
357 3212 8
358 3222 10
359 3230 8
360 3237 7
361 3245 8
362 3255 10
363 3265 10
364 3275 10
365 3284 9
366 3294 10
367 3304 10
368 3313 9
369 3323 10
370 3332 9
371 3340 8
372 3348 8
373 3358 10
374 3366 8
375 3376 10
376 3386 10
377 3396 10
378 3405 9
379 3412 7
380 3421 9
381 3429 8
382 3439 10
383 3448 9
384 3457 9
385 3467 10
386 3476 9
387 3485 9
388 3493 8
389 3503 10
390 3513 10
391 3522 9
392 3531 9
393 3540 9
394 3548 8
395 3558 10
396 3567 9
397 3577 10
398 3586 9
399 3596 10
400 3605 9
401 3614 9
402 3622 8
403 3631 9
404 3641 10
405 3651 10
406 3660 9
407 3669 9
408 3677 8
409 3686 9
410 3694 8
411 3702 8
412 3712 10
413 3719 7
414 3728 9
415 3736 8
416 3746 10
417 3755 9
418 3763 8
419 3770 7
420 3778 8
421 3787 9
422 3797 10
423 3806 9
424 3815 9
425 3825 10
426 3834 9
427 3844 10
428 3854 10
429 3863 9
430 3872 9
431 3881 9
432 3891 10
433 3900 9
434 3909 9
435 3918 9
436 3927 9
437 3937 10
438 3947 10
439 3957 10
440 3966 9
441 3974 8
442 3983 9
443 3991 8
444 4001 10
445 4010 9
446 4020 10
447 4028 8
448 4036 8
449 4046 10
450 4055 9
451 4065 10
452 4073 8
453 4083 10
454 4093 10
455 4103 10
456 4113 10
457 4122 9
458 4130 8
459 4139 9
460 4148 9
461 4156 8
462 4166 10
463 4175 9
464 4185 10
465 4193 8
466 4202 9
467 4212 10
468 4221 9
469 4231 10
470 4240 9
471 4249 9
472 4258 9
473 4268 10
474 4278 10
475 4288 10
476 4298 10
477 4305 7
478 4315 10
479 4324 9
480 4333 9
481 4340 7
482 4349 9
483 4357 8
484 4366 9
485 4375 9
486 4385 10
487 4393 8
488 4403 10
489 4410 7
490 4417 7
491 4425 8
492 4434 9
493 4444 10
494 4454 10
495 4463 9
496 4472 9
497 4479 7
498 4487 8
499 4495 8
500 4504 9
