1 1 1
2 7 6
3 11 4
4 18 7
5 26 8
6 33 7
7 39 6
8 45 6
9 52 7
10 57 5
11 64 7
12 69 5
13 77 8
14 85 8
15 91 6
16 98 7
17 106 8
18 114 8
19 121 7
20 131 10
21 139 8
22 148 9
23 157 9
24 165 8
25 173 8
26 183 10
27 192 9
28 202 10
29 209 7
30 216 7
31 225 9
32 235 10
33 244 9
34 253 9
35 259 6
36 266 7
37 274 8
38 282 8
39 291 9
40 300 9
41 310 10
42 319 9
43 327 8
44 336 9
45 344 8
46 352 8
47 359 7
48 369 10
49 376 7
50 384 8
51 394 10
52 404 10
53 412 8
54 422 10
55 431 9
56 441 10
57 450 9
58 459 9
59 468 9
60 477 9
61 485 8
62 494 9
63 503 9
64 512 9
65 521 9
66 531 10
67 541 10
68 550 9
69 560 10
70 570 10
71 579 9
72 588 9
73 595 7
74 602 7
75 611 9
76 620 9
77 629 9
78 639 10
79 649 10
80 659 10
81 668 9
82 677 9
83 686 9
84 694 8
85 702 8
86 711 9
87 721 10
88 730 9
89 740 10
90 750 10
91 759 9
92 769 10
93 775 6
94 783 8
95 793 10
96 802 9
97 810 8
98 819 9
99 829 10
100 839 10
101 848 9
102 858 10
103 867 9
104 873 6
105 882 9
106 889 7
107 898 9
108 907 9
109 917 10
110 927 10
111 935 8
112 942 7
113 952 10
114 960 8
115 968 8
116 978 10
117 988 10
118 998 10
119 1008 10
120 1016 8
121 1026 10
122 1035 9
123 1045 10
124 1054 9
125 1063 9
126 1070 7
127 1079 9
128 1088 9
129 1097 9
130 1107 10
131 1114 7
132 1123 9
133 1133 10
134 1142 9
135 1150 8
136 1160 10
137 1168 8
138 1177 9
139 1185 8
140 1194 9
141 1204 10
142 1213 9
143 1223 10
144 1232 9
145 1240 8
146 1246 6
147 1256 10
148 1265 9
149 1274 9
150 1281 7
151 1290 9
152 1299 9
153 1309 10
154 1318 9
155 1328 10
156 1337 9
157 1346 9
158 1355 9
159 1364 9
160 1371 7
161 1379 8
162 1388 9
163 1398 10
164 1407 9
165 1417 10
166 1427 10
167 1437 10
168 1447 10
169 1457 10
170 1466 9
171 1476 10
172 1484 8
173 1492 8
174 1502 10
175 1511 9
176 1520 9
177 1528 8
178 1537 9
179 1546 9
180 1556 10
181 1563 7
182 1571 8
183 1579 8
184 1588 9
185 1598 10
186 1606 8
187 1614 8
188 1624 10
189 1633 9
190 1642 9
191 1652 10
192 1662 10
193 1672 10
194 1681 9
195 1690 9
196 1700 10
197 1710 10
198 1719 9
199 1728 9
200 1736 8
201 1745 9
202 1754 9
203 1764 10
204 1773 9
205 1780 7
206 1788 8
207 1798 10
208 1807 9
209 1817 10
210 1825 8
211 1834 9
212 1842 8
213 1852 10
214 1862 10
215 1872 10
216 1881 9
217 1891 10
218 1899 8
219 1909 10
220 1917 8
221 1926 9
222 1936 10
223 1945 9
224 1955 10
225 1963 8
226 1971 8
227 1979 8
228 1987 8
229 1997 10
230 2004 7
231 2014 10
232 2024 10
233 2033 9
234 2041 8
235 2049 8
236 2059 10
237 2068 9
238 2078 10
239 2086 8
240 2095 9
241 2105 10
242 2111 6
243 2121 10
244 2130 9
245 2139 9
246 2149 10
247 2159 10
248 2167 8
249 2176 9
250 2184 8
251 2194 10
252 2203 9
253 2212 9
254 2218 6
255 2227 9
256 2236 9
257 2243 7
258 2253 10
259 2261 8
260 2270 9
261 2279 9
262 2289 10
263 2298 9
264 2308 10
265 2317 9
266 2326 9
267 2335 9
268 2343 8
269 2353 10
270 2362 9
271 2370 8
272 2379 9
273 2388 9
274 2398 10
275 2407 9
276 2417 10
277 2425 8
278 2434 9
279 2444 10
280 2453 9
281 2462 9
282 2472 10
283 2480 8
284 2489 9
285 2499 10
286 2507 8
287 2516 9
288 2525 9
289 2534 9
290 2542 8
291 2552 10
292 2560 8
293 2568 8
294 2577 9
295 2586 9
296 2594 8
297 2604 10
298 2613 9
299 2621 8
300 2629 8
301 2639 10
302 2649 10
303 2659 10
304 2668 9
305 2676 8
306 2684 8
307 2693 9
308 2703 10
309 2712 9
310 2722 10
311 2731 9
312 2740 9
313 2749 9
314 2758 9
315 2766 8
316 2775 9
317 2784 9
318 2794 10
319 2802 8
320 2811 9
321 2821 10
322 2831 10
323 2840 9
324 2848 8
325 2857 9
326 2867 10
327 2875 8
328 2884 9
329 2893 9
330 2903 10
331 2912 9
332 2922 10
333 2930 8
334 2938 8
335 2948 10
336 2956 8
337 2966 10
338 2976 10
339 2986 10
340 2996 10
341 3006 10
342 3016 10
343 3024 8
344 3034 10
345 3043 9
346 3052 9
347 3059 7
348 3068 9
349 3077 9
350 3086 9
351 3096 10
352 3106 10
353 3116 10
354 3125 9
355 3135 10
356 3144 9
357 3154 10
358 3164 10
359 3173 9
360 3183 10
361 3193 10
362 3202 9
363 3212 10
364 3222 10
365 3231 9
366 3240 9
367 3250 10
368 3260 10
369 3267 7
370 3277 10
371 3287 10
372 3295 8
373 3304 9
374 3313 9
375 3321 8
376 3329 8
377 3338 9
378 3348 10
379 3358 10
380 3366 8
381 3375 9
382 3384 9
383 3394 10
384 3403 9
385 3412 9
386 3422 10
387 3429 7
388 3436 7
389 3445 9
390 3453 8
391 3461 8
392 3471 10
393 3480 9
394 3488 8
395 3498 10
396 3506 8
397 3515 9
398 3523 8
399 3531 8
400 3539 8
401 3549 10
402 3559 10
403 3568 9
404 3577 9
405 3586 9
406 3595 9
407 3604 9
408 3613 9
409 3621 8
410 3630 9
411 3639 9
412 3649 10
413 3659 10
414 3668 9
415 3677 9
416 3687 10
417 3697 10
418 3707 10
419 3716 9
420 3726 10
421 3736 10
422 3746 10
423 3753 7
424 3763 10
425 3772 9
426 3782 10
427 3789 7
428 3797 8
429 3806 9
430 3816 10
431 3825 9
432 3834 9
433 3844 10
434 3854 10
435 3864 10
436 3874 10
437 3884 10
438 3892 8
439 3902 10
440 3911 9
441 3920 9
442 3930 10
443 3940 10
444 3950 10
445 3960 10
446 3965 5
447 3974 9
448 3984 10
449 3992 8
450 4001 9
451 4011 10
452 4019 8
453 4027 8
454 4035 8
455 4045 10
456 4055 10
457 4065 10
458 4074 9
459 4084 10
460 4094 10
461 4101 7
462 4109 8
463 4118 9
464 4127 9
465 4137 10
466 4146 9
467 4156 10
468 4165 9
469 4174 9
470 4184 10
471 4194 10
472 4204 10
473 4212 8
474 4221 9
475 4231 10
476 4241 10
477 4250 9
478 4259 9
479 4269 10
480 4276 7
481 4283 7
482 4292 9
483 4301 9
484 4310 9
485 4318 8
486 4326 8
487 4336 10
488 4345 9
489 4354 9
490 4363 9
491 4373 10
492 4382 9
493 4391 9
494 4399 8
495 4408 9
496 4417 9
497 4427 10
498 4437 10
499 4446 9
500 4456 10
