1 3 3
2 9 6
3 12 3
4 18 6
5 27 9
6 35 8
7 44 9
8 51 7
9 56 5
10 65 9
11 74 9
12 78 4
13 86 8
14 92 6
15 98 6
16 106 8
17 115 9
18 123 8
19 132 9
20 139 7
21 146 7
22 156 10
23 164 8
24 173 9
25 181 8
26 191 10
27 200 9
28 208 8
29 218 10
30 224 6
31 233 9
32 239 6
33 248 9
34 256 8
35 265 9
36 275 10
37 281 6
38 291 10
39 300 9
40 310 10
41 319 9
42 329 10
43 337 8
44 346 9
45 356 10
46 365 9
47 373 8
48 382 9
49 391 9
50 398 7
51 406 8
52 416 10
53 423 7
54 432 9
55 442 10
56 450 8
57 457 7
58 466 9
59 474 8
60 482 8
61 492 10
62 499 7
63 507 8
64 517 10
65 526 9
66 535 9
67 543 8
68 550 7
69 558 8
70 567 9
71 576 9
72 585 9
73 594 9
74 604 10
75 614 10
76 623 9
77 632 9
78 642 10
79 650 8
80 659 9
81 669 10
82 679 10
83 689 10
84 698 9
85 708 10
86 718 10
87 726 8
88 734 8
89 744 10
90 753 9
91 763 10
92 772 9
93 779 7
94 788 9
95 797 9
96 806 9
97 815 9
98 824 9
99 830 6
100 840 10
101 847 7
102 857 10
103 866 9
104 875 9
105 884 9
106 894 10
107 901 7
108 909 8
109 918 9
110 927 9
111 935 8
112 944 9
113 954 10
114 962 8
115 972 10
116 982 10
117 991 9
118 998 7
119 1007 9
120 1015 8
121 1025 10
122 1034 9
123 1043 9
124 1051 8
125 1060 9
126 1067 7
127 1074 7
128 1083 9
129 1092 9
130 1100 8
131 1108 8
132 1118 10
133 1127 9
134 1137 10
135 1145 8
136 1154 9
137 1162 8
138 1172 10
139 1180 8
140 1189 9
141 1197 8
142 1206 9
143 1216 10
144 1225 9
145 1235 10
146 1245 10
147 1253 8
148 1263 10
149 1271 8
150 1280 9
151 1289 9
152 1299 10
153 1309 10
154 1319 10
155 1327 8
156 1337 10
157 1344 7
158 1354 10
159 1361 7
160 1370 9
161 1378 8
162 1385 7
163 1395 10
164 1403 8
165 1412 9
166 1422 10
167 1431 9
168 1440 9
169 1448 8
170 1458 10
171 1468 10
172 1478 10
173 1486 8
174 1496 10
175 1505 9
176 1515 10
177 1524 9
178 1533 9
179 1542 9
180 1549 7
181 1559 10
182 1568 9
183 1577 9
184 1587 10
185 1596 9
186 1605 9
187 1614 9
188 1624 10
189 1634 10
190 1644 10
191 1654 10
192 1663 9
193 1672 9
194 1682 10
195 1692 10
196 1701 9
197 1711 10
198 1720 9
199 1729 9
200 1738 9
201 1746 8
202 1754 8
203 1763 9
204 1772 9
205 1782 10
206 1791 9
207 1801 10
208 1811 10
209 1821 10
210 1830 9
211 1839 9
212 1847 8
213 1856 9
214 1865 9
215 1875 10
216 1882 7
217 1892 10
218 1902 10
219 1912 10
220 1920 8
221 1930 10
222 1939 9
223 1949 10
224 1958 9
225 1966 8
226 1976 10
227 1985 9
228 1994 9
229 2004 10
230 2013 9
231 2023 10
232 2030 7
233 2039 9
234 2047 8
235 2056 9
236 2065 9
237 2075 10
238 2084 9
239 2094 10
240 2104 10
241 2113 9
242 2122 9
243 2132 10
244 2140 8
245 2148 8
246 2157 9
247 2166 9
248 2175 9
249 2185 10
250 2195 10
251 2205 10
252 2214 9
253 2224 10
254 2234 10
255 2244 10
256 2253 9
257 2262 9
258 2270 8
259 2280 10
260 2288 8
261 2296 8
262 2306 10
263 2315 9
264 2325 10
265 2335 10
266 2344 9
267 2353 9
268 2361 8
269 2371 10
270 2381 10
271 2390 9
272 2399 9
273 2408 9
274 2418 10
275 2428 10
276 2437 9
277 2447 10
278 2457 10
279 2466 9
280 2474 8
281 2484 10
282 2494 10
283 2504 10
284 2513 9
285 2521 8
286 2529 8
287 2538 9
288 2547 9
289 2554 7
290 2563 9
291 2572 9
292 2581 9
293 2591 10
294 2600 9
295 2610 10
296 2617 7
297 2627 10
298 2637 10
299 2646 9
300 2655 9
301 2664 9
302 2673 9
303 2682 9
304 2692 10
305 2702 10
306 2710 8
307 2719 9
308 2728 9
309 2738 10
310 2748 10
311 2758 10
312 2767 9
313 2777 10
314 2787 10
315 2797 10
316 2805 8
317 2814 9
318 2823 9
319 2832 9
320 2842 10
321 2851 9
322 2860 9
323 2870 10
324 2880 10
325 2890 10
326 2900 10
327 2908 8
328 2918 10
329 2927 9
330 2937 10
331 2946 9
332 2954 8
333 2964 10
334 2974 10
335 2984 10
336 2993 9
337 3003 10
338 3012 9
339 3019 7
340 3028 9
341 3037 9
342 3046 9
343 3055 9
344 3065 10
345 3075 10
346 3084 9
347 3092 8
348 3102 10
349 3111 9
350 3121 10
351 3130 9
352 3139 9
353 3148 9
354 3158 10
355 3166 8
356 3176 10
357 3185 9
358 3195 10
359 3205 10
360 3214 9
361 3223 9
362 3233 10
363 3243 10
364 3253 10
365 3261 8
366 3269 8
367 3278 9
368 3288 10
369 3298 10
370 3306 8
371 3315 9
372 3325 10
373 3335 10
374 3344 9
375 3354 10
376 3363 9
377 3372 9
378 3381 9
379 3389 8
380 3399 10
381 3408 9
382 3417 9
383 3426 9
384 3435 9
385 3445 10
386 3455 10
387 3464 9
388 3474 10
389 3483 9
390 3493 10
391 3503 10
392 3512 9
393 3522 10
394 3531 9
395 3541 10
396 3550 9
397 3558 8
398 3568 10
399 3577 9
400 3586 9
401 3594 8
402 3604 10
403 3612 8
404 3621 9
405 3631 10
406 3641 10
407 3648 7
408 3658 10
409 3667 9
410 3676 9
411 3685 9
412 3695 10
413 3705 10
414 3713 8
415 3722 9
416 3731 9
417 3741 10
418 3751 10
419 3760 9
420 3770 10
421 3780 10
422 3790 10
423 3800 10
424 3810 10
425 3818 8
426 3827 9
427 3836 9
428 3845 9
429 3854 9
430 3863 9
431 3872 9
432 3881 9
433 3891 10
434 3900 9
435 3907 7
436 3916 9
437 3926 10
438 3935 9
439 3944 9
440 3953 9
441 3960 7
442 3969 9
443 3979 10
444 3989 10
445 3999 10
446 4008 9
447 4015 7
448 4025 10
449 4034 9
450 4044 10
451 4053 9
452 4061 8
453 4071 10
454 4081 10
455 4090 9
456 4100 10
457 4108 8
458 4116 8
459 4126 10
460 4136 10
461 4145 9
462 4154 9
463 4162 8
464 4171 9
465 4180 9
466 4189 9
467 4198 9
468 4206 8
469 4215 9
470 4223 8
471 4232 9
472 4242 10
473 4252 10
474 4262 10
475 4272 10
476 4282 10
477 4292 10
478 4302 10
479 4311 9
480 4320 9
481 4330 10
482 4339 9
483 4347 8
484 4357 10
485 4366 9
486 4376 10
487 4385 9
488 4394 9
489 4404 10
490 4413 9
491 4422 9
492 4432 10
493 4441 9
494 4451 10
495 4460 9
496 4467 7
497 4477 10
498 4485 8
499 4495 10
500 4505 10
