1 2 2
2 8 6
3 15 7
4 21 6
5 25 4
6 32 7
7 40 8
8 48 8
9 54 6
10 59 5
11 66 7
12 72 6
13 78 6
14 86 8
15 93 7
16 102 9
17 111 9
18 119 8
19 129 10
20 136 7
21 145 9
22 151 6
23 158 7
24 165 7
25 173 8
26 181 8
27 189 8
28 197 8
29 206 9
30 213 7
31 222 9
32 231 9
33 240 9
34 249 9
35 258 9
36 264 6
37 272 8
38 279 7
39 289 10
40 297 8
41 306 9
42 314 8
43 321 7
44 329 8
45 338 9
46 346 8
47 355 9
48 365 10
49 375 10
50 384 9
51 391 7
52 398 7
53 407 9
54 415 8
55 425 10
56 434 9
57 442 8
58 450 8
59 459 9
60 467 8
61 476 9
62 484 8
63 494 10
64 504 10
65 512 8
66 519 7
67 527 8
68 535 8
69 544 9
70 552 8
71 561 9
72 570 9
73 578 8
74 588 10
75 597 9
76 606 9
77 614 8
78 623 9
79 633 10
80 641 8
81 650 9
82 658 8
83 667 9
84 677 10
85 684 7
86 693 9
87 701 8
88 709 8
89 717 8
90 726 9
91 735 9
92 743 8
93 753 10
94 762 9
95 772 10
96 780 8
97 788 8
98 797 9
99 806 9
100 814 8
101 822 8
102 831 9
103 839 8
104 848 9
105 857 9
106 867 10
107 877 10
108 886 9
109 896 10
110 904 8
111 913 9
112 922 9
113 932 10
114 941 9
115 949 8
116 959 10
117 968 9
118 978 10
119 988 10
120 997 9
121 1006 9
122 1016 10
123 1026 10
124 1035 9
125 1042 7
126 1052 10
127 1062 10
128 1071 9
129 1081 10
130 1090 9
131 1098 8
132 1107 9
133 1117 10
134 1125 8
135 1133 8
136 1142 9
137 1152 10
138 1162 10
139 1171 9
140 1180 9
141 1189 9
142 1197 8
143 1207 10
144 1216 9
145 1226 10
146 1236 10
147 1246 10
148 1254 8
149 1263 9
150 1272 9
151 1281 9
152 1291 10
153 1300 9
154 1309 9
155 1318 9
156 1328 10
157 1337 9
158 1347 10
159 1356 9
160 1366 10
161 1375 9
162 1384 9
163 1393 9
164 1403 10
165 1412 9
166 1421 9
167 1431 10
168 1441 10
169 1451 10
170 1460 9
171 1470 10
172 1479 9
173 1488 9
174 1497 9
175 1507 10
176 1517 10
177 1526 9
178 1536 10
179 1545 9
180 1551 6
181 1561 10
182 1571 10
183 1580 9
184 1589 9
185 1597 8
186 1606 9
187 1615 9
188 1624 9
189 1634 10
190 1643 9
191 1652 9
192 1661 9
193 1670 9
194 1678 8
195 1688 10
196 1696 8
197 1704 8
198 1714 10
199 1723 9
200 1733 10
201 1741 8
202 1750 9
203 1757 7
204 1767 10
205 1777 10
206 1785 8
207 1794 9
208 1803 9
209 1811 8
210 1821 10
211 1831 10
212 1841 10
213 1850 9
214 1859 9
215 1869 10
216 1876 7
217 1885 9
218 1895 10
219 1905 10
220 1915 10
221 1924 9
222 1933 9
223 1943 10
224 1952 9
225 1962 10
226 1971 9
227 1979 8
228 1987 8
229 1997 10
230 2006 9
231 2014 8
232 2023 9
233 2033 10
234 2041 8
235 2051 10
236 2059 8
237 2068 9
238 2077 9
239 2086 9
240 2096 10
241 2104 8
242 2113 9
243 2123 10
244 2132 9
245 2140 8
246 2150 10
247 2159 9
248 2168 9
249 2178 10
250 2188 10
251 2197 9
252 2206 9
253 2216 10
254 2226 10
255 2234 8
256 2243 9
257 2253 10
258 2262 9
259 2272 10
260 2281 9
261 2290 9
262 2299 9
263 2308 9
264 2318 10
265 2328 10
266 2338 10
267 2348 10
268 2357 9
269 2366 9
270 2376 10
271 2385 9
272 2394 9
273 2404 10
274 2414 10
275 2424 10
276 2434 10
277 2444 10
278 2452 8
279 2461 9
280 2471 10
281 2481 10
282 2490 9
283 2499 9
284 2509 10
285 2519 10
286 2528 9
287 2537 9
288 2545 8
289 2555 10
290 2563 8
291 2573 10
292 2582 9
293 2591 9
294 2601 10
295 2611 10
296 2621 10
297 2630 9
298 2638 8
299 2648 10
300 2658 10
301 2668 10
302 2678 10
303 2687 9
304 2696 9
305 2705 9
306 2713 8
307 2721 8
308 2730 9
309 2739 9
310 2749 10
311 2758 9
312 2767 9
313 2777 10
314 2786 9
315 2793 7
316 2802 9
317 2812 10
318 2821 9
319 2830 9
320 2839 9
321 2849 10
322 2857 8
323 2865 8
324 2875 10
325 2883 8
326 2893 10
327 2902 9
328 2912 10
329 2922 10
330 2931 9
331 2941 10
332 2950 9
333 2958 8
334 2965 7
335 2972 7
336 2981 9
337 2991 10
338 3001 10
339 3011 10
340 3021 10
341 3031 10
342 3040 9
343 3048 8
344 3057 9
345 3066 9
346 3075 9
347 3083 8
348 3092 9
349 3100 8
350 3110 10
351 3120 10
352 3130 10
353 3140 10
354 3148 8
355 3158 10
356 3166 8
357 3176 10
358 3185 9
359 3195 10
360 3205 10
361 3214 9
362 3224 10
363 3232 8
364 3242 10
365 3252 10
366 3262 10
367 3272 10
368 3282 10
369 3292 10
370 3301 9
371 3311 10
372 3320 9
373 3329 9
374 3337 8
375 3347 10
376 3356 9
377 3364 8
378 3373 9
379 3382 9
380 3392 10
381 3399 7
382 3408 9
383 3418 10
384 3428 10
385 3438 10
386 3446 8
387 3455 9
388 3465 10
389 3475 10
390 3483 8
391 3493 10
392 3503 10
393 3512 9
394 3521 9
395 3531 10
396 3541 10
397 3549 8
398 3559 10
399 3569 10
400 3577 8
401 3586 9
402 3596 10
403 3606 10
404 3614 8
405 3624 10
406 3633 9
407 3643 10
408 3652 9
409 3662 10
410 3670 8
411 3680 10
412 3688 8
413 3698 10
414 3708 10
415 3718 10
416 3728 10
417 3738 10
418 3748 10
419 3758 10
420 3768 10
421 3778 10
422 3785 7
423 3794 9
424 3804 10
425 3810 6
426 3820 10
427 3828 8
428 3835 7
429 3845 10
430 3855 10
431 3864 9
432 3873 9
433 3882 9
434 3892 10
435 3902 10
436 3912 10
437 3922 10
438 3931 9
439 3938 7
440 3947 9
441 3956 9
442 3964 8
443 3974 10
444 3984 10
445 3993 9
446 4001 8
447 4011 10
448 4021 10
449 4026 5
450 4036 10
451 4045 9
452 4054 9
453 4064 10
454 4074 10
455 4083 9
456 4090 7
457 4100 10
458 4110 10
459 4119 9
460 4129 10
461 4138 9
462 4146 8
463 4155 9
464 4165 10
465 4174 9
466 4183 9
467 4193 10
468 4203 10
469 4213 10
470 4223 10
471 4233 10
472 4241 8
473 4250 9
474 4258 8
475 4267 9
476 4276 9
477 4286 10
478 4296 10
479 4305 9
480 4314 9
481 4323 9
482 4333 10
483 4343 10
484 4352 9
485 4360 8
486 4368 8
487 4377 9
488 4385 8
489 4395 10
490 4404 9
491 4413 9
492 4422 9
493 4431 9
494 4441 10
495 4451 10
496 4458 7
497 4468 10
498 4478 10
499 4484 6
500 4493 9
