1 3 3
2 9 6
3 14 5
4 18 4
5 22 4
6 28 6
7 35 7
8 39 4
9 43 4
10 48 5
11 58 10
12 64 6
13 73 9
14 81 8
15 87 6
16 93 6
17 100 7
18 109 9
19 117 8
20 126 9
21 130 4
22 139 9
23 147 8
24 155 8
25 163 8
26 173 10
27 180 7
28 189 9
29 198 9
30 206 8
31 216 10
32 225 9
33 234 9
34 241 7
35 251 10
36 260 9
37 268 8
38 278 10
39 286 8
40 295 9
41 305 10
42 314 9
43 323 9
44 333 10
45 342 9
46 352 10
47 362 10
48 370 8
49 379 9
50 388 9
51 397 9
52 406 9
53 415 9
54 424 9
55 431 7
56 441 10
57 450 9
58 459 9
59 469 10
60 479 10
61 489 10
62 498 9
63 508 10
64 515 7
65 524 9
66 533 9
67 542 9
68 549 7
69 556 7
70 563 7
71 573 10
72 582 9
73 591 9
74 599 8
75 609 10
76 617 8
77 626 9
78 635 9
79 645 10
80 654 9
81 663 9
82 673 10
83 683 10
84 693 10
85 701 8
86 710 9
87 719 9
88 729 10
89 739 10
90 749 10
91 757 8
92 767 10
93 777 10
94 786 9
95 795 9
96 803 8
97 812 9
98 821 9
99 829 8
100 838 9
101 847 9
102 854 7
103 864 10
104 874 10
105 884 10
106 893 9
107 903 10
108 909 6
109 918 9
110 927 9
111 935 8
112 944 9
113 954 10
114 964 10
115 973 9
116 981 8
117 989 8
118 999 10
119 1008 9
120 1017 9
121 1025 8
122 1033 8
123 1043 10
124 1049 6
125 1056 7
126 1064 8
127 1072 8
128 1082 10
129 1091 9
130 1099 8
131 1107 8
132 1116 9
133 1126 10
134 1136 10
135 1144 8
136 1153 9
137 1163 10
138 1173 10
139 1182 9
140 1192 10
141 1202 10
142 1211 9
143 1221 10
144 1231 10
145 1240 9
146 1250 10
147 1259 9
148 1267 8
149 1277 10
150 1287 10
151 1296 9
152 1305 9
153 1314 9
154 1324 10
155 1333 9
156 1342 9
157 1351 9
158 1359 8
159 1368 9
160 1377 9
161 1385 8
162 1394 9
163 1402 8
164 1411 9
165 1419 8
166 1429 10
167 1438 9
168 1445 7
169 1453 8
170 1462 9
171 1470 8
172 1479 9
173 1489 10
174 1498 9
175 1507 9
176 1515 8
177 1525 10
178 1533 8
179 1542 9
180 1550 8
181 1560 10
182 1568 8
183 1578 10
184 1586 8
185 1595 9
186 1605 10
187 1615 10
188 1623 8
189 1633 10
190 1642 9
191 1650 8
192 1660 10
193 1669 9
194 1679 10
195 1689 10
196 1696 7
197 1705 9
198 1714 9
199 1724 10
200 1734 10
201 1743 9
202 1752 9
203 1760 8
204 1766 6
205 1774 8
206 1784 10
207 1792 8
208 1801 9
209 1811 10
210 1821 10
211 1829 8
212 1839 10
213 1848 9
214 1856 8
215 1864 8
216 1873 9
217 1882 9
218 1890 8
219 1900 10
220 1910 10
221 1918 8
222 1928 10
223 1938 10
224 1945 7
225 1954 9
226 1963 9
227 1970 7
228 1978 8
229 1988 10
230 1998 10
231 2007 9
232 2014 7
233 2022 8
234 2031 9
235 2041 10
236 2051 10
237 2059 8
238 2069 10
239 2077 8
240 2086 9
241 2096 10
242 2106 10
243 2116 10
244 2125 9
245 2135 10
246 2145 10
247 2154 9
248 2161 7
249 2170 9
250 2180 10
251 2190 10
252 2200 10
253 2209 9
254 2217 8
255 2225 8
256 2235 10
257 2244 9
258 2254 10
259 2263 9
260 2272 9
261 2282 10
262 2292 10
263 2298 6
264 2308 10
265 2318 10
266 2328 10
267 2336 8
268 2343 7
269 2353 10
270 2363 10
271 2372 9
272 2382 10
273 2392 10
274 2402 10
275 2410 8
276 2419 9
277 2426 7
278 2432 6
279 2442 10
280 2452 10
281 2462 10
282 2471 9
283 2480 9
284 2490 10
285 2499 9
286 2509 10
287 2518 9
288 2527 9
289 2537 10
290 2545 8
291 2553 8
292 2563 10
293 2572 9
294 2582 10
295 2591 9
296 2601 10
297 2610 9
298 2620 10
299 2629 9
300 2639 10
301 2646 7
302 2656 10
303 2666 10
304 2675 9
305 2685 10
306 2695 10
307 2705 10
308 2713 8
309 2722 9
310 2731 9
311 2740 9
312 2748 8
313 2757 9
314 2766 9
315 2775 9
316 2784 9
317 2794 10
318 2803 9
319 2813 10
320 2822 9
321 2832 10
322 2841 9
323 2851 10
324 2861 10
325 2871 10
326 2880 9
327 2890 10
328 2898 8
329 2907 9
330 2917 10
331 2925 8
332 2934 9
333 2943 9
334 2951 8
335 2960 9
336 2970 10
337 2980 10
338 2990 10
339 2999 9
340 3009 10
341 3018 9
342 3028 10
343 3037 9
344 3047 10
345 3057 10
346 3067 10
347 3077 10
348 3086 9
349 3096 10
350 3106 10
351 3115 9
352 3123 8
353 3132 9
354 3141 9
355 3149 8
356 3159 10
357 3168 9
358 3178 10
359 3187 9
360 3195 8
361 3202 7
362 3212 10
363 3221 9
364 3230 9
365 3238 8
366 3248 10
367 3257 9
368 3266 9
369 3276 10
370 3286 10
371 3296 10
372 3306 10
373 3314 8
374 3322 8
375 3331 9
376 3339 8
377 3348 9
378 3358 10
379 3367 9
380 3376 9
381 3386 10
382 3395 9
383 3404 9
384 3413 9
385 3423 10
386 3433 10
387 3443 10
388 3453 10
389 3463 10
390 3471 8
391 3481 10
392 3491 10
393 3500 9
394 3510 10
395 3519 9
396 3528 9
397 3536 8
398 3546 10
399 3555 9
400 3564 9
401 3574 10
402 3583 9
403 3593 10
404 3603 10
405 3612 9
406 3621 9
407 3631 10
408 3640 9
409 3649 9
410 3659 10
411 3668 9
412 3678 10
413 3688 10
414 3697 9
415 3706 9
416 3715 9
417 3724 9
418 3732 8
419 3739 7
420 3748 9
421 3758 10
422 3766 8
423 3774 8
424 3782 8
425 3791 9
426 3800 9
427 3808 8
428 3816 8
429 3826 10
430 3835 9
431 3844 9
432 3854 10
433 3864 10
434 3874 10
435 3883 9
436 3893 10
437 3899 6
438 3907 8
439 3915 8
440 3924 9
441 3933 9
442 3943 10
443 3951 8
444 3960 9
445 3969 9
446 3978 9
447 3985 7
448 3995 10
449 4004 9
450 4014 10
451 4020 6
452 4030 10
453 4040 10
454 4049 9
455 4058 9
456 4068 10
457 4077 9
458 4086 9
459 4094 8
460 4103 9
461 4113 10
462 4123 10
463 4133 10
464 4142 9
465 4152 10
466 4160 8
467 4168 8
468 4178 10
469 4188 10
470 4198 10
471 4207 9
472 4213 6
473 4222 9
474 4231 9
475 4240 9
476 4250 10
477 4260 10
478 4269 9
479 4277 8
480 4286 9
481 4294 8
482 4304 10
483 4313 9
484 4321 8
485 4330 9
486 4340 10
487 4348 8
488 4358 10
489 4367 9
490 4376 9
491 4385 9
492 4395 10
493 4405 10
494 4413 8
495 4422 9
496 4431 9
497 4441 10
498 4451 10
499 4461 10
500 4470 9
