1 7 7
2 10 3
3 15 5
4 21 6
5 25 4
6 34 9
7 39 5
8 46 7
9 52 6
10 58 6
11 65 7
12 73 8
13 81 8
14 87 6
15 93 6
16 102 9
17 109 7
18 116 7
19 125 9
20 134 9
21 142 8
22 150 8
23 156 6
24 165 9
25 174 9
26 183 9
27 192 9
28 199 7
29 207 8
30 213 6
31 223 10
32 230 7
33 239 9
34 248 9
35 258 10
36 265 7
37 273 8
38 279 6
39 288 9
40 296 8
41 303 7
42 312 9
43 319 7
44 327 8
45 336 9
46 344 8
47 352 8
48 359 7
49 368 9
50 376 8
51 384 8
52 392 8
53 401 9
54 410 9
55 418 8
56 428 10
57 437 9
58 443 6
59 451 8
60 461 10
61 471 10
62 481 10
63 491 10
64 498 7
65 507 9
66 516 9
67 526 10
68 536 10
69 546 10
70 554 8
71 560 6
72 569 9
73 577 8
74 585 8
75 594 9
76 603 9
77 611 8
78 621 10
79 630 9
80 640 10
81 649 9
82 658 9
83 667 9
84 673 6
85 683 10
86 690 7
87 700 10
88 707 7
89 716 9
90 725 9
91 733 8
92 741 8
93 751 10
94 759 8
95 767 8
96 777 10
97 785 8
98 795 10
99 803 8
100 812 9
101 821 9
102 829 8
103 839 10
104 847 8
105 857 10
106 866 9
107 876 10
108 883 7
109 892 9
110 902 10
111 912 10
112 921 9
113 929 8
114 938 9
115 944 6
116 954 10
117 964 10
118 972 8
119 982 10
120 989 7
121 998 9
122 1006 8
123 1015 9
124 1025 10
125 1032 7
126 1042 10
127 1052 10
128 1059 7
129 1069 10
130 1075 6
131 1084 9
132 1092 8
133 1101 9
134 1111 10
135 1120 9
136 1129 9
137 1137 8
138 1146 9
139 1155 9
140 1164 9
141 1173 9
142 1182 9
143 1191 9
144 1200 9
145 1210 10
146 1220 10
147 1228 8
148 1238 10
149 1247 9
150 1256 9
151 1265 9
152 1273 8
153 1282 9
154 1291 9
155 1301 10
156 1308 7
157 1317 9
158 1326 9
159 1336 10
160 1345 9
161 1354 9
162 1363 9
163 1372 9
164 1381 9
165 1390 9
166 1400 10
167 1407 7
168 1416 9
169 1425 9
170 1433 8
171 1440 7
172 1449 9
173 1458 9
174 1467 9
175 1474 7
176 1482 8
177 1492 10
178 1501 9
179 1510 9
180 1518 8
181 1524 6
182 1533 9
183 1543 10
184 1552 9
185 1561 9
186 1569 8
187 1579 10
188 1588 9
189 1597 9
190 1607 10
191 1617 10
192 1627 10
193 1636 9
194 1646 10
195 1655 9
196 1663 8
197 1673 10
198 1683 10
199 1693 10
200 1703 10
201 1711 8
202 1720 9
203 1729 9
204 1737 8
205 1746 9
206 1753 7
207 1763 10
208 1772 9
209 1781 9
210 1791 10
211 1800 9
212 1808 8
213 1817 9
214 1825 8
215 1834 9
216 1844 10
217 1854 10
218 1864 10
219 1873 9
220 1881 8
221 1889 8
222 1898 9
223 1908 10
224 1917 9
225 1927 10
226 1935 8
227 1944 9
228 1953 9
229 1962 9
230 1971 9
231 1980 9
232 1989 9
233 1998 9
234 2007 9
235 2016 9
236 2026 10
237 2035 9
238 2043 8
239 2051 8
240 2060 9
241 2070 10
242 2079 9
243 2089 10
244 2099 10
245 2107 8
246 2114 7
247 2124 10
248 2134 10
249 2144 10
250 2154 10
251 2162 8
252 2170 8
253 2180 10
254 2188 8
255 2196 8
256 2205 9
257 2215 10
258 2224 9
259 2234 10
260 2243 9
261 2253 10
262 2263 10
263 2272 9
264 2281 9
265 2290 9
266 2299 9
267 2309 10
268 2319 10
269 2328 9
270 2338 10
271 2348 10
272 2358 10
273 2368 10
274 2376 8
275 2385 9
276 2394 9
277 2403 9
278 2409 6
279 2419 10
280 2428 9
281 2438 10
282 2447 9
283 2455 8
284 2464 9
285 2474 10
286 2481 7
287 2490 9
288 2497 7
289 2507 10
290 2516 9
291 2523 7
292 2532 9
293 2542 10
294 2550 8
295 2559 9
296 2569 10
297 2579 10
298 2589 10
299 2599 10
300 2609 10
301 2618 9
302 2627 9
303 2636 9
304 2644 8
305 2653 9
306 2660 7
307 2670 10
308 2680 10
309 2689 9
310 2697 8
311 2706 9
312 2714 8
313 2724 10
314 2733 9
315 2742 9
316 2752 10
317 2762 10
318 2770 8
319 2780 10
320 2788 8
321 2798 10
322 2807 9
323 2816 9
324 2825 9
325 2834 9
326 2844 10
327 2853 9
328 2863 10
329 2873 10
330 2880 7
331 2889 9
332 2898 9
333 2908 10
334 2917 9
335 2926 9
336 2935 9
337 2943 8
338 2952 9
339 2960 8
340 2968 8
341 2978 10
342 2988 10
343 2997 9
344 3007 10
345 3017 10
346 3026 9
347 3036 10
348 3045 9
349 3055 10
350 3065 10
351 3072 7
352 3082 10
353 3092 10
354 3102 10
355 3110 8
356 3120 10
357 3129 9
358 3139 10
359 3149 10
360 3158 9
361 3167 9
362 3177 10
363 3185 8
364 3194 9
365 3203 9
366 3213 10
367 3223 10
368 3233 10
369 3243 10
370 3251 8
371 3261 10
372 3271 10
373 3281 10
374 3290 9
375 3299 9
376 3307 8
377 3317 10
378 3327 10
379 3336 9
380 3344 8
381 3354 10
382 3362 8
383 3371 9
384 3380 9
385 3388 8
386 3398 10
387 3408 10
388 3416 8
389 3426 10
390 3434 8
391 3444 10
392 3453 9
393 3463 10
394 3473 10
395 3482 9
396 3492 10
397 3502 10
398 3512 10
399 3522 10
400 3531 9
401 3540 9
402 3548 8
403 3556 8
404 3566 10
405 3576 10
406 3585 9
407 3594 9
408 3603 9
409 3611 8
410 3620 9
411 3629 9
412 3639 10
413 3647 8
414 3657 10
415 3666 9
416 3675 9
417 3684 9
418 3693 9
419 3702 9
420 3711 9
421 3720 9
422 3729 9
423 3737 8
424 3744 7
425 3754 10
426 3764 10
427 3774 10
428 3784 10
429 3793 9
430 3803 10
431 3813 10
432 3822 9
433 3831 9
434 3841 10
435 3850 9
436 3857 7
437 3867 10
438 3875 8
439 3884 9
440 3894 10
441 3904 10
442 3914 10
443 3924 10
444 3933 9
445 3942 9
446 3949 7
447 3958 9
448 3968 10
449 3976 8
450 3986 10
451 3994 8
452 4004 10
453 4014 10
454 4024 10
455 4034 10
456 4042 8
457 4052 10
458 4060 8
459 4068 8
460 4076 8
461 4084 8
462 4092 8
463 4101 9
464 4111 10
465 4120 9
466 4130 10
467 4140 10
468 4149 9
469 4158 9
470 4167 9
471 4175 8
472 4185 10
473 4195 10
474 4204 9
475 4212 8
476 4222 10
477 4231 9
478 4240 9
479 4250 10
480 4260 10
481 4268 8
482 4277 9
483 4285 8
484 4295 10
485 4304 9
486 4314 10
487 4324 10
488 4334 10
489 4344 10
490 4354 10
491 4364 10
492 4374 10
493 4383 9
494 4393 10
495 4402 9
496 4412 10
497 4421 9
498 4431 10
499 4439 8
500 4449 10
