1 8 8
2 14 6
3 19 5
4 25 6
5 33 8
6 41 8
7 46 5
8 52 6
9 57 5
10 63 6
11 70 7
12 77 7
13 84 7
14 91 7
15 98 7
16 106 8
17 113 7
18 123 10
19 130 7
20 138 8
21 146 8
22 154 8
23 159 5
24 168 9
25 177 9
26 182 5
27 190 8
28 199 9
29 208 9
30 217 9
31 226 9
32 234 8
33 242 8
34 252 10
35 260 8
36 268 8
37 276 8
38 284 8
39 292 8
40 301 9
41 308 7
42 317 9
43 324 7
44 332 8
45 341 9
46 348 7
47 355 7
48 362 7
49 371 9
50 380 9
51 389 9
52 399 10
53 406 7
54 413 7
55 422 9
56 432 10
57 440 8
58 448 8
59 458 10
60 468 10
61 478 10
62 487 9
63 494 7
64 503 9
65 512 9
66 521 9
67 529 8
68 539 10
69 548 9
70 557 9
71 567 10
72 574 7
73 584 10
74 594 10
75 603 9
76 612 9
77 621 9
78 631 10
79 640 9
80 650 10
81 660 10
82 670 10
83 678 8
84 688 10
85 695 7
86 703 8
87 711 8
88 719 8
89 727 8
90 737 10
91 747 10
92 756 9
93 764 8
94 774 10
95 784 10
96 793 9
97 802 9
98 812 10
99 820 8
100 830 10
101 839 9
102 848 9
103 856 8
104 865 9
105 872 7
106 881 9
107 891 10
108 900 9
109 909 9
110 919 10
111 927 8
112 937 10
113 943 6
114 952 9
115 962 10
116 972 10
117 981 9
118 989 8
119 997 8
120 1007 10
121 1014 7
122 1024 10
123 1034 10
124 1043 9
125 1051 8
126 1060 9
127 1068 8
128 1078 10
129 1088 10
130 1098 10
131 1107 9
132 1117 10
133 1126 9
134 1134 8
135 1143 9
136 1153 10
137 1162 9
138 1171 9
139 1181 10
140 1189 8
141 1199 10
142 1208 9
143 1216 8
144 1223 7
145 1233 10
146 1243 10
147 1253 10
148 1262 9
149 1271 9
150 1277 6
151 1285 8
152 1293 8
153 1303 10
154 1312 9
155 1319 7
156 1327 8
157 1335 8
158 1345 10
159 1354 9
160 1363 9
161 1370 7
162 1380 10
163 1389 9
164 1397 8
165 1406 9
166 1414 8
167 1424 10
168 1434 10
169 1444 10
170 1454 10
171 1464 10
172 1474 10
173 1483 9
174 1491 8
175 1501 10
176 1511 10
177 1520 9
178 1527 7
179 1536 9
180 1546 10
181 1556 10
182 1565 9
183 1574 9
184 1581 7
185 1590 9
186 1600 10
187 1606 6
188 1616 10
189 1626 10
190 1634 8
191 1644 10
192 1653 9
193 1662 9
194 1672 10
195 1680 8
196 1690 10
197 1699 9
198 1708 9
199 1715 7
200 1725 10
201 1735 10
202 1743 8
203 1753 10
204 1762 9
205 1771 9
206 1780 9
207 1790 10
208 1800 10
209 1808 8
210 1818 10
211 1827 9
212 1836 9
213 1846 10
214 1855 9
215 1865 10
216 1872 7
217 1880 8
218 1889 9
219 1898 9
220 1907 9
221 1916 9
222 1925 9
223 1934 9
224 1942 8
225 1949 7
226 1958 9
227 1967 9
228 1976 9
229 1985 9
230 1995 10
231 2005 10
232 2015 10
233 2024 9
234 2033 9
235 2043 10
236 2053 10
237 2060 7
238 2070 10
239 2079 9
240 2086 7
241 2095 9
242 2103 8
243 2112 9
244 2122 10
245 2131 9
246 2141 10
247 2150 9
248 2159 9
249 2169 10
250 2179 10
251 2189 10
252 2198 9
253 2208 10
254 2218 10
255 2227 9
256 2236 9
257 2244 8
258 2254 10
259 2264 10
260 2274 10
261 2283 9
262 2292 9
263 2302 10
264 2310 8
265 2319 9
266 2329 10
267 2338 9
268 2348 10
269 2356 8
270 2365 9
271 2375 10
272 2385 10
273 2391 6
274 2400 9
275 2409 9
276 2418 9
277 2427 9
278 2436 9
279 2444 8
280 2454 10
281 2464 10
282 2474 10
283 2483 9
284 2492 9
285 2502 10
286 2512 10
287 2519 7
288 2527 8
289 2535 8
290 2545 10
291 2554 9
292 2563 9
293 2572 9
294 2582 10
295 2591 9
296 2600 9
297 2609 9
298 2619 10
299 2629 10
300 2638 9
301 2647 9
302 2657 10
303 2667 10
304 2676 9
305 2684 8
306 2694 10
307 2704 10
308 2713 9
309 2723 10
310 2732 9
311 2740 8
312 2749 9
313 2756 7
314 2766 10
315 2773 7
316 2781 8
317 2791 10
318 2800 9
319 2809 9
320 2819 10
321 2829 10
322 2839 10
323 2848 9
324 2858 10
325 2868 10
326 2876 8
327 2886 10
328 2894 8
329 2903 9
330 2913 10
331 2922 9
332 2932 10
333 2942 10
334 2951 9
335 2960 9
336 2969 9
337 2978 9
338 2988 10
339 2998 10
340 3006 8
341 3016 10
342 3026 10
343 3034 8
344 3042 8
345 3051 9
346 3059 8
347 3068 9
348 3077 9
349 3086 9
350 3095 9
351 3103 8
352 3112 9
353 3120 8
354 3129 9
355 3138 9
356 3147 9
357 3156 9
358 3166 10
359 3174 8
360 3184 10
361 3194 10
362 3203 9
363 3210 7
364 3220 10
365 3230 10
366 3239 9
367 3249 10
368 3258 9
369 3264 6
370 3271 7
371 3281 10
372 3290 9
373 3300 10
374 3310 10
375 3320 10
376 3329 9
377 3337 8
378 3346 9
379 3354 8
380 3362 8
381 3371 9
382 3379 8
383 3388 9
384 3397 9
385 3406 9
386 3415 9
387 3425 10
388 3434 9
389 3444 10
390 3452 8
391 3460 8
392 3469 9
393 3479 10
394 3489 10
395 3499 10
396 3508 9
397 3518 10
398 3526 8
399 3534 8
400 3542 8
401 3552 10
402 3560 8
403 3568 8
404 3577 9
405 3587 10
406 3597 10
407 3607 10
408 3615 8
409 3625 10
410 3634 9
411 3643 9
412 3652 9
413 3662 10
414 3670 8
415 3679 9
416 3688 9
417 3698 10
418 3708 10
419 3717 9
420 3726 9
421 3736 10
422 3746 10
423 3754 8
424 3764 10
425 3772 8
426 3781 9
427 3790 9
428 3799 9
429 3806 7
430 3815 9
431 3824 9
432 3833 9
433 3843 10
434 3852 9
435 3861 9
436 3869 8
437 3878 9
438 3886 8
439 3896 10
440 3906 10
441 3915 9
442 3924 9
443 3933 9
444 3943 10
445 3953 10
446 3963 10
447 3971 8
448 3981 10
449 3990 9
450 3999 9
451 4007 8
452 4017 10
453 4026 9
454 4036 10
455 4043 7
456 4051 8
457 4061 10
458 4071 10
459 4080 9
460 4088 8
461 4097 9
462 4107 10
463 4116 9
464 4126 10
465 4136 10
466 4145 9
467 4154 9
468 4164 10
469 4173 9
470 4183 10
471 4191 8
472 4199 8
473 4208 9
474 4216 8
475 4225 9
476 4235 10
477 4245 10
478 4255 10
479 4264 9
480 4273 9
481 4282 9
482 4292 10
483 4302 10
484 4311 9
485 4321 10
486 4331 10
487 4340 9
488 4350 10
489 4358 8
490 4367 9
491 4376 9
492 4386 10
493 4396 10
494 4405 9
495 4415 10
496 4425 10
497 4433 8
498 4443 10
499 4453 10
500 4463 10
