1 5 5
2 10 5
3 19 9
4 25 6
5 30 5
6 36 6
7 43 7
8 48 5
9 56 8
10 61 5
11 68 7
12 75 7
13 83 8
14 91 8
15 100 9
16 110 10
17 115 5
18 122 7
19 131 9
20 141 10
21 149 8
22 158 9
23 168 10
24 177 9
25 186 9
26 195 9
27 203 8
28 211 8
29 218 7
30 228 10
31 234 6
32 242 8
33 249 7
34 257 8
35 265 8
36 273 8
37 283 10
38 291 8
39 298 7
40 308 10
41 316 8
42 326 10
43 333 7
44 341 8
45 348 7
46 357 9
47 366 9
48 376 10
49 386 10
50 395 9
51 403 8
52 410 7
53 417 7
54 424 7
55 431 7
56 439 8
57 448 9
58 455 7
59 464 9
60 473 9
61 483 10
62 491 8
63 501 10
64 509 8
65 519 10
66 529 10
67 538 9
68 548 10
69 554 6
70 563 9
71 572 9
72 581 9
73 591 10
74 600 9
75 609 9
76 618 9
77 626 8
78 635 9
79 643 8
80 651 8
81 661 10
82 669 8
83 677 8
84 685 8
85 695 10
86 704 9
87 713 9
88 722 9
89 730 8
90 739 9
91 748 9
92 758 10
93 766 8
94 772 6
95 781 9
96 790 9
97 799 9
98 806 7
99 814 8
100 824 10
101 829 5
102 837 8
103 845 8
104 855 10
105 865 10
106 874 9
107 884 10
108 893 9
109 902 9
110 912 10
111 920 8
112 928 8
113 937 9
114 946 9
115 955 9
116 963 8
117 972 9
118 980 8
119 989 9
120 997 8
121 1006 9
122 1012 6
123 1021 9
124 1031 10
125 1039 8
126 1048 9
127 1058 10
128 1066 8
129 1076 10
130 1085 9
131 1093 8
132 1102 9
133 1111 9
134 1119 8
135 1127 8
136 1136 9
137 1144 8
138 1154 10
139 1163 9
140 1173 10
141 1182 9
142 1191 9
143 1200 9
144 1210 10
145 1220 10
146 1229 9
147 1239 10
148 1248 9
149 1256 8
150 1265 9
151 1274 9
152 1284 10
153 1294 10
154 1304 10
155 1314 10
156 1323 9
157 1330 7
158 1339 9
159 1348 9
160 1358 10
161 1367 9
162 1377 10
163 1387 10
164 1397 10
165 1405 8
166 1414 9
167 1423 9
168 1429 6
169 1438 9
170 1448 10
171 1456 8
172 1465 9
173 1474 9
174 1483 9
175 1492 9
176 1501 9
177 1510 9
178 1519 9
179 1528 9
180 1538 10
181 1548 10
182 1556 8
183 1564 8
184 1573 9
185 1580 7
186 1588 8
187 1597 9
188 1607 10
189 1616 9
190 1624 8
191 1632 8
192 1642 10
193 1651 9
194 1661 10
195 1670 9
196 1680 10
197 1690 10
198 1698 8
199 1708 10
200 1717 9
201 1726 9
202 1735 9
203 1745 10
204 1753 8
205 1762 9
206 1771 9
207 1781 10
208 1791 10
209 1801 10
210 1810 9
211 1820 10
212 1828 8
213 1836 8
214 1846 10
215 1855 9
216 1863 8
217 1871 8
218 1879 8
219 1887 8
220 1896 9
221 1904 8
222 1913 9
223 1922 9
224 1931 9
225 1939 8
226 1947 8
227 1957 10
228 1965 8
229 1973 8
230 1982 9
231 1991 9
232 2000 9
233 2009 9
234 2019 10
235 2027 8
236 2035 8
237 2043 8
238 2053 10
239 2060 7
240 2069 9
241 2078 9
242 2088 10
243 2097 9
244 2106 9
245 2116 10
246 2126 10
247 2136 10
248 2144 8
249 2154 10
250 2164 10
251 2174 10
252 2183 9
253 2192 9
254 2200 8
255 2209 9
256 2218 9
257 2228 10
258 2237 9
259 2244 7
260 2254 10
261 2262 8
262 2272 10
263 2281 9
264 2291 10
265 2301 10
266 2307 6
267 2317 10
268 2327 10
269 2336 9
270 2345 9
271 2354 9
272 2363 9
273 2372 9
274 2380 8
275 2390 10
276 2399 9
277 2408 9
278 2418 10
279 2428 10
280 2436 8
281 2446 10
282 2455 9
283 2465 10
284 2474 9
285 2484 10
286 2494 10
287 2502 8
288 2512 10
289 2522 10
290 2529 7
291 2539 10
292 2547 8
293 2557 10
294 2567 10
295 2574 7
296 2583 9
297 2592 9
298 2602 10
299 2611 9
300 2620 9
301 2628 8
302 2636 8
303 2645 9
304 2654 9
305 2664 10
306 2673 9
307 2683 10
308 2693 10
309 2703 10
310 2713 10
311 2723 10
312 2731 8
313 2740 9
314 2749 9
315 2757 8
316 2765 8
317 2773 8
318 2782 9
319 2792 10
320 2802 10
321 2811 9
322 2821 10
323 2829 8
324 2838 9
325 2847 9
326 2857 10
327 2866 9
328 2876 10
329 2885 9
330 2894 9
331 2903 9
332 2913 10
333 2922 9
334 2931 9
335 2941 10
336 2949 8
337 2958 9
338 2968 10
339 2976 8
340 2986 10
341 2995 9
342 3004 9
343 3014 10
344 3024 10
345 3034 10
346 3044 10
347 3053 9
348 3063 10
349 3071 8
350 3079 8
351 3088 9
352 3096 8
353 3105 9
354 3115 10
355 3125 10
356 3134 9
357 3144 10
358 3151 7
359 3160 9
360 3169 9
361 3179 10
362 3187 8
363 3197 10
364 3207 10
365 3216 9
366 3226 10
367 3235 9
368 3245 10
369 3255 10
370 3265 10
371 3275 10
372 3285 10
373 3294 9
374 3301 7
375 3307 6
376 3316 9
377 3325 9
378 3335 10
379 3345 10
380 3354 9
381 3364 10
382 3374 10
383 3384 10
384 3391 7
385 3401 10
386 3410 9
387 3418 8
388 3425 7
389 3435 10
390 3443 8
391 3452 9
392 3461 9
393 3471 10
394 3480 9
395 3489 9
396 3499 10
397 3508 9
398 3518 10
399 3527 9
400 3536 9
401 3545 9
402 3554 9
403 3564 10
404 3573 9
405 3582 9
406 3591 9
407 3601 10
408 3611 10
409 3621 10
410 3631 10
411 3640 9
412 3650 10
413 3658 8
414 3667 9
415 3675 8
416 3684 9
417 3694 10
418 3704 10
419 3713 9
420 3722 9
421 3731 9
422 3740 9
423 3749 9
424 3759 10
425 3769 10
426 3779 10
427 3789 10
428 3799 10
429 3808 9
430 3818 10
431 3827 9
432 3836 9
433 3844 8
434 3854 10
435 3863 9
436 3872 9
437 3881 9
438 3889 8
439 3898 9
440 3906 8
441 3914 8
442 3924 10
443 3934 10
444 3944 10
445 3953 9
446 3963 10
447 3972 9
448 3982 10
449 3990 8
450 3999 9
451 4009 10
452 4019 10
453 4026 7
454 4036 10
455 4045 9
456 4055 10
457 4064 9
458 4072 8
459 4082 10
460 4092 10
461 4101 9
462 4110 9
463 4120 10
464 4130 10
465 4139 9
466 4149 10
467 4159 10
468 4167 8
469 4175 8
470 4185 10
471 4195 10
472 4204 9
473 4214 10
474 4223 9
475 4232 9
476 4241 9
477 4250 9
478 4260 10
479 4270 10
480 4280 10
481 4289 9
482 4299 10
483 4307 8
484 4316 9
485 4326 10
486 4336 10
487 4342 6
488 4351 9
489 4360 9
490 4368 8
491 4377 9
492 4385 8
493 4394 9
494 4404 10
495 4414 10
496 4423 9
497 4432 9
498 4439 7
499 4449 10
500 4459 10
