1 5 5
2 9 4
3 13 4
4 21 8
5 28 7
6 37 9
7 43 6
8 49 6
9 56 7
10 63 7
11 68 5
12 76 8
13 83 7
14 92 9
15 98 6
16 106 8
17 112 6
18 119 7
19 126 7
20 133 7
21 139 6
22 147 8
23 154 7
24 161 7
25 171 10
26 178 7
27 181 3
28 190 9
29 198 8
30 207 9
31 217 10
32 227 10
33 236 9
34 243 7
35 251 8
36 260 9
37 267 7
38 276 9
39 285 9
40 293 8
41 301 8
42 307 6
43 316 9
44 324 8
45 333 9
46 342 9
47 349 7
48 357 8
49 366 9
50 376 10
51 384 8
52 391 7
53 399 8
54 407 8
55 416 9
56 426 10
57 435 9
58 445 10
59 453 8
60 462 9
61 472 10
62 481 9
63 489 8
64 498 9
65 507 9
66 516 9
67 526 10
68 535 9
69 544 9
70 554 10
71 562 8
72 572 10
73 580 8
74 589 9
75 599 10
76 607 8
77 616 9
78 625 9
79 635 10
80 644 9
81 653 9
82 661 8
83 670 9
84 679 9
85 689 10
86 699 10
87 706 7
88 716 10
89 725 9
90 735 10
91 744 9
92 753 9
93 762 9
94 772 10
95 782 10
96 791 9
97 801 10
98 810 9
99 819 9
100 829 10
101 837 8
102 846 9
103 856 10
104 866 10
105 873 7
106 882 9
107 891 9
108 901 10
109 910 9
110 919 9
111 928 9
112 938 10
113 947 9
114 956 9
115 965 9
116 975 10
117 985 10
118 995 10
119 1005 10
120 1012 7
121 1021 9
122 1028 7
123 1038 10
124 1045 7
125 1053 8
126 1062 9
127 1070 8
128 1080 10
129 1089 9
130 1098 9
131 1106 8
132 1116 10
133 1125 9
134 1135 10
135 1145 10
136 1155 10
137 1163 8
138 1172 9
139 1181 9
140 1190 9
141 1200 10
142 1209 9
143 1218 9
144 1228 10
145 1238 10
146 1247 9
147 1257 10
148 1267 10
149 1276 9
150 1285 9
151 1292 7
152 1302 10
153 1311 9
154 1321 10
155 1331 10
156 1339 8
157 1348 9
158 1358 10
159 1365 7
160 1374 9
161 1381 7
162 1391 10
163 1400 9
164 1410 10
165 1419 9
166 1429 10
167 1439 10
168 1449 10
169 1458 9
170 1467 9
171 1477 10
172 1485 8
173 1493 8
174 1501 8
175 1511 10
176 1520 9
177 1530 10
178 1538 8
179 1546 8
180 1556 10
181 1566 10
182 1575 9
183 1584 9
184 1593 9
185 1600 7
186 1610 10
187 1620 10
188 1629 9
189 1639 10
190 1648 9
191 1654 6
192 1663 9
193 1670 7
194 1680 10
195 1690 10
196 1700 10
197 1710 10
198 1720 10
199 1727 7
200 1735 8
201 1742 7
202 1752 10
203 1761 9
204 1770 9
205 1778 8
206 1788 10
207 1797 9
208 1806 9
209 1815 9
210 1823 8
211 1831 8
212 1841 10
213 1850 9
214 1860 10
215 1869 9
216 1878 9
217 1888 10
218 1897 9
219 1907 10
220 1917 10
221 1925 8
222 1934 9
223 1943 9
224 1952 9
225 1962 10
226 1971 9
227 1981 10
228 1990 9
229 1999 9
230 2008 9
231 2017 9
232 2027 10
233 2037 10
234 2047 10
235 2057 10
236 2067 10
237 2077 10
238 2086 9
239 2095 9
240 2103 8
241 2111 8
242 2119 8
243 2128 9
244 2138 10
245 2146 8
246 2155 9
247 2165 10
248 2174 9
249 2184 10
250 2194 10
251 2202 8
252 2211 9
253 2220 9
254 2230 10
255 2240 10
256 2249 9
257 2258 9
258 2267 9
259 2275 8
260 2284 9
261 2294 10
262 2304 10
263 2314 10
264 2322 8
265 2331 9
266 2340 9
267 2348 8
268 2355 7
269 2363 8
270 2372 9
271 2379 7
272 2387 8
273 2396 9
274 2406 10
275 2416 10
276 2424 8
277 2432 8
278 2440 8
279 2449 9
280 2458 9
281 2467 9
282 2475 8
283 2484 9
284 2492 8
285 2501 9
286 2509 8
287 2517 8
288 2526 9
289 2535 9
290 2544 9
291 2554 10
292 2564 10
293 2574 10
294 2584 10
295 2593 9
296 2602 9
297 2612 10
298 2620 8
299 2628 8
300 2637 9
301 2647 10
302 2656 9
303 2665 9
304 2675 10
305 2684 9
306 2690 6
307 2700 10
308 2709 9
309 2718 9
310 2727 9
311 2737 10
312 2746 9
313 2756 10
314 2764 8
315 2773 9
316 2783 10
317 2793 10
318 2803 10
319 2812 9
320 2821 9
321 2831 10
322 2837 6
323 2847 10
324 2857 10
325 2867 10
326 2876 9
327 2885 9
328 2895 10
329 2904 9
330 2914 10
331 2923 9
332 2933 10
333 2942 9
334 2952 10
335 2962 10
336 2969 7
337 2979 10
338 2989 10
339 2997 8
340 3005 8
341 3014 9
342 3023 9
343 3031 8
344 3040 9
345 3049 9
346 3059 10
347 3067 8
348 3077 10
349 3085 8
350 3093 8
351 3103 10
352 3112 9
353 3121 9
354 3130 9
355 3140 10
356 3150 10
357 3160 10
358 3169 9
359 3179 10
360 3189 10
361 3199 10
362 3208 9
363 3217 9
364 3225 8
365 3235 10
366 3245 10
367 3254 9
368 3263 9
369 3273 10
370 3283 10
371 3293 10
372 3303 10
373 3310 7
374 3318 8
375 3328 10
376 3337 9
377 3346 9
378 3355 9
379 3364 9
380 3374 10
381 3383 9
382 3392 9
383 3400 8
384 3410 10
385 3418 8
386 3428 10
387 3437 9
388 3444 7
389 3454 10
390 3463 9
391 3472 9
392 3481 9
393 3491 10
394 3499 8
395 3508 9
396 3518 10
397 3527 9
398 3536 9
399 3546 10
400 3556 10
401 3565 9
402 3575 10
403 3585 10
404 3595 10
405 3604 9
406 3613 9
407 3623 10
408 3633 10
409 3643 10
410 3653 10
411 3663 10
412 3671 8
413 3678 7
414 3688 10
415 3698 10
416 3706 8
417 3715 9
418 3724 9
419 3734 10
420 3744 10
421 3754 10
422 3764 10
423 3774 10
424 3783 9
425 3790 7
426 3800 10
427 3810 10
428 3820 10
429 3830 10
430 3840 10
431 3848 8
432 3856 8
433 3863 7
434 3873 10
435 3880 7
436 3890 10
437 3900 10
438 3910 10
439 3917 7
440 3926 9
441 3935 9
442 3945 10
443 3955 10
444 3964 9
445 3973 9
446 3982 9
447 3991 9
448 4000 9
449 4010 10
450 4019 9
451 4029 10
452 4039 10
453 4049 10
454 4057 8
455 4067 10
456 4077 10
457 4086 9
458 4095 9
459 4104 9
460 4112 8
461 4121 9
462 4130 9
463 4139 9
464 4148 9
465 4157 9
466 4166 9
467 4175 9
468 4183 8
469 4192 9
470 4199 7
471 4208 9
472 4216 8
473 4226 10
474 4236 10
475 4246 10
476 4255 9
477 4264 9
478 4272 8
479 4280 8
480 4289 9
481 4296 7
482 4306 10
483 4314 8
484 4324 10
485 4333 9
486 4342 9
487 4351 9
488 4359 8
489 4368 9
490 4377 9
491 4387 10
492 4393 6
493 4403 10
494 4412 9
495 4422 10
496 4432 10
497 4441 9
498 4451 10
499 4460 9
500 4469 9
