1 6 6
2 8 2
3 11 3
4 17 6
5 25 8
6 33 8
7 38 5
8 45 7
9 49 4
10 55 6
11 63 8
12 71 8
13 78 7
14 86 8
15 95 9
16 102 7
17 110 8
18 118 8
19 128 10
20 134 6
21 142 8
22 151 9
23 161 10
24 169 8
25 177 8
26 186 9
27 194 8
28 202 8
29 208 6
30 216 8
31 226 10
32 235 9
33 243 8
34 250 7
35 258 8
36 266 8
37 275 9
38 284 9
39 292 8
40 302 10
41 311 9
42 319 8
43 328 9
44 336 8
45 345 9
46 355 10
47 362 7
48 370 8
49 378 8
50 386 8
51 395 9
52 403 8
53 411 8
54 421 10
55 430 9
56 439 9
57 449 10
58 457 8
59 466 9
60 475 9
61 484 9
62 493 9
63 501 8
64 510 9
65 518 8
66 525 7
67 534 9
68 543 9
69 551 8
70 560 9
71 570 10
72 579 9
73 584 5
74 593 9
75 602 9
76 608 6
77 617 9
78 627 10
79 635 8
80 645 10
81 654 9
82 662 8
83 671 9
84 680 9
85 690 10
86 698 8
87 706 8
88 715 9
89 724 9
90 733 9
91 741 8
92 750 9
93 760 10
94 769 9
95 778 9
96 788 10
97 797 9
98 806 9
99 816 10
100 826 10
101 836 10
102 843 7
103 853 10
104 862 9
105 870 8
106 880 10
107 890 10
108 900 10
109 910 10
110 919 9
111 929 10
112 937 8
113 945 8
114 955 10
115 965 10
116 975 10
117 985 10
118 995 10
119 1004 9
120 1010 6
121 1019 9
122 1027 8
123 1036 9
124 1045 9
125 1055 10
126 1064 9
127 1071 7
128 1080 9
129 1089 9
130 1098 9
131 1107 9
132 1117 10
133 1127 10
134 1137 10
135 1146 9
136 1156 10
137 1165 9
138 1173 8
139 1182 9
140 1191 9
141 1201 10
142 1209 8
143 1216 7
144 1224 8
145 1232 8
146 1240 8
147 1250 10
148 1259 9
149 1269 10
150 1277 8
151 1285 8
152 1295 10
153 1305 10
154 1315 10
155 1325 10
156 1335 10
157 1344 9
158 1353 9
159 1362 9
160 1371 9
161 1381 10
162 1390 9
163 1399 9
164 1406 7
165 1416 10
166 1425 9
167 1435 10
168 1441 6
169 1450 9
170 1459 9
171 1469 10
172 1479 10
173 1489 10
174 1498 9
175 1506 8
176 1515 9
177 1524 9
178 1534 10
179 1543 9
180 1553 10
181 1562 9
182 1571 9
183 1580 9
184 1590 10
185 1599 9
186 1609 10
187 1617 8
188 1626 9
189 1636 10
190 1646 10
191 1655 9
192 1664 9
193 1672 8
194 1682 10
195 1691 9
196 1700 9
197 1708 8
198 1718 10
199 1728 10
200 1738 10
201 1748 10
202 1758 10
203 1768 10
204 1778 10
205 1788 10
206 1796 8
207 1806 10
208 1814 8
209 1823 9
210 1832 9
211 1842 10
212 1851 9
213 1861 10
214 1868 7
215 1876 8
216 1886 10
217 1895 9
218 1903 8
219 1912 9
220 1921 9
221 1930 9
222 1940 10
223 1949 9
224 1957 8
225 1967 10
226 1976 9
227 1986 10
228 1995 9
229 2005 10
230 2014 9
231 2023 9
232 2033 10
233 2042 9
234 2049 7
235 2057 8
236 2065 8
237 2073 8
238 2083 10
239 2092 9
240 2102 10
241 2110 8
242 2120 10
243 2130 10
244 2138 8
245 2147 9
246 2157 10
247 2166 9
248 2175 9
249 2184 9
250 2194 10
251 2203 9
252 2212 9
253 2220 8
254 2230 10
255 2239 9
256 2249 10
257 2259 10
258 2268 9
259 2278 10
260 2288 10
261 2296 8
262 2306 10
263 2313 7
264 2322 9
265 2329 7
266 2338 9
267 2347 9
268 2356 9
269 2366 10
270 2375 9
271 2384 9
272 2394 10
273 2403 9
274 2413 10
275 2423 10
276 2431 8
277 2440 9
278 2450 10
279 2459 9
280 2468 9
281 2476 8
282 2485 9
283 2495 10
284 2504 9
285 2514 10
286 2524 10
287 2534 10
288 2543 9
289 2551 8
290 2561 10
291 2570 9
292 2580 10
293 2589 9
294 2599 10
295 2608 9
296 2616 8
297 2626 10
298 2636 10
299 2646 10
300 2656 10
301 2666 10
302 2674 8
303 2684 10
304 2693 9
305 2703 10
306 2712 9
307 2721 9
308 2730 9
309 2739 9
310 2747 8
311 2757 10
312 2766 9
313 2774 8
314 2784 10
315 2792 8
316 2800 8
317 2810 10
318 2820 10
319 2830 10
320 2840 10
321 2849 9
322 2859 10
323 2868 9
324 2878 10
325 2886 8
326 2894 8
327 2904 10
328 2913 9
329 2922 9
330 2930 8
331 2939 9
332 2949 10
333 2958 9
334 2967 9
335 2977 10
336 2986 9
337 2996 10
338 3005 9
339 3014 9
340 3023 9
341 3032 9
342 3041 9
343 3049 8
344 3058 9
345 3068 10
346 3075 7
347 3084 9
348 3094 10
349 3103 9
350 3113 10
351 3123 10
352 3133 10
353 3142 9
354 3152 10
355 3160 8
356 3169 9
357 3178 9
358 3188 10
359 3196 8
360 3205 9
361 3214 9
362 3224 10
363 3233 9
364 3241 8
365 3251 10
366 3259 8
367 3268 9
368 3278 10
369 3286 8
370 3295 9
371 3304 9
372 3313 9
373 3322 9
374 3329 7
375 3339 10
376 3347 8
377 3357 10
378 3366 9
379 3375 9
380 3384 9
381 3393 9
382 3402 9
383 3412 10
384 3421 9
385 3431 10
386 3440 9
387 3448 8
388 3456 8
389 3465 9
390 3474 9
391 3484 10
392 3493 9
393 3503 10
394 3511 8
395 3519 8
396 3528 9
397 3538 10
398 3546 8
399 3555 9
400 3564 9
401 3574 10
402 3584 10
403 3594 10
404 3604 10
405 3613 9
406 3622 9
407 3632 10
408 3642 10
409 3652 10
410 3662 10
411 3671 9
412 3681 10
413 3690 9
414 3700 10
415 3710 10
416 3720 10
417 3730 10
418 3740 10
419 3749 9
420 3759 10
421 3769 10
422 3779 10
423 3787 8
424 3796 9
425 3803 7
426 3813 10
427 3823 10
428 3832 9
429 3841 9
430 3849 8
431 3859 10
432 3869 10
433 3878 9
434 3887 9
435 3897 10
436 3907 10
437 3915 8
438 3924 9
439 3932 8
440 3942 10
441 3952 10
442 3962 10
443 3970 8
444 3979 9
445 3988 9
446 3996 8
447 4004 8
448 4013 9
449 4022 9
450 4031 9
451 4041 10
452 4049 8
453 4059 10
454 4068 9
455 4077 9
456 4087 10
457 4097 10
458 4106 9
459 4115 9
460 4123 8
461 4130 7
462 4139 9
463 4148 9
464 4158 10
465 4166 8
466 4175 9
467 4183 8
468 4193 10
469 4203 10
470 4211 8
471 4220 9
472 4230 10
473 4238 8
474 4248 10
475 4258 10
476 4267 9
477 4275 8
478 4285 10
479 4295 10
480 4305 10
481 4313 8
482 4322 9
483 4331 9
484 4341 10
485 4350 9
486 4360 10
487 4369 9
488 4377 8
489 4384 7
490 4393 9
491 4403 10
492 4412 9
493 4422 10
494 4431 9
495 4441 10
496 4451 10
497 4461 10
498 4471 10
499 4480 9
500 4489 9
