1 4 4
2 10 6
3 15 5
4 21 6
5 25 4
6 32 7
7 41 9
8 46 5
9 54 8
10 63 9
11 68 5
12 76 8
13 84 8
14 93 9
15 99 6
16 107 8
17 113 6
18 120 7
19 128 8
20 135 7
21 144 9
22 151 7
23 159 8
24 167 8
25 176 9
26 183 7
27 192 9
28 202 10
29 205 3
30 214 9
31 222 8
32 231 9
33 241 10
34 250 9
35 257 7
36 266 9
37 274 8
38 282 8
39 290 8
40 298 8
41 308 10
42 317 9
43 326 9
44 335 9
45 344 9
46 354 10
47 362 8
48 369 7
49 378 9
50 386 8
51 394 8
52 404 10
53 413 9
54 421 8
55 430 9
56 439 9
57 447 8
58 455 8
59 463 8
60 473 10
61 482 9
62 492 10
63 502 10
64 511 9
65 517 6
66 527 10
67 536 9
68 544 8
69 553 9
70 561 8
71 569 8
72 577 8
73 585 8
74 594 9
75 602 8
76 611 9
77 621 10
78 629 8
79 637 8
80 646 9
81 656 10
82 666 10
83 676 10
84 685 9
85 694 9
86 704 10
87 711 7
88 720 9
89 729 9
90 738 9
91 745 7
92 754 9
93 763 9
94 773 10
95 782 9
96 792 10
97 801 9
98 811 10
99 819 8
100 828 9
101 838 10
102 847 9
103 855 8
104 865 10
105 874 9
106 883 9
107 891 8
108 899 8
109 907 8
110 914 7
111 924 10
112 933 9
113 942 9
114 950 8
115 960 10
116 970 10
117 980 10
118 989 9
119 998 9
120 1006 8
121 1014 8
122 1024 10
123 1034 10
124 1044 10
125 1053 9
126 1062 9
127 1070 8
128 1076 6
129 1086 10
130 1095 9
131 1104 9
132 1112 8
133 1122 10
134 1129 7
135 1138 9
136 1147 9
137 1156 9
138 1165 9
139 1173 8
140 1181 8
141 1190 9
142 1198 8
143 1206 8
144 1215 9
145 1225 10
146 1233 8
147 1241 8
148 1250 9
149 1259 9
150 1268 9
151 1276 8
152 1284 8
153 1293 9
154 1303 10
155 1313 10
156 1322 9
157 1331 9
158 1340 9
159 1349 9
160 1357 8
161 1367 10
162 1375 8
163 1385 10
164 1392 7
165 1402 10
166 1411 9
167 1419 8
168 1429 10
169 1438 9
170 1446 8
171 1456 10
172 1466 10
173 1473 7
174 1482 9
175 1491 9
176 1498 7
177 1507 9
178 1517 10
179 1526 9
180 1534 8
181 1542 8
182 1551 9
183 1561 10
184 1570 9
185 1576 6
186 1586 10
187 1595 9
188 1604 9
189 1614 10
190 1623 9
191 1632 9
192 1639 7
193 1648 9
194 1657 9
195 1665 8
196 1674 9
197 1683 9
198 1691 8
199 1700 9
200 1710 10
201 1719 9
202 1729 10
203 1737 8
204 1747 10
205 1756 9
206 1766 10
207 1774 8
208 1782 8
209 1791 9
210 1797 6
211 1807 10
212 1815 8
213 1823 8
214 1832 9
215 1842 10
216 1851 9
217 1861 10
218 1871 10
219 1881 10
220 1890 9
221 1899 9
222 1907 8
223 1917 10
224 1926 9
225 1931 5
226 1939 8
227 1949 10
228 1958 9
229 1968 10
230 1977 9
231 1986 9
232 1995 9
233 2005 10
234 2015 10
235 2023 8
236 2032 9
237 2041 9
238 2051 10
239 2060 9
240 2070 10
241 2080 10
242 2089 9
243 2098 9
244 2106 8
245 2114 8
246 2124 10
247 2134 10
248 2142 8
249 2152 10
250 2159 7
251 2168 9
252 2178 10
253 2187 9
254 2195 8
255 2205 10
256 2214 9
257 2223 9
258 2233 10
259 2243 10
260 2253 10
261 2262 9
262 2272 10
263 2282 10
264 2291 9
265 2300 9
266 2310 10
267 2320 10
268 2330 10
269 2338 8
270 2348 10
271 2357 9
272 2367 10
273 2376 9
274 2385 9
275 2393 8
276 2402 9
277 2411 9
278 2421 10
279 2427 6
280 2436 9
281 2445 9
282 2453 8
283 2463 10
284 2471 8
285 2481 10
286 2489 8
287 2499 10
288 2509 10
289 2517 8
290 2525 8
291 2532 7
292 2540 8
293 2548 8
294 2557 9
295 2565 8
296 2573 8
297 2583 10
298 2593 10
299 2603 10
300 2613 10
301 2623 10
302 2633 10
303 2642 9
304 2651 9
305 2660 9
306 2667 7
307 2677 10
308 2685 8
309 2694 9
310 2701 7
311 2711 10
312 2720 9
313 2729 9
314 2736 7
315 2744 8
316 2753 9
317 2762 9
318 2771 9
319 2780 9
320 2789 9
321 2798 9
322 2807 9
323 2817 10
324 2825 8
325 2835 10
326 2845 10
327 2854 9
328 2863 9
329 2872 9
330 2881 9
331 2891 10
332 2900 9
333 2909 9
334 2919 10
335 2927 8
336 2934 7
337 2942 8
338 2951 9
339 2959 8
340 2968 9
341 2976 8
342 2986 10
343 2994 8
344 3002 8
345 3011 9
346 3020 9
347 3029 9
348 3037 8
349 3046 9
350 3055 9
351 3064 9
352 3073 9
353 3081 8
354 3090 9
355 3100 10
356 3109 9
357 3119 10
358 3129 10
359 3138 9
360 3148 10
361 3153 5
362 3160 7
363 3169 9
364 3177 8
365 3185 8
366 3195 10
367 3205 10
368 3214 9
369 3222 8
370 3231 9
371 3241 10
372 3251 10
373 3260 9
374 3268 8
375 3278 10
376 3288 10
377 3296 8
378 3306 10
379 3315 9
380 3324 9
381 3332 8
382 3341 9
383 3351 10
384 3361 10
385 3370 9
386 3378 8
387 3388 10
388 3397 9
389 3406 9
390 3416 10
391 3425 9
392 3433 8
393 3443 10
394 3453 10
395 3462 9
396 3470 8
397 3479 9
398 3489 10
399 3498 9
400 3507 9
401 3517 10
402 3523 6
403 3532 9
404 3542 10
405 3552 10
406 3561 9
407 3571 10
408 3581 10
409 3591 10
410 3600 9
411 3609 9
412 3618 9
413 3628 10
414 3635 7
415 3644 9
416 3653 9
417 3660 7
418 3670 10
419 3679 9
420 3689 10
421 3697 8
422 3707 10
423 3715 8
424 3725 10
425 3733 8
426 3743 10
427 3753 10
428 3762 9
429 3770 8
430 3780 10
431 3790 10
432 3797 7
433 3807 10
434 3817 10
435 3826 9
436 3836 10
437 3845 9
438 3853 8
439 3862 9
440 3870 8
441 3880 10
442 3888 8
443 3897 9
444 3907 10
445 3917 10
446 3923 6
447 3933 10
448 3943 10
449 3952 9
450 3961 9
451 3970 9
452 3978 8
453 3986 8
454 3994 8
455 4002 8
456 4011 9
457 4021 10
458 4031 10
459 4041 10
460 4051 10
461 4060 9
462 4070 10
463 4080 10
464 4090 10
465 4099 9
466 4109 10
467 4119 10
468 4129 10
469 4139 10
470 4147 8
471 4155 8
472 4163 8
473 4172 9
474 4182 10
475 4191 9
476 4200 9
477 4210 10
478 4220 10
479 4228 8
480 4237 9
481 4247 10
482 4255 8
483 4265 10
484 4273 8
485 4282 9
486 4291 9
487 4301 10
488 4310 9
489 4320 10
490 4329 9
491 4338 9
492 4348 10
493 4358 10
494 4367 9
495 4376 9
496 4384 8
497 4394 10
498 4404 10
499 4413 9
500 4423 10
