1 3 3
2 10 7
3 18 8
4 24 6
5 30 6
6 37 7
7 46 9
8 54 8
9 62 8
10 70 8
11 78 8
12 85 7
13 94 9
14 99 5
15 106 7
16 114 8
17 122 8
18 128 6
19 135 7
20 144 9
21 153 9
22 161 8
23 167 6
24 173 6
25 180 7
26 188 8
27 197 9
28 207 10
29 212 5
30 221 9
31 228 7
32 236 8
33 245 9
34 254 9
35 261 7
36 269 8
37 278 9
38 287 9
39 297 10
40 306 9
41 314 8
42 323 9
43 333 10
44 339 6
45 348 9
46 357 9
47 367 10
48 374 7
49 383 9
50 390 7
51 398 8
52 407 9
53 415 8
54 421 6
55 430 9
56 439 9
57 446 7
58 455 9
59 462 7
60 471 9
61 479 8
62 488 9
63 497 9
64 507 10
65 514 7
66 523 9
67 533 10
68 541 8
69 550 9
70 558 8
71 562 4
72 572 10
73 580 8
74 590 10
75 599 9
76 607 8
77 617 10
78 626 9
79 636 10
80 646 10
81 656 10
82 665 9
83 675 10
84 684 9
85 693 9
86 700 7
87 709 9
88 717 8
89 725 8
90 735 10
91 744 9
92 751 7
93 760 9
94 769 9
95 779 10
96 787 8
97 796 9
98 805 9
99 813 8
100 821 8
101 830 9
102 838 8
103 847 9
104 857 10
105 866 9
106 875 9
107 884 9
108 893 9
109 903 10
110 912 9
111 921 9
112 928 7
113 938 10
114 946 8
115 953 7
116 962 9
117 972 10
118 982 10
119 992 10
120 1001 9
121 1010 9
122 1020 10
123 1029 9
124 1037 8
125 1045 8
126 1055 10
127 1064 9
128 1073 9
129 1082 9
130 1091 9
131 1101 10
132 1109 8
133 1117 8
134 1125 8
135 1133 8
136 1141 8
137 1150 9
138 1158 8
139 1167 9
140 1177 10
141 1185 8
142 1194 9
143 1204 10
144 1214 10
145 1223 9
146 1233 10
147 1241 8
148 1249 8
149 1258 9
150 1267 9
151 1276 9
152 1284 8
153 1294 10
154 1303 9
155 1312 9
156 1321 9
157 1330 9
158 1339 9
159 1349 10
160 1358 9
161 1367 9
162 1376 9
163 1386 10
164 1396 10
165 1405 9
166 1414 9
167 1423 9
168 1433 10
169 1442 9
170 1451 9
171 1461 10
172 1470 9
173 1480 10
174 1489 9
175 1499 10
176 1508 9
177 1516 8
178 1526 10
179 1533 7
180 1540 7
181 1550 10
182 1559 9
183 1568 9
184 1577 9
185 1585 8
186 1595 10
187 1605 10
188 1615 10
189 1624 9
190 1633 9
191 1642 9
192 1651 9
193 1659 8
194 1669 10
195 1679 10
196 1689 10
197 1698 9
198 1706 8
199 1715 9
200 1725 10
201 1733 8
202 1742 9
203 1752 10
204 1759 7
205 1769 10
206 1779 10
207 1788 9
208 1798 10
209 1808 10
210 1816 8
211 1826 10
212 1835 9
213 1845 10
214 1852 7
215 1861 9
216 1870 9
217 1880 10
218 1889 9
219 1897 8
220 1907 10
221 1915 8
222 1924 9
223 1933 9
224 1943 10
225 1952 9
226 1960 8
227 1969 9
228 1979 10
229 1989 10
230 1999 10
231 2009 10
232 2019 10
233 2027 8
234 2037 10
235 2044 7
236 2054 10
237 2064 10
238 2072 8
239 2082 10
240 2091 9
241 2101 10
242 2109 8
243 2115 6
244 2125 10
245 2133 8
246 2141 8
247 2148 7
248 2157 9
249 2166 9
250 2174 8
251 2183 9
252 2193 10
253 2203 10
254 2212 9
255 2221 9
256 2230 9
257 2239 9
258 2249 10
259 2259 10
260 2267 8
261 2277 10
262 2285 8
263 2295 10
264 2305 10
265 2315 10
266 2325 10
267 2333 8
268 2341 8
269 2350 9
270 2360 10
271 2369 9
272 2379 10
273 2388 9
274 2396 8
275 2405 9
276 2414 9
277 2423 9
278 2432 9
279 2442 10
280 2452 10
281 2462 10
282 2471 9
283 2481 10
284 2491 10
285 2500 9
286 2509 9
287 2519 10
288 2529 10
289 2539 10
290 2549 10
291 2558 9
292 2567 9
293 2577 10
294 2587 10
295 2596 9
296 2605 9
297 2615 10
298 2624 9
299 2632 8
300 2640 8
301 2650 10
302 2660 10
303 2670 10
304 2680 10
305 2690 10
306 2700 10
307 2708 8
308 2718 10
309 2728 10
310 2738 10
311 2747 9
312 2757 10
313 2767 10
314 2777 10
315 2786 9
316 2796 10
317 2806 10
318 2815 9
319 2825 10
320 2835 10
321 2844 9
322 2853 9
323 2863 10
324 2872 9
325 2881 9
326 2891 10
327 2897 6
328 2906 9
329 2914 8
330 2924 10
331 2932 8
332 2941 9
333 2949 8
334 2957 8
335 2967 10
336 2976 9
337 2986 10
338 2994 8
339 3003 9
340 3012 9
341 3021 9
342 3031 10
343 3040 9
344 3048 8
345 3056 8
346 3064 8
347 3073 9
348 3083 10
349 3092 9
350 3100 8
351 3107 7
352 3114 7
353 3123 9
354 3132 9
355 3140 8
356 3150 10
357 3157 7
358 3167 10
359 3177 10
360 3186 9
361 3196 10
362 3205 9
363 3214 9
364 3223 9
365 3232 9
366 3240 8
367 3250 10
368 3260 10
369 3269 9
370 3279 10
371 3287 8
372 3297 10
373 3305 8
374 3314 9
375 3323 9
376 3333 10
377 3343 10
378 3353 10
379 3361 8
380 3371 10
381 3380 9
382 3388 8
383 3398 10
384 3407 9
385 3416 9
386 3425 9
387 3433 8
388 3441 8
389 3450 9
390 3459 9
391 3469 10
392 3479 10
393 3488 9
394 3498 10
395 3508 10
396 3517 9
397 3527 10
398 3536 9
399 3545 9
400 3555 10
401 3565 10
402 3574 9
403 3582 8
404 3590 8
405 3600 10
406 3609 9
407 3618 9
408 3628 10
409 3638 10
410 3646 8
411 3656 10
412 3666 10
413 3676 10
414 3686 10
415 3694 8
416 3704 10
417 3714 10
418 3724 10
419 3733 9
420 3740 7
421 3749 9
422 3759 10
423 3769 10
424 3779 10
425 3788 9
426 3797 9
427 3806 9
428 3815 9
429 3825 10
430 3835 10
431 3845 10
432 3854 9
433 3864 10
434 3874 10
435 3883 9
436 3893 10
437 3903 10
438 3912 9
439 3921 9
440 3929 8
441 3939 10
442 3949 10
443 3959 10
444 3969 10
445 3979 10
446 3988 9
447 3998 10
448 4008 10
449 4018 10
450 4028 10
451 4037 9
452 4047 10
453 4056 9
454 4066 10
455 4076 10
456 4086 10
457 4095 9
458 4103 8
459 4111 8
460 4121 10
461 4130 9
462 4139 9
463 4148 9
464 4158 10
465 4166 8
466 4174 8
467 4182 8
468 4191 9
469 4201 10
470 4211 10
471 4220 9
472 4229 9
473 4239 10
474 4248 9
475 4258 10
476 4268 10
477 4277 9
478 4285 8
479 4295 10
480 4304 9
481 4313 9
482 4321 8
483 4331 10
484 4340 9
485 4347 7
486 4357 10
487 4367 10
488 4376 9
489 4385 9
490 4393 8
491 4402 9
492 4412 10
493 4420 8
494 4428 8
495 4437 9
496 4445 8
497 4454 9
498 4462 8
499 4469 7
500 4479 10
