1 6 6
2 12 6
3 21 9
4 27 6
5 34 7
6 41 7
7 47 6
8 56 9
9 62 6
10 69 7
11 76 7
12 85 9
13 94 9
14 102 8
15 107 5
16 114 7
17 122 8
18 129 7
19 137 8
20 146 9
21 154 8
22 162 8
23 169 7
24 178 9
25 187 9
26 196 9
27 205 9
28 214 9
29 224 10
30 233 9
31 240 7
32 249 9
33 258 9
34 268 10
35 277 9
36 283 6
37 293 10
38 301 8
39 308 7
40 316 8
41 325 9
42 332 7
43 341 9
44 351 10
45 361 10
46 369 8
47 377 8
48 387 10
49 396 9
50 405 9
51 413 8
52 420 7
53 428 8
54 438 10
55 446 8
56 456 10
57 465 9
58 473 8
59 481 8
60 491 10
61 499 8
62 509 10
63 518 9
64 527 9
65 536 9
66 545 9
67 555 10
68 564 9
69 572 8
70 581 9
71 590 9
72 599 9
73 608 9
74 617 9
75 625 8
76 635 10
77 644 9
78 654 10
79 663 9
80 672 9
81 680 8
82 690 10
83 699 9
84 707 8
85 717 10
86 727 10
87 736 9
88 745 9
89 753 8
90 763 10
91 773 10
92 782 9
93 791 9
94 799 8
95 809 10
96 818 9
97 827 9
98 835 8
99 844 9
100 852 8
101 861 9
102 867 6
103 876 9
104 886 10
105 896 10
106 906 10
107 913 7
108 921 8
109 930 9
110 940 10
111 949 9
112 958 9
113 966 8
114 975 9
115 985 10
116 995 10
117 1005 10
118 1014 9
119 1023 9
120 1032 9
121 1040 8
122 1046 6
123 1056 10
124 1066 10
125 1076 10
126 1085 9
127 1095 10
128 1102 7
129 1112 10
130 1122 10
131 1131 9
132 1141 10
133 1150 9
134 1159 9
135 1166 7
136 1174 8
137 1184 10
138 1193 9
139 1201 8
140 1209 8
141 1218 9
142 1228 10
143 1237 9
144 1246 9
145 1254 8
146 1262 8
147 1272 10
148 1281 9
149 1291 10
150 1300 9
151 1310 10
152 1319 9
153 1328 9
154 1337 9
155 1347 10
156 1357 10
157 1367 10
158 1375 8
159 1383 8
160 1392 9
161 1400 8
162 1409 9
163 1417 8
164 1427 10
165 1436 9
166 1444 8
167 1452 8
168 1462 10
169 1472 10
170 1481 9
171 1491 10
172 1501 10
173 1511 10
174 1519 8
175 1528 9
176 1537 9
177 1546 9
178 1555 9
179 1564 9
180 1573 9
181 1582 9
182 1592 10
183 1602 10
184 1609 7
185 1617 8
186 1626 9
187 1634 8
188 1642 8
189 1651 9
190 1660 9
191 1669 9
192 1676 7
193 1684 8
194 1694 10
195 1704 10
196 1712 8
197 1721 9
198 1731 10
199 1741 10
200 1751 10
201 1759 8
202 1769 10
203 1779 10
204 1788 9
205 1798 10
206 1808 10
207 1817 9
208 1827 10
209 1837 10
210 1847 10
211 1856 9
212 1866 10
213 1874 8
214 1883 9
215 1892 9
216 1901 9
217 1911 10
218 1920 9
219 1929 9
220 1939 10
221 1949 10
222 1959 10
223 1969 10
224 1978 9
225 1984 6
226 1992 8
227 2001 9
228 2010 9
229 2018 8
230 2026 8
231 2035 9
232 2044 9
233 2054 10
234 2064 10
235 2074 10
236 2083 9
237 2091 8
238 2101 10
239 2109 8
240 2118 9
241 2128 10
242 2136 8
243 2146 10
244 2155 9
245 2165 10
246 2175 10
247 2185 10
248 2194 9
249 2202 8
250 2211 9
251 2221 10
252 2231 10
253 2241 10
254 2250 9
255 2260 10
256 2268 8
257 2277 9
258 2286 9
259 2294 8
260 2304 10
261 2313 9
262 2322 9
263 2330 8
264 2340 10
265 2348 8
266 2357 9
267 2367 10
268 2377 10
269 2387 10
270 2397 10
271 2405 8
272 2414 9
273 2424 10
274 2432 8
275 2441 9
276 2449 8
277 2457 8
278 2466 9
279 2475 9
280 2482 7
281 2491 9
282 2501 10
283 2511 10
284 2521 10
285 2529 8
286 2538 9
287 2547 9
288 2557 10
289 2565 8
290 2575 10
291 2583 8
292 2593 10
293 2602 9
294 2612 10
295 2619 7
296 2629 10
297 2639 10
298 2648 9
299 2658 10
300 2668 10
301 2677 9
302 2687 10
303 2697 10
304 2706 9
305 2716 10
306 2725 9
307 2735 10
308 2745 10
309 2754 9
310 2763 9
311 2773 10
312 2782 9
313 2791 9
314 2801 10
315 2811 10
316 2820 9
317 2829 9
318 2839 10
319 2848 9
320 2856 8
321 2864 8
322 2872 8
323 2881 9
324 2891 10
325 2901 10
326 2909 8
327 2917 8
328 2926 9
329 2936 10
330 2946 10
331 2955 9
332 2964 9
333 2974 10
334 2984 10
335 2994 10
336 3002 8
337 3012 10
338 3022 10
339 3030 8
340 3038 8
341 3048 10
342 3058 10
343 3066 8
344 3076 10
345 3086 10
346 3096 10
347 3105 9
348 3113 8
349 3123 10
350 3132 9
351 3142 10
352 3151 9
353 3161 10
354 3171 10
355 3181 10
356 3191 10
357 3201 10
358 3210 9
359 3220 10
360 3229 9
361 3239 10
362 3249 10
363 3259 10
364 3267 8
365 3277 10
366 3286 9
367 3296 10
368 3305 9
369 3312 7
370 3322 10
371 3332 10
372 3341 9
373 3350 9
374 3359 9
375 3368 9
376 3377 9
377 3385 8
378 3394 9
379 3404 10
380 3413 9
381 3423 10
382 3432 9
383 3441 9
384 3451 10
385 3461 10
386 3469 8
387 3478 9
388 3487 9
389 3497 10
390 3506 9
391 3515 9
392 3524 9
393 3534 10
394 3542 8
395 3552 10
396 3560 8
397 3570 10
398 3578 8
399 3588 10
400 3596 8
401 3604 8
402 3614 10
403 3622 8
404 3631 9
405 3641 10
406 3650 9
407 3658 8
408 3668 10
409 3676 8
410 3684 8
411 3693 9
412 3703 10
413 3713 10
414 3722 9
415 3732 10
416 3742 10
417 3748 6
418 3755 7
419 3765 10
420 3775 10
421 3785 10
422 3794 9
423 3803 9
424 3811 8
425 3821 10
426 3830 9
427 3838 8
428 3847 9
429 3856 9
430 3865 9
431 3875 10
432 3885 10
433 3895 10
434 3904 9
435 3912 8
436 3921 9
437 3931 10
438 3941 10
439 3950 9
440 3960 10
441 3970 10
442 3978 8
443 3988 10
444 3998 10
445 4007 9
446 4015 8
447 4025 10
448 4035 10
449 4041 6
450 4051 10
451 4061 10
452 4071 10
453 4081 10
454 4089 8
455 4097 8
456 4106 9
457 4115 9
458 4124 9
459 4134 10
460 4143 9
461 4153 10
462 4162 9
463 4171 9
464 4180 9
465 4190 10
466 4199 9
467 4209 10
468 4219 10
469 4228 9
470 4237 9
471 4246 9
472 4255 9
473 4265 10
474 4275 10
475 4284 9
476 4293 9
477 4302 9
478 4312 10
479 4321 9
480 4328 7
481 4338 10
482 4346 8
483 4356 10
484 4366 10
485 4376 10
486 4386 10
487 4395 9
488 4405 10
489 4413 8
490 4423 10
491 4431 8
492 4441 10
493 4449 8
494 4458 9
495 4465 7
496 4473 8
497 4482 9
498 4492 10
499 4502 10
500 4511 9
