1 5 5
2 12 7
3 17 5
4 20 3
5 24 4
6 30 6
7 37 7
8 43 6
9 49 6
10 55 6
11 62 7
12 70 8
13 77 7
14 81 4
15 90 9
16 99 9
17 107 8
18 116 9
19 123 7
20 131 8
21 141 10
22 150 9
23 158 8
24 166 8
25 175 9
26 185 10
27 194 9
28 202 8
29 210 8
30 218 8
31 226 8
32 235 9
33 242 7
34 249 7
35 256 7
36 263 7
37 270 7
38 278 8
39 286 8
40 294 8
41 303 9
42 311 8
43 321 10
44 328 7
45 336 8
46 342 6
47 351 9
48 359 8
49 369 10
50 376 7
51 383 7
52 392 9
53 400 8
54 409 9
55 417 8
56 427 10
57 436 9
58 444 8
59 453 9
60 461 8
61 469 8
62 479 10
63 488 9
64 496 8
65 505 9
66 513 8
67 523 10
68 532 9
69 541 9
70 549 8
71 558 9
72 566 8
73 576 10
74 583 7
75 592 9
76 600 8
77 610 10
78 618 8
79 628 10
80 635 7
81 642 7
82 652 10
83 662 10
84 670 8
85 678 8
86 688 10
87 697 9
88 707 10
89 716 9
90 725 9
91 733 8
92 742 9
93 751 9
94 760 9
95 768 8
96 777 9
97 785 8
98 793 8
99 802 9
100 812 10
101 821 9
102 830 9
103 839 9
104 848 9
105 858 10
106 868 10
107 877 9
108 886 9
109 894 8
110 904 10
111 914 10
112 923 9
113 930 7
114 940 10
115 950 10
116 959 9
117 969 10
118 977 8
119 986 9
120 996 10
121 1005 9
122 1014 9
123 1023 9
124 1033 10
125 1043 10
126 1052 9
127 1062 10
128 1072 10
129 1082 10
130 1092 10
131 1102 10
132 1111 9
133 1119 8
134 1129 10
135 1139 10
136 1147 8
137 1156 9
138 1165 9
139 1172 7
140 1180 8
141 1190 10
142 1199 9
143 1208 9
144 1217 9
145 1227 10
146 1236 9
147 1245 9
148 1253 8
149 1262 9
150 1272 10
151 1282 10
152 1292 10
153 1301 9
154 1311 10
155 1319 8
156 1326 7
157 1334 8
158 1344 10
159 1353 9
160 1361 8
161 1371 10
162 1380 9
163 1390 10
164 1399 9
165 1408 9
166 1418 10
167 1427 9
168 1437 10
169 1445 8
170 1452 7
171 1460 8
172 1468 8
173 1478 10
174 1485 7
175 1495 10
176 1504 9
177 1513 9
178 1521 8
179 1529 8
180 1537 8
181 1547 10
182 1556 9
183 1563 7
184 1572 9
185 1582 10
186 1590 8
187 1600 10
188 1610 10
189 1620 10
190 1629 9
191 1638 9
192 1647 9
193 1657 10
194 1666 9
195 1676 10
196 1685 9
197 1693 8
198 1703 10
199 1711 8
200 1721 10
201 1729 8
202 1736 7
203 1743 7
204 1752 9
205 1762 10
206 1771 9
207 1781 10
208 1790 9
209 1800 10
210 1809 9
211 1819 10
212 1828 9
213 1837 9
214 1845 8
215 1853 8
216 1862 9
217 1871 9
218 1881 10
219 1890 9
220 1900 10
221 1908 8
222 1918 10
223 1928 10
224 1937 9
225 1947 10
226 1956 9
227 1965 9
228 1974 9
229 1983 9
230 1992 9
231 2001 9
232 2010 9
233 2018 8
234 2027 9
235 2037 10
236 2045 8
237 2053 8
238 2061 8
239 2071 10
240 2080 9
241 2090 10
242 2100 10
243 2106 6
244 2116 10
245 2126 10
246 2136 10
247 2144 8
248 2153 9
249 2163 10
250 2171 8
251 2180 9
252 2188 8
253 2197 9
254 2207 10
255 2216 9
256 2226 10
257 2234 8
258 2244 10
259 2253 9
260 2263 10
261 2271 8
262 2281 10
263 2290 9
264 2300 10
265 2308 8
266 2317 9
267 2326 9
268 2336 10
269 2346 10
270 2356 10
271 2365 9
272 2373 8
273 2382 9
274 2391 9
275 2400 9
276 2410 10
277 2420 10
278 2429 9
279 2438 9
280 2448 10
281 2455 7
282 2464 9
283 2473 9
284 2483 10
285 2493 10
286 2503 10
287 2512 9
288 2522 10
289 2531 9
290 2540 9
291 2550 10
292 2559 9
293 2569 10
294 2579 10
295 2588 9
296 2598 10
297 2608 10
298 2617 9
299 2626 9
300 2636 10
301 2645 9
302 2653 8
303 2663 10
304 2672 9
305 2682 10
306 2690 8
307 2699 9
308 2709 10
309 2716 7
310 2726 10
311 2735 9
312 2745 10
313 2755 10
314 2765 10
315 2775 10
316 2785 10
317 2795 10
318 2805 10
319 2811 6
320 2820 9
321 2830 10
322 2839 9
323 2849 10
324 2858 9
325 2868 10
326 2877 9
327 2884 7
328 2893 9
329 2902 9
330 2912 10
331 2921 9
332 2930 9
333 2940 10
334 2948 8
335 2956 8
336 2965 9
337 2973 8
338 2983 10
339 2993 10
340 3003 10
341 3013 10
342 3023 10
343 3033 10
344 3042 9
345 3052 10
346 3062 10
347 3070 8
348 3080 10
349 3089 9
350 3099 10
351 3109 10
352 3117 8
353 3127 10
354 3136 9
355 3145 9
356 3155 10
357 3165 10
358 3172 7
359 3180 8
360 3190 10
361 3198 8
362 3208 10
363 3217 9
364 3225 8
365 3234 9
366 3243 9
367 3253 10
368 3261 8
369 3270 9
370 3279 9
371 3288 9
372 3298 10
373 3308 10
374 3318 10
375 3327 9
376 3337 10
377 3347 10
378 3357 10
379 3367 10
380 3377 10
381 3387 10
382 3397 10
383 3407 10
384 3417 10
385 3427 10
386 3437 10
387 3447 10
388 3456 9
389 3466 10
390 3473 7
391 3482 9
392 3491 9
393 3500 9
394 3508 8
395 3517 9
396 3527 10
397 3537 10
398 3547 10
399 3556 9
400 3565 9
401 3573 8
402 3583 10
403 3593 10
404 3601 8
405 3610 9
406 3620 10
407 3629 9
408 3639 10
409 3649 10
410 3659 10
411 3668 9
412 3678 10
413 3686 8
414 3693 7
415 3703 10
416 3710 7
417 3720 10
418 3729 9
419 3739 10
420 3749 10
421 3758 9
422 3768 10
423 3778 10
424 3788 10
425 3797 9
426 3807 10
427 3817 10
428 3827 10
429 3835 8
430 3845 10
431 3855 10
432 3865 10
433 3875 10
434 3883 8
435 3892 9
436 3902 10
437 3911 9
438 3919 8
439 3929 10
440 3937 8
441 3946 9
442 3956 10
443 3966 10
444 3976 10
445 3986 10
446 3995 9
447 4005 10
448 4014 9
449 4024 10
450 4031 7
451 4040 9
452 4048 8
453 4058 10
454 4068 10
455 4077 9
456 4087 10
457 4095 8
458 4105 10
459 4113 8
460 4123 10
461 4133 10
462 4141 8
463 4150 9
464 4159 9
465 4168 9
466 4178 10
467 4188 10
468 4198 10
469 4208 10
470 4218 10
471 4226 8
472 4235 9
473 4245 10
474 4253 8
475 4262 9
476 4272 10
477 4281 9
478 4291 10
479 4301 10
480 4311 10
481 4320 9
482 4328 8
483 4337 9
484 4345 8
485 4354 9
486 4363 9
487 4371 8
488 4380 9
489 4390 10
490 4398 8
491 4406 8
492 4414 8
493 4423 9
494 4431 8
495 4440 9
496 4450 10
497 4459 9
498 4468 9
499 4478 10
500 4484 6
