1 2 2
2 7 5
3 12 5
4 21 9
5 25 4
6 30 5
7 38 8
8 47 9
9 53 6
10 59 6
11 67 8
12 75 8
13 78 3
14 86 8
15 93 7
16 103 10
17 111 8
18 118 7
19 128 10
20 136 8
21 144 8
22 152 8
23 161 9
24 168 7
25 175 7
26 184 9
27 194 10
28 199 5
29 208 9
30 213 5
31 220 7
32 227 7
33 237 10
34 245 8
35 254 9
36 263 9
37 270 7
38 279 9
39 287 8
40 294 7
41 301 7
42 308 7
43 317 9
44 325 8
45 335 10
46 345 10
47 354 9
48 360 6
49 370 10
50 379 9
51 389 10
52 398 9
53 406 8
54 416 10
55 425 9
56 434 9
57 442 8
58 452 10
59 461 9
60 467 6
61 474 7
62 484 10
63 491 7
64 500 9
65 510 10
66 518 8
67 528 10
68 536 8
69 546 10
70 555 9
71 564 9
72 574 10
73 583 9
74 590 7
75 599 9
76 609 10
77 618 9
78 627 9
79 633 6
80 643 10
81 653 10
82 661 8
83 670 9
84 679 9
85 687 8
86 694 7
87 703 9
88 712 9
89 721 9
90 730 9
91 738 8
92 747 9
93 757 10
94 767 10
95 774 7
96 783 9
97 793 10
98 803 10
99 812 9
100 820 8
101 828 8
102 837 9
103 846 9
104 854 8
105 862 8
106 871 9
107 880 9
108 889 9
109 899 10
110 909 10
111 917 8
112 926 9
113 935 9
114 944 9
115 953 9
116 962 9
117 971 9
118 981 10
119 989 8
120 998 9
121 1008 10
122 1017 9
123 1027 10
124 1034 7
125 1044 10
126 1054 10
127 1063 9
128 1073 10
129 1082 9
130 1092 10
131 1100 8
132 1109 9
133 1119 10
134 1125 6
135 1135 10
136 1145 10
137 1154 9
138 1162 8
139 1172 10
140 1178 6
141 1186 8
142 1194 8
143 1202 8
144 1212 10
145 1220 8
146 1229 9
147 1238 9
148 1247 9
149 1255 8
150 1265 10
151 1274 9
152 1283 9
153 1292 9
154 1301 9
155 1308 7
156 1317 9
157 1327 10
158 1335 8
159 1345 10
160 1354 9
161 1363 9
162 1371 8
163 1379 8
164 1388 9
165 1397 9
166 1406 9
167 1416 10
168 1425 9
169 1434 9
170 1443 9
171 1451 8
172 1461 10
173 1470 9
174 1478 8
175 1488 10
176 1497 9
177 1506 9
178 1515 9
179 1524 9
180 1534 10
181 1542 8
182 1550 8
183 1559 9
184 1569 10
185 1579 10
186 1589 10
187 1599 10
188 1609 10
189 1619 10
190 1627 8
191 1636 9
192 1645 9
193 1654 9
194 1663 9
195 1671 8
196 1680 9
197 1688 8
198 1697 9
199 1707 10
200 1715 8
201 1723 8
202 1733 10
203 1742 9
204 1751 9
205 1759 8
206 1768 9
207 1776 8
208 1783 7
209 1792 9
210 1800 8
211 1810 10
212 1819 9
213 1829 10
214 1838 9
215 1847 9
216 1856 9
217 1866 10
218 1874 8
219 1882 8
220 1890 8
221 1900 10
222 1908 8
223 1918 10
224 1928 10
225 1937 9
226 1946 9
227 1956 10
228 1966 10
229 1973 7
230 1983 10
231 1993 10
232 2002 9
233 2011 9
234 2021 10
235 2030 9
236 2039 9
237 2048 9
238 2057 9
239 2067 10
240 2077 10
241 2084 7
242 2091 7
243 2098 7
244 2107 9
245 2115 8
246 2124 9
247 2133 9
248 2142 9
249 2152 10
250 2161 9
251 2170 9
252 2179 9
253 2188 9
254 2196 8
255 2204 8
256 2211 7
257 2220 9
258 2230 10
259 2240 10
260 2250 10
261 2259 9
262 2268 9
263 2278 10
264 2286 8
265 2294 8
266 2303 9
267 2313 10
268 2321 8
269 2329 8
270 2337 8
271 2347 10
272 2357 10
273 2367 10
274 2377 10
275 2387 10
276 2394 7
277 2404 10
278 2413 9
279 2423 10
280 2432 9
281 2442 10
282 2450 8
283 2460 10
284 2469 9
285 2478 9
286 2487 9
287 2496 9
288 2505 9
289 2515 10
290 2524 9
291 2534 10
292 2542 8
293 2549 7
294 2558 9
295 2567 9
296 2575 8
297 2585 10
298 2594 9
299 2603 9
300 2613 10
301 2623 10
302 2633 10
303 2643 10
304 2652 9
305 2662 10
306 2671 9
307 2679 8
308 2688 9
309 2697 9
310 2706 9
311 2716 10
312 2726 10
313 2734 8
314 2743 9
315 2753 10
316 2762 9
317 2772 10
318 2782 10
319 2789 7
320 2798 9
321 2807 9
322 2815 8
323 2824 9
324 2832 8
325 2842 10
326 2852 10
327 2860 8
328 2869 9
329 2878 9
330 2887 9
331 2897 10
332 2906 9
333 2915 9
334 2923 8
335 2933 10
336 2942 9
337 2951 9
338 2961 10
339 2971 10
340 2980 9
341 2989 9
342 2998 9
343 3008 10
344 3018 10
345 3027 9
346 3037 10
347 3045 8
348 3054 9
349 3064 10
350 3073 9
351 3082 9
352 3092 10
353 3100 8
354 3106 6
355 3115 9
356 3124 9
357 3134 10
358 3144 10
359 3154 10
360 3162 8
361 3172 10
362 3181 9
363 3190 9
364 3199 9
365 3208 9
366 3215 7
367 3225 10
368 3235 10
369 3243 8
370 3251 8
371 3260 9
372 3269 9
373 3279 10
374 3289 10
375 3298 9
376 3308 10
377 3317 9
378 3326 9
379 3336 10
380 3346 10
381 3354 8
382 3361 7
383 3370 9
384 3380 10
385 3390 10
386 3399 9
387 3406 7
388 3416 10
389 3426 10
390 3435 9
391 3445 10
392 3455 10
393 3465 10
394 3475 10
395 3485 10
396 3492 7
397 3499 7
398 3508 9
399 3518 10
400 3527 9
401 3537 10
402 3545 8
403 3553 8
404 3562 9
405 3572 10
406 3581 9
407 3590 9
408 3599 9
409 3607 8
410 3616 9
411 3625 9
412 3634 9
413 3644 10
414 3652 8
415 3661 9
416 3670 9
417 3680 10
418 3688 8
419 3697 9
420 3706 9
421 3716 10
422 3725 9
423 3734 9
424 3742 8
425 3752 10
426 3761 9
427 3771 10
428 3780 9
429 3788 8
430 3798 10
431 3807 9
432 3817 10
433 3827 10
434 3837 10
435 3846 9
436 3856 10
437 3866 10
438 3875 9
439 3885 10
440 3895 10
441 3902 7
442 3911 9
443 3919 8
444 3927 8
445 3936 9
446 3945 9
447 3954 9
448 3963 9
449 3971 8
450 3981 10
451 3991 10
452 4000 9
453 4010 10
454 4018 8
455 4028 10
456 4038 10
457 4048 10
458 4058 10
459 4067 9
460 4076 9
461 4085 9
462 4094 9
463 4102 8
464 4111 9
465 4120 9
466 4129 9
467 4137 8
468 4146 9
469 4155 9
470 4164 9
471 4173 9
472 4183 10
473 4192 9
474 4200 8
475 4209 9
476 4219 10
477 4229 10
478 4238 9
479 4247 9
480 4255 8
481 4265 10
482 4275 10
483 4283 8
484 4293 10
485 4303 10
486 4310 7
487 4318 8
488 4326 8
489 4335 9
490 4344 9
491 4354 10
492 4364 10
493 4374 10
494 4380 6
495 4388 8
496 4397 9
497 4406 9
498 4416 10
499 4425 9
500 4435 10
