1 4 4
2 10 6
3 17 7
4 19 2
5 26 7
6 34 8
7 40 6
8 47 7
9 56 9
10 65 9
11 72 7
12 78 6
13 86 8
14 93 7
15 102 9
16 110 8
17 119 9
18 127 8
19 137 10
20 142 5
21 150 8
22 158 8
23 164 6
24 172 8
25 181 9
26 190 9
27 198 8
28 205 7
29 212 7
30 221 9
31 229 8
32 235 6
33 241 6
34 250 9
35 256 6
36 264 8
37 272 8
38 280 8
39 289 9
40 298 9
41 306 8
42 316 10
43 326 10
44 335 9
45 344 9
46 353 9
47 362 9
48 370 8
49 377 7
50 385 8
51 393 8
52 402 9
53 412 10
54 419 7
55 428 9
56 437 9
57 445 8
58 454 9
59 463 9
60 473 10
61 482 9
62 490 8
63 500 10
64 508 8
65 516 8
66 525 9
67 534 9
68 542 8
69 551 9
70 561 10
71 570 9
72 579 9
73 587 8
74 597 10
75 607 10
76 616 9
77 623 7
78 632 9
79 640 8
80 650 10
81 660 10
82 670 10
83 679 9
84 687 8
85 697 10
86 706 9
87 716 10
88 725 9
89 734 9
90 744 10
91 754 10
92 761 7
93 769 8
94 779 10
95 788 9
96 797 9
97 807 10
98 817 10
99 825 8
100 834 9
101 842 8
102 851 9
103 860 9
104 870 10
105 877 7
106 887 10
107 895 8
108 903 8
109 912 9
110 920 8
111 930 10
112 937 7
113 944 7
114 952 8
115 960 8
116 969 9
117 977 8
118 987 10
119 996 9
120 1006 10
121 1014 8
122 1023 9
123 1031 8
124 1039 8
125 1047 8
126 1057 10
127 1065 8
128 1075 10
129 1085 10
130 1094 9
131 1102 8
132 1110 8
133 1118 8
134 1126 8
135 1136 10
136 1146 10
137 1156 10
138 1165 9
139 1175 10
140 1184 9
141 1193 9
142 1202 9
143 1212 10
144 1222 10
145 1231 9
146 1240 9
147 1250 10
148 1258 8
149 1267 9
150 1276 9
151 1285 9
152 1293 8
153 1302 9
154 1312 10
155 1322 10
156 1330 8
157 1337 7
158 1345 8
159 1355 10
160 1365 10
161 1371 6
162 1378 7
163 1388 10
164 1395 7
165 1404 9
166 1412 8
167 1422 10
168 1432 10
169 1442 10
170 1451 9
171 1460 9
172 1469 9
173 1479 10
174 1488 9
175 1498 10
176 1507 9
177 1517 10
178 1526 9
179 1535 9
180 1544 9
181 1552 8
182 1559 7
183 1567 8
184 1576 9
185 1586 10
186 1594 8
187 1604 10
188 1613 9
189 1622 9
190 1631 9
191 1640 9
192 1647 7
193 1654 7
194 1664 10
195 1673 9
196 1681 8
197 1689 8
198 1698 9
199 1707 9
200 1715 8
201 1724 9
202 1733 9
203 1740 7
204 1750 10
205 1759 9
206 1768 9
207 1778 10
208 1787 9
209 1796 9
210 1806 10
211 1814 8
212 1823 9
213 1830 7
214 1840 10
215 1849 9
216 1859 10
217 1868 9
218 1876 8
219 1884 8
220 1894 10
221 1904 10
222 1912 8
223 1921 9
224 1931 10
225 1940 9
226 1949 9
227 1959 10
228 1969 10
229 1979 10
230 1986 7
231 1996 10
232 2005 9
233 2012 7
234 2021 9
235 2031 10
236 2041 10
237 2050 9
238 2059 9
239 2068 9
240 2076 8
241 2086 10
242 2096 10
243 2105 9
244 2115 10
245 2124 9
246 2134 10
247 2144 10
248 2154 10
249 2164 10
250 2173 9
251 2182 9
252 2191 9
253 2201 10
254 2210 9
255 2218 8
256 2227 9
257 2236 9
258 2246 10
259 2256 10
260 2264 8
261 2273 9
262 2282 9
263 2292 10
264 2301 9
265 2310 9
266 2320 10
267 2328 8
268 2338 10
269 2348 10
270 2357 9
271 2366 9
272 2376 10
273 2385 9
274 2394 9
275 2404 10
276 2414 10
277 2422 8
278 2432 10
279 2442 10
280 2452 10
281 2462 10
282 2472 10
283 2479 7
284 2489 10
285 2499 10
286 2509 10
287 2519 10
288 2529 10
289 2537 8
290 2546 9
291 2556 10
292 2565 9
293 2572 7
294 2582 10
295 2591 9
296 2601 10
297 2611 10
298 2621 10
299 2631 10
300 2640 9
301 2649 9
302 2659 10
303 2669 10
304 2678 9
305 2688 10
306 2698 10
307 2708 10
308 2717 9
309 2725 8
310 2734 9
311 2743 9
312 2752 9
313 2762 10
314 2771 9
315 2781 10
316 2789 8
317 2798 9
318 2806 8
319 2816 10
320 2825 9
321 2835 10
322 2845 10
323 2853 8
324 2863 10
325 2872 9
326 2880 8
327 2888 8
328 2898 10
329 2908 10
330 2917 9
331 2926 9
332 2936 10
333 2946 10
334 2953 7
335 2963 10
336 2973 10
337 2982 9
338 2992 10
339 3001 9
340 3011 10
341 3021 10
342 3030 9
343 3039 9
344 3048 9
345 3057 9
346 3066 9
347 3076 10
348 3085 9
349 3093 8
350 3103 10
351 3112 9
352 3122 10
353 3131 9
354 3140 9
355 3148 8
356 3158 10
357 3167 9
358 3177 10
359 3186 9
360 3196 10
361 3206 10
362 3215 9
363 3224 9
364 3233 9
365 3241 8
366 3250 9
367 3260 10
368 3269 9
369 3277 8
370 3287 10
371 3297 10
372 3306 9
373 3316 10
374 3325 9
375 3335 10
376 3345 10
377 3354 9
378 3363 9
379 3372 9
380 3381 9
381 3390 9
382 3400 10
383 3410 10
384 3418 8
385 3428 10
386 3437 9
387 3447 10
388 3457 10
389 3467 10
390 3477 10
391 3487 10
392 3497 10
393 3506 9
394 3516 10
395 3526 10
396 3533 7
397 3543 10
398 3552 9
399 3560 8
400 3570 10
401 3579 9
402 3587 8
403 3595 8
404 3604 9
405 3614 10
406 3624 10
407 3633 9
408 3640 7
409 3649 9
410 3656 7
411 3665 9
412 3673 8
413 3682 9
414 3691 9
415 3700 9
416 3709 9
417 3716 7
418 3726 10
419 3734 8
420 3744 10
421 3754 10
422 3764 10
423 3772 8
424 3782 10
425 3791 9
426 3799 8
427 3806 7
428 3815 9
429 3822 7
430 3829 7
431 3838 9
432 3847 9
433 3855 8
434 3865 10
435 3875 10
436 3884 9
437 3893 9
438 3903 10
439 3913 10
440 3923 10
441 3933 10
442 3943 10
443 3952 9
444 3962 10
445 3970 8
446 3980 10
447 3990 10
448 4000 10
449 4010 10
450 4020 10
451 4030 10
452 4040 10
453 4048 8
454 4056 8
455 4065 9
456 4073 8
457 4082 9
458 4091 9
459 4101 10
460 4111 10
461 4121 10
462 4131 10
463 4141 10
464 4150 9
465 4159 9
466 4168 9
467 4178 10
468 4188 10
469 4197 9
470 4207 10
471 4215 8
472 4225 10
473 4234 9
474 4244 10
475 4252 8
476 4260 8
477 4268 8
478 4278 10
479 4288 10
480 4298 10
481 4306 8
482 4315 9
483 4324 9
484 4334 10
485 4344 10
486 4354 10
487 4363 9
488 4373 10
489 4382 9
490 4391 9
491 4399 8
492 4409 10
493 4419 10
494 4429 10
495 4439 10
496 4449 10
497 4458 9
498 4468 10
499 4476 8
500 4485 9
