1 4 4
2 10 6
3 15 5
4 22 7
5 28 6
6 36 8
7 44 8
8 49 5
9 57 8
10 65 8
11 72 7
12 78 6
13 85 7
14 95 10
15 104 9
16 111 7
17 118 7
18 128 10
19 137 9
20 144 7
21 149 5
22 158 9
23 166 8
24 174 8
25 183 9
26 189 6
27 197 8
28 206 9
29 216 10
30 226 10
31 232 6
32 239 7
33 245 6
34 255 10
35 265 10
36 275 10
37 285 10
38 294 9
39 302 8
40 312 10
41 320 8
42 326 6
43 335 9
44 343 8
45 352 9
46 361 9
47 368 7
48 376 8
49 385 9
50 395 10
51 401 6
52 410 9
53 416 6
54 426 10
55 434 8
56 443 9
57 451 8
58 460 9
59 469 9
60 477 8
61 487 10
62 495 8
63 505 10
64 514 9
65 521 7
66 530 9
67 539 9
68 548 9
69 557 9
70 564 7
71 573 9
72 581 8
73 589 8
74 597 8
75 606 9
76 616 10
77 625 9
78 633 8
79 640 7
80 650 10
81 657 7
82 665 8
83 672 7
84 680 8
85 689 9
86 699 10
87 708 9
88 717 9
89 725 8
90 735 10
91 745 10
92 755 10
93 765 10
94 774 9
95 783 9
96 793 10
97 802 9
98 810 8
99 819 9
100 829 10
101 838 9
102 847 9
103 856 9
104 866 10
105 876 10
106 885 9
107 895 10
108 901 6
109 910 9
110 920 10
111 928 8
112 937 9
113 944 7
114 954 10
115 964 10
116 974 10
117 981 7
118 989 8
119 998 9
120 1007 9
121 1017 10
122 1026 9
123 1035 9
124 1042 7
125 1052 10
126 1060 8
127 1069 9
128 1077 8
129 1086 9
130 1095 9
131 1104 9
132 1113 9
133 1122 9
134 1131 9
135 1140 9
136 1149 9
137 1159 10
138 1168 9
139 1177 9
140 1187 10
141 1195 8
142 1205 10
143 1215 10
144 1224 9
145 1234 10
146 1243 9
147 1253 10
148 1262 9
149 1269 7
150 1278 9
151 1287 9
152 1297 10
153 1305 8
154 1314 9
155 1322 8
156 1332 10
157 1342 10
158 1351 9
159 1361 10
160 1371 10
161 1380 9
162 1390 10
163 1399 9
164 1409 10
165 1418 9
166 1426 8
167 1436 10
168 1445 9
169 1455 10
170 1465 10
171 1474 9
172 1483 9
173 1493 10
174 1500 7
175 1510 10
176 1519 9
177 1529 10
178 1537 8
179 1546 9
180 1555 9
181 1564 9
182 1574 10
183 1584 10
184 1593 9
185 1603 10
186 1613 10
187 1622 9
188 1630 8
189 1637 7
190 1645 8
191 1655 10
192 1664 9
193 1674 10
194 1684 10
195 1692 8
196 1702 10
197 1711 9
198 1721 10
199 1731 10
200 1739 8
201 1748 9
202 1758 10
203 1768 10
204 1778 10
205 1788 10
206 1798 10
207 1808 10
208 1818 10
209 1827 9
210 1837 10
211 1847 10
212 1856 9
213 1865 9
214 1872 7
215 1882 10
216 1890 8
217 1899 9
218 1908 9
219 1915 7
220 1923 8
221 1930 7
222 1939 9
223 1946 7
224 1954 8
225 1964 10
226 1973 9
227 1983 10
228 1993 10
229 2003 10
230 2013 10
231 2022 9
232 2028 6
233 2037 9
234 2046 9
235 2052 6
236 2060 8
237 2069 9
238 2076 7
239 2084 8
240 2093 9
241 2103 10
242 2112 9
243 2122 10
244 2130 8
245 2140 10
246 2149 9
247 2158 9
248 2167 9
249 2177 10
250 2187 10
251 2195 8
252 2205 10
253 2215 10
254 2224 9
255 2234 10
256 2243 9
257 2251 8
258 2261 10
259 2268 7
260 2276 8
261 2286 10
262 2295 9
263 2305 10
264 2315 10
265 2323 8
266 2333 10
267 2342 9
268 2349 7
269 2359 10
270 2367 8
271 2376 9
272 2385 9
273 2395 10
274 2405 10
275 2414 9
276 2424 10
277 2433 9
278 2443 10
279 2452 9
280 2462 10
281 2472 10
282 2480 8
283 2489 9
284 2499 10
285 2509 10
286 2519 10
287 2529 10
288 2539 10
289 2548 9
290 2558 10
291 2567 9
292 2576 9
293 2586 10
294 2594 8
295 2604 10
296 2614 10
297 2623 9
298 2631 8
299 2641 10
300 2651 10
301 2660 9
302 2669 9
303 2678 9
304 2687 9
305 2697 10
306 2706 9
307 2716 10
308 2725 9
309 2735 10
310 2745 10
311 2755 10
312 2763 8
313 2773 10
314 2783 10
315 2792 9
316 2800 8
317 2809 9
318 2819 10
319 2829 10
320 2837 8
321 2846 9
322 2856 10
323 2866 10
324 2874 8
325 2884 10
326 2894 10
327 2903 9
328 2912 9
329 2920 8
330 2930 10
331 2938 8
332 2947 9
333 2956 9
334 2965 9
335 2974 9
336 2984 10
337 2991 7
338 3000 9
339 3009 9
340 3017 8
341 3027 10
342 3037 10
343 3046 9
344 3053 7
345 3063 10
346 3073 10
347 3082 9
348 3089 7
349 3099 10
350 3108 9
351 3118 10
352 3128 10
353 3137 9
354 3146 9
355 3156 10
356 3165 9
357 3175 10
358 3184 9
359 3192 8
360 3201 9
361 3211 10
362 3221 10
363 3229 8
364 3238 9
365 3247 9
366 3256 9
367 3265 9
368 3275 10
369 3285 10
370 3294 9
371 3304 10
372 3313 9
373 3323 10
374 3333 10
375 3342 9
376 3352 10
377 3362 10
378 3372 10
379 3382 10
380 3391 9
381 3399 8
382 3409 10
383 3419 10
384 3428 9
385 3438 10
386 3444 6
387 3453 9
388 3461 8
389 3470 9
390 3479 9
391 3488 9
392 3497 9
393 3505 8
394 3514 9
395 3522 8
396 3532 10
397 3542 10
398 3551 9
399 3561 10
400 3571 10
401 3581 10
402 3590 9
403 3600 10
404 3609 9
405 3619 10
406 3629 10
407 3637 8
408 3645 8
409 3655 10
410 3665 10
411 3674 9
412 3683 9
413 3692 9
414 3702 10
415 3711 9
416 3721 10
417 3729 8
418 3738 9
419 3748 10
420 3758 10
421 3768 10
422 3778 10
423 3788 10
424 3796 8
425 3805 9
426 3814 9
427 3822 8
428 3832 10
429 3842 10
430 3852 10
431 3862 10
432 3872 10
433 3882 10
434 3892 10
435 3900 8
436 3910 10
437 3920 10
438 3930 10
439 3939 9
440 3949 10
441 3958 9
442 3967 9
443 3977 10
444 3986 9
445 3995 9
446 4005 10
447 4014 9
448 4024 10
449 4033 9
450 4042 9
451 4051 9
452 4060 9
453 4070 10
454 4080 10
455 4089 9
456 4099 10
457 4107 8
458 4115 8
459 4125 10
460 4134 9
461 4144 10
462 4154 10
463 4164 10
464 4174 10
465 4183 9
466 4192 9
467 4200 8
468 4208 8
469 4217 9
470 4225 8
471 4234 9
472 4244 10
473 4252 8
474 4260 8
475 4269 9
476 4278 9
477 4287 9
478 4294 7
479 4301 7
480 4310 9
481 4319 9
482 4329 10
483 4338 9
484 4347 9
485 4357 10
486 4367 10
487 4377 10
488 4387 10
489 4396 9
490 4404 8
491 4412 8
492 4421 9
493 4430 9
494 4440 10
495 4449 9
496 4459 10
497 4467 8
498 4476 9
499 4485 9
500 4495 10
