1 6 6
2 12 6
3 15 3
4 21 6
5 26 5
6 31 5
7 38 7
8 45 7
9 51 6
10 55 4
11 60 5
12 68 8
13 75 7
14 81 6
15 90 9
16 98 8
17 107 9
18 115 8
19 124 9
20 133 9
21 141 8
22 146 5
23 155 9
24 165 10
25 174 9
26 179 5
27 186 7
28 194 8
29 203 9
30 210 7
31 220 10
32 226 6
33 231 5
34 240 9
35 250 10
36 259 9
37 269 10
38 279 10
39 287 8
40 297 10
41 306 9
42 312 6
43 321 9
44 328 7
45 337 9
46 346 9
47 355 9
48 363 8
49 373 10
50 381 8
51 390 9
52 399 9
53 408 9
54 416 8
55 426 10
56 434 8
57 444 10
58 454 10
59 463 9
60 471 8
61 481 10
62 490 9
63 498 8
64 508 10
65 516 8
66 523 7
67 532 9
68 542 10
69 550 8
70 560 10
71 570 10
72 579 9
73 588 9
74 598 10
75 607 9
76 617 10
77 626 9
78 636 10
79 646 10
80 655 9
81 663 8
82 672 9
83 682 10
84 691 9
85 699 8
86 708 9
87 717 9
88 727 10
89 737 10
90 744 7
91 754 10
92 762 8
93 768 6
94 778 10
95 786 8
96 796 10
97 806 10
98 815 9
99 825 10
100 834 9
101 843 9
102 850 7
103 860 10
104 870 10
105 878 8
106 887 9
107 895 8
108 904 9
109 912 8
110 919 7
111 927 8
112 937 10
113 945 8
114 953 8
115 961 8
116 970 9
117 979 9
118 988 9
119 997 9
120 1005 8
121 1013 8
122 1022 9
123 1031 9
124 1039 8
125 1049 10
126 1058 9
127 1067 9
128 1076 9
129 1086 10
130 1095 9
131 1105 10
132 1114 9
133 1124 10
134 1132 8
135 1140 8
136 1148 8
137 1155 7
138 1164 9
139 1174 10
140 1183 9
141 1192 9
142 1202 10
143 1211 9
144 1219 8
145 1229 10
146 1238 9
147 1248 10
148 1258 10
149 1268 10
150 1275 7
151 1285 10
152 1293 8
153 1302 9
154 1311 9
155 1320 9
156 1329 9
157 1336 7
158 1344 8
159 1353 9
160 1361 8
161 1371 10
162 1380 9
163 1389 9
164 1399 10
165 1409 10
166 1418 9
167 1426 8
168 1434 8
169 1443 9
170 1452 9
171 1459 7
172 1469 10
173 1479 10
174 1488 9
175 1496 8
176 1505 9
177 1515 10
178 1523 8
179 1532 9
180 1540 8
181 1550 10
182 1560 10
183 1569 9
184 1578 9
185 1585 7
186 1594 9
187 1602 8
188 1610 8
189 1616 6
190 1625 9
191 1634 9
192 1644 10
193 1654 10
194 1663 9
195 1671 8
196 1681 10
197 1691 10
198 1700 9
199 1708 8
200 1716 8
201 1725 9
202 1733 8
203 1742 9
204 1752 10
205 1761 9
206 1770 9
207 1778 8
208 1788 10
209 1797 9
210 1807 10
211 1814 7
212 1824 10
213 1834 10
214 1843 9
215 1853 10
216 1862 9
217 1871 9
218 1881 10
219 1890 9
220 1897 7
221 1904 7
222 1914 10
223 1923 9
224 1931 8
225 1940 9
226 1950 10
227 1960 10
228 1969 9
229 1977 8
230 1987 10
231 1997 10
232 2007 10
233 2017 10
234 2027 10
235 2037 10
236 2047 10
237 2056 9
238 2063 7
239 2071 8
240 2079 8
241 2089 10
242 2098 9
243 2108 10
244 2117 9
245 2125 8
246 2131 6
247 2141 10
248 2150 9
249 2159 9
250 2168 9
251 2177 9
252 2186 9
253 2193 7
254 2203 10
255 2213 10
256 2221 8
257 2231 10
258 2241 10
259 2250 9
260 2259 9
261 2264 5
262 2273 9
263 2283 10
264 2292 9
265 2300 8
266 2310 10
267 2320 10
268 2328 8
269 2336 8
270 2346 10
271 2356 10
272 2366 10
273 2376 10
274 2385 9
275 2393 8
276 2402 9
277 2411 9
278 2420 9
279 2429 9
280 2438 9
281 2447 9
282 2457 10
283 2466 9
284 2476 10
285 2486 10
286 2496 10
287 2504 8
288 2512 8
289 2521 9
290 2530 9
291 2540 10
292 2550 10
293 2560 10
294 2569 9
295 2578 9
296 2588 10
297 2596 8
298 2606 10
299 2615 9
300 2624 9
301 2634 10
302 2644 10
303 2654 10
304 2663 9
305 2672 9
306 2682 10
307 2691 9
308 2701 10
309 2711 10
310 2719 8
311 2729 10
312 2739 10
313 2748 9
314 2756 8
315 2766 10
316 2776 10
317 2786 10
318 2793 7
319 2801 8
320 2810 9
321 2817 7
322 2827 10
323 2836 9
324 2845 9
325 2853 8
326 2862 9
327 2872 10
328 2880 8
329 2889 9
330 2898 9
331 2908 10
332 2917 9
333 2926 9
334 2936 10
335 2946 10
336 2956 10
337 2965 9
338 2974 9
339 2984 10
340 2994 10
341 3002 8
342 3012 10
343 3021 9
344 3031 10
345 3039 8
346 3049 10
347 3059 10
348 3067 8
349 3077 10
350 3086 9
351 3095 9
352 3105 10
353 3115 10
354 3124 9
355 3132 8
356 3141 9
357 3150 9
358 3159 9
359 3168 9
360 3176 8
361 3184 8
362 3194 10
363 3204 10
364 3212 8
365 3222 10
366 3232 10
367 3241 9
368 3251 10
369 3260 9
370 3270 10
371 3280 10
372 3288 8
373 3296 8
374 3305 9
375 3315 10
376 3324 9
377 3334 10
378 3343 9
379 3352 9
380 3362 10
381 3372 10
382 3382 10
383 3392 10
384 3402 10
385 3412 10
386 3421 9
387 3430 9
388 3440 10
389 3450 10
390 3459 9
391 3469 10
392 3478 9
393 3487 9
394 3495 8
395 3502 7
396 3511 9
397 3521 10
398 3530 9
399 3539 9
400 3549 10
401 3558 9
402 3568 10
403 3576 8
404 3584 8
405 3594 10
406 3602 8
407 3610 8
408 3618 8
409 3628 10
410 3637 9
411 3647 10
412 3656 9
413 3666 10
414 3675 9
415 3684 9
416 3694 10
417 3704 10
418 3714 10
419 3723 9
420 3732 9
421 3739 7
422 3749 10
423 3759 10
424 3769 10
425 3777 8
426 3785 8
427 3794 9
428 3804 10
429 3814 10
430 3822 8
431 3832 10
432 3841 9
433 3850 9
434 3858 8
435 3866 8
436 3876 10
437 3885 9
438 3895 10
439 3904 9
440 3913 9
441 3920 7
442 3928 8
443 3935 7
444 3943 8
445 3952 9
446 3961 9
447 3971 10
448 3980 9
449 3988 8
450 3997 9
451 4006 9
452 4015 9
453 4024 9
454 4033 9
455 4042 9
456 4050 8
457 4060 10
458 4070 10
459 4080 10
460 4087 7
461 4096 9
462 4105 9
463 4115 10
464 4125 10
465 4135 10
466 4145 10
467 4153 8
468 4163 10
469 4172 9
470 4182 10
471 4190 8
472 4200 10
473 4209 9
474 4217 8
475 4227 10
476 4237 10
477 4247 10
478 4256 9
479 4266 10
480 4275 9
481 4285 10
482 4295 10
483 4305 10
484 4313 8
485 4323 10
486 4332 9
487 4342 10
488 4351 9
489 4361 10
490 4371 10
491 4380 9
492 4389 9
493 4397 8
494 4407 10
495 4416 9
496 4424 8
497 4433 9
498 4440 7
499 4450 10
500 4460 10
