1 6 6
2 12 6
3 17 5
4 26 9
5 34 8
6 42 8
7 47 5
8 53 6
9 60 7
10 69 9
11 76 7
12 83 7
13 88 5
14 95 7
15 100 5
16 108 8
17 116 8
18 125 9
19 134 9
20 142 8
21 148 6
22 157 9
23 167 10
24 176 9
25 183 7
26 193 10
27 203 10
28 212 9
29 221 9
30 230 9
31 239 9
32 247 8
33 255 8
34 262 7
35 269 7
36 278 9
37 287 9
38 293 6
39 303 10
40 313 10
41 322 9
42 332 10
43 341 9
44 350 9
45 357 7
46 366 9
47 374 8
48 383 9
49 392 9
50 401 9
51 410 9
52 420 10
53 428 8
54 437 9
55 446 9
56 455 9
57 464 9
58 473 9
59 483 10
60 492 9
61 501 9
62 511 10
63 519 8
64 528 9
65 538 10
66 547 9
67 557 10
68 567 10
69 577 10
70 585 8
71 595 10
72 604 9
73 614 10
74 623 9
75 633 10
76 638 5
77 646 8
78 654 8
79 664 10
80 673 9
81 682 9
82 692 10
83 700 8
84 708 8
85 718 10
86 726 8
87 734 8
88 744 10
89 754 10
90 763 9
91 773 10
92 780 7
93 790 10
94 800 10
95 808 8
96 817 9
97 827 10
98 836 9
99 845 9
100 853 8
101 862 9
102 872 10
103 882 10
104 892 10
105 902 10
106 911 9
107 920 9
108 930 10
109 939 9
110 949 10
111 959 10
112 968 9
113 976 8
114 985 9
115 995 10
116 1002 7
117 1011 9
118 1019 8
119 1029 10
120 1039 10
121 1049 10
122 1058 9
123 1068 10
124 1078 10
125 1086 8
126 1095 9
127 1102 7
128 1112 10
129 1122 10
130 1132 10
131 1142 10
132 1150 8
133 1160 10
134 1169 9
135 1179 10
136 1188 9
137 1196 8
138 1204 8
139 1213 9
140 1222 9
141 1232 10
142 1242 10
143 1250 8
144 1259 9
145 1269 10
146 1279 10
147 1287 8
148 1296 9
149 1304 8
150 1314 10
151 1322 8
152 1331 9
153 1339 8
154 1346 7
155 1354 8
156 1363 9
157 1372 9
158 1380 8
159 1390 10
160 1400 10
161 1409 9
162 1419 10
163 1429 10
164 1437 8
165 1447 10
166 1456 9
167 1465 9
168 1474 9
169 1480 6
170 1489 9
171 1498 9
172 1508 10
173 1517 9
174 1526 9
175 1536 10
176 1546 10
177 1555 9
178 1565 10
179 1573 8
180 1583 10
181 1593 10
182 1603 10
183 1613 10
184 1623 10
185 1632 9
186 1642 10
187 1651 9
188 1660 9
189 1669 9
190 1678 9
191 1687 9
192 1696 9
193 1704 8
194 1713 9
195 1722 9
196 1731 9
197 1740 9
198 1749 9
199 1758 9
200 1766 8
201 1775 9
202 1785 10
203 1795 10
204 1804 9
205 1814 10
206 1823 9
207 1833 10
208 1842 9
209 1852 10
210 1862 10
211 1871 9
212 1880 9
213 1889 9
214 1898 9
215 1908 10
216 1918 10
217 1928 10
218 1937 9
219 1947 10
220 1954 7
221 1964 10
222 1973 9
223 1982 9
224 1990 8
225 2000 10
226 2009 9
227 2019 10
228 2027 8
229 2035 8
230 2044 9
231 2052 8
232 2061 9
233 2069 8
234 2076 7
235 2086 10
236 2092 6
237 2102 10
238 2111 9
239 2121 10
240 2129 8
241 2138 9
242 2147 9
243 2155 8
244 2164 9
245 2173 9
246 2180 7
247 2186 6
248 2195 9
249 2204 9
250 2212 8
251 2221 9
252 2230 9
253 2239 9
254 2248 9
255 2258 10
256 2268 10
257 2276 8
258 2286 10
259 2295 9
260 2302 7
261 2311 9
262 2321 10
263 2330 9
264 2340 10
265 2350 10
266 2358 8
267 2364 6
268 2373 9
269 2382 9
270 2390 8
271 2399 9
272 2409 10
273 2417 8
274 2426 9
275 2436 10
276 2445 9
277 2455 10
278 2465 10
279 2475 10
280 2485 10
281 2495 10
282 2504 9
283 2513 9
284 2521 8
285 2531 10
286 2541 10
287 2551 10
288 2561 10
289 2570 9
290 2580 10
291 2589 9
292 2596 7
293 2606 10
294 2614 8
295 2623 9
296 2632 9
297 2642 10
298 2650 8
299 2659 9
300 2667 8
301 2677 10
302 2686 9
303 2696 10
304 2705 9
305 2715 10
306 2723 8
307 2733 10
308 2742 9
309 2748 6
310 2758 10
311 2767 9
312 2777 10
313 2787 10
314 2796 9
315 2805 9
316 2813 8
317 2822 9
318 2832 10
319 2842 10
320 2852 10
321 2862 10
322 2870 8
323 2878 8
324 2888 10
325 2898 10
326 2908 10
327 2917 9
328 2926 9
329 2936 10
330 2945 9
331 2955 10
332 2965 10
333 2975 10
334 2984 9
335 2994 10
336 3003 9
337 3013 10
338 3023 10
339 3032 9
340 3042 10
341 3051 9
342 3059 8
343 3069 10
344 3079 10
345 3088 9
346 3097 9
347 3107 10
348 3117 10
349 3127 10
350 3137 10
351 3145 8
352 3155 10
353 3165 10
354 3175 10
355 3184 9
356 3193 9
357 3203 10
358 3213 10
359 3223 10
360 3233 10
361 3241 8
362 3251 10
363 3260 9
364 3269 9
365 3279 10
366 3288 9
367 3298 10
368 3308 10
369 3316 8
370 3325 9
371 3332 7
372 3341 9
373 3349 8
374 3359 10
375 3369 10
376 3378 9
377 3386 8
378 3395 9
379 3405 10
380 3412 7
381 3420 8
382 3429 9
383 3438 9
384 3446 8
385 3456 10
386 3464 8
387 3472 8
388 3480 8
389 3489 9
390 3497 8
391 3507 10
392 3516 9
393 3525 9
394 3532 7
395 3541 9
396 3549 8
397 3555 6
398 3564 9
399 3573 9
400 3582 9
401 3591 9
402 3601 10
403 3610 9
404 3619 9
405 3628 9
406 3637 9
407 3647 10
408 3655 8
409 3664 9
410 3674 10
411 3683 9
412 3692 9
413 3702 10
414 3711 9
415 3721 10
416 3730 9
417 3739 9
418 3747 8
419 3756 9
420 3765 9
421 3775 10
422 3784 9
423 3794 10
424 3804 10
425 3814 10
426 3824 10
427 3833 9
428 3843 10
429 3853 10
430 3861 8
431 3869 8
432 3879 10
433 3888 9
434 3895 7
435 3901 6
436 3911 10
437 3920 9
438 3929 9
439 3938 9
440 3946 8
441 3955 9
442 3964 9
443 3971 7
444 3981 10
445 3990 9
446 3999 9
447 4007 8
448 4014 7
449 4022 8
450 4031 9
451 4040 9
452 4050 10
453 4060 10
454 4070 10
455 4080 10
456 4089 9
457 4098 9
458 4108 10
459 4118 10
460 4127 9
461 4136 9
462 4146 10
463 4156 10
464 4166 10
465 4176 10
466 4185 9
467 4195 10
468 4203 8
469 4213 10
470 4219 6
471 4227 8
472 4236 9
473 4245 9
474 4255 10
475 4263 8
476 4270 7
477 4278 8
478 4287 9
479 4296 9
480 4306 10
481 4316 10
482 4325 9
483 4334 9
484 4343 9
485 4353 10
486 4362 9
487 4371 9
488 4380 9
489 4388 8
490 4396 8
491 4405 9
492 4414 9
493 4424 10
494 4433 9
495 4443 10
496 4451 8
497 4460 9
498 4470 10
499 4480 10
500 4488 8
