1 1 1
2 8 7
3 14 6
4 20 6
5 29 9
6 35 6
7 39 4
8 46 7
9 54 8
10 61 7
11 69 8
12 78 9
13 83 5
14 91 8
15 97 6
16 106 9
17 114 8
18 124 10
19 134 10
20 141 7
21 149 8
22 157 8
23 167 10
24 174 7
25 181 7
26 188 7
27 195 7
28 202 7
29 208 6
30 217 9
31 224 7
32 234 10
33 244 10
34 253 9
35 262 9
36 271 9
37 280 9
38 290 10
39 299 9
40 308 9
41 316 8
42 326 10
43 334 8
44 341 7
45 350 9
46 359 9
47 368 9
48 378 10
49 387 9
50 397 10
51 406 9
52 415 9
53 425 10
54 433 8
55 442 9
56 451 9
57 460 9
58 468 8
59 477 9
60 485 8
61 495 10
62 505 10
63 513 8
64 522 9
65 530 8
66 540 10
67 550 10
68 560 10
69 570 10
70 578 8
71 587 9
72 596 9
73 604 8
74 614 10
75 622 8
76 630 8
77 639 9
78 648 9
79 657 9
80 667 10
81 675 8
82 685 10
83 695 10
84 705 10
85 715 10
86 723 8
87 732 9
88 740 8
89 749 9
90 759 10
91 768 9
92 777 9
93 787 10
94 796 9
95 805 9
96 813 8
97 822 9
98 831 9
99 841 10
100 850 9
101 859 9
102 869 10
103 879 10
104 889 10
105 898 9
106 908 10
107 916 8
108 926 10
109 934 8
110 942 8
111 950 8
112 958 8
113 967 9
114 974 7
115 982 8
116 991 9
117 999 8
118 1008 9
119 1016 8
120 1026 10
121 1036 10
122 1046 10
123 1055 9
124 1063 8
125 1073 10
126 1083 10
127 1092 9
128 1100 8
129 1109 9
130 1118 9
131 1127 9
132 1136 9
133 1146 10
134 1155 9
135 1165 10
136 1173 8
137 1183 10
138 1192 9
139 1201 9
140 1208 7
141 1218 10
142 1228 10
143 1237 9
144 1247 10
145 1255 8
146 1264 9
147 1272 8
148 1282 10
149 1292 10
150 1298 6
151 1307 9
152 1315 8
153 1323 8
154 1332 9
155 1340 8
156 1349 9
157 1359 10
158 1368 9
159 1377 9
160 1385 8
161 1395 10
162 1403 8
163 1413 10
164 1423 10
165 1431 8
166 1440 9
167 1448 8
168 1455 7
169 1465 10
170 1474 9
171 1483 9
172 1492 9
173 1501 9
174 1511 10
175 1519 8
176 1528 9
177 1538 10
178 1546 8
179 1554 8
180 1563 9
181 1573 10
182 1582 9
183 1590 8
184 1599 9
185 1607 8
186 1617 10
187 1627 10
188 1635 8
189 1642 7
190 1649 7
191 1658 9
192 1666 8
193 1674 8
194 1684 10
195 1694 10
196 1704 10
197 1713 9
198 1723 10
199 1731 8
200 1739 8
201 1749 10
202 1759 10
203 1768 9
204 1777 9
205 1783 6
206 1791 8
207 1799 8
208 1807 8
209 1812 5
210 1822 10
211 1832 10
212 1841 9
213 1849 8
214 1859 10
215 1868 9
216 1878 10
217 1887 9
218 1896 9
219 1904 8
220 1913 9
221 1922 9
222 1932 10
223 1942 10
224 1952 10
225 1960 8
226 1969 9
227 1977 8
228 1987 10
229 1996 9
230 2006 10
231 2013 7
232 2021 8
233 2031 10
234 2039 8
235 2047 8
236 2056 9
237 2066 10
238 2076 10
239 2085 9
240 2093 8
241 2102 9
242 2112 10
243 2121 9
244 2130 9
245 2140 10
246 2150 10
247 2159 9
248 2169 10
249 2179 10
250 2189 10
251 2198 9
252 2208 10
253 2214 6
254 2223 9
255 2233 10
256 2242 9
257 2251 9
258 2261 10
259 2271 10
260 2280 9
261 2290 10
262 2298 8
263 2306 8
264 2315 9
265 2324 9
266 2333 9
267 2343 10
268 2353 10
269 2363 10
270 2373 10
271 2383 10
272 2393 10
273 2403 10
274 2412 9
275 2420 8
276 2430 10
277 2440 10
278 2449 9
279 2458 9
280 2468 10
281 2477 9
282 2487 10
283 2496 9
284 2506 10
285 2516 10
286 2526 10
287 2535 9
288 2545 10
289 2554 9
290 2563 9
291 2572 9
292 2578 6
293 2585 7
294 2595 10
295 2604 9
296 2612 8
297 2622 10
298 2632 10
299 2640 8
300 2648 8
301 2657 9
302 2666 9
303 2675 9
304 2684 9
305 2694 10
306 2702 8
307 2712 10
308 2722 10
309 2732 10
310 2741 9
311 2748 7
312 2757 9
313 2767 10
314 2777 10
315 2785 8
316 2795 10
317 2805 10
318 2815 10
319 2824 9
320 2833 9
321 2841 8
322 2851 10
323 2860 9
324 2869 9
325 2879 10
326 2888 9
327 2898 10
328 2904 6
329 2913 9
330 2922 9
331 2930 8
332 2939 9
333 2947 8
334 2957 10
335 2965 8
336 2975 10
337 2984 9
338 2993 9
339 3001 8
340 3010 9
341 3018 8
342 3027 9
343 3035 8
344 3044 9
345 3054 10
346 3064 10
347 3072 8
348 3081 9
349 3091 10
350 3100 9
351 3110 10
352 3119 9
353 3127 8
354 3137 10
355 3145 8
356 3154 9
357 3164 10
358 3172 8
359 3182 10
360 3192 10
361 3202 10
362 3211 9
363 3220 9
364 3229 9
365 3238 9
366 3246 8
367 3256 10
368 3266 10
369 3275 9
370 3285 10
371 3293 8
372 3303 10
373 3313 10
374 3323 10
375 3332 9
376 3342 10
377 3351 9
378 3360 9
379 3370 10
380 3380 10
381 3390 10
382 3397 7
383 3404 7
384 3413 9
385 3423 10
386 3433 10
387 3442 9
388 3451 9
389 3461 10
390 3471 10
391 3481 10
392 3490 9
393 3500 10
394 3509 9
395 3519 10
396 3529 10
397 3537 8
398 3546 9
399 3554 8
400 3563 9
401 3572 9
402 3581 9
403 3590 9
404 3600 10
405 3609 9
406 3619 10
407 3626 7
408 3633 7
409 3643 10
410 3652 9
411 3661 9
412 3668 7
413 3676 8
414 3686 10
415 3696 10
416 3706 10
417 3716 10
418 3726 10
419 3736 10
420 3744 8
421 3754 10
422 3764 10
423 3772 8
424 3782 10
425 3791 9
426 3799 8
427 3808 9
428 3816 8
429 3826 10
430 3835 9
431 3845 10
432 3854 9
433 3863 9
434 3873 10
435 3883 10
436 3890 7
437 3898 8
438 3907 9
439 3916 9
440 3925 9
441 3935 10
442 3945 10
443 3954 9
444 3961 7
445 3971 10
446 3981 10
447 3990 9
448 4000 10
449 4008 8
450 4015 7
451 4025 10
452 4034 9
453 4043 9
454 4052 9
455 4061 9
456 4070 9
457 4080 10
458 4090 10
459 4099 9
460 4109 10
461 4119 10
462 4128 9
463 4138 10
464 4147 9
465 4157 10
466 4165 8
467 4175 10
468 4185 10
469 4193 8
470 4202 9
471 4211 9
472 4221 10
473 4231 10
474 4240 9
475 4250 10
476 4259 9
477 4269 10
478 4278 9
479 4288 10
480 4298 10
481 4308 10
482 4318 10
483 4328 10
484 4338 10
485 4347 9
486 4357 10
487 4365 8
488 4375 10
489 4383 8
490 4392 9
491 4402 10
492 4411 9
493 4420 9
494 4429 9
495 4437 8
496 4447 10
497 4456 9
498 4466 10
499 4476 10
500 4486 10
