1 5 5
2 12 7
3 17 5
4 23 6
5 30 7
6 37 7
7 43 6
8 51 8
9 57 6
10 62 5
11 71 9
12 76 5
13 84 8
14 92 8
15 101 9
16 109 8
17 115 6
18 122 7
19 128 6
20 137 9
21 146 9
22 156 10
23 166 10
24 173 7
25 181 8
26 191 10
27 199 8
28 207 8
29 214 7
30 222 8
31 231 9
32 241 10
33 250 9
34 257 7
35 266 9
36 275 9
37 284 9
38 293 9
39 302 9
40 311 9
41 319 8
42 328 9
43 336 8
44 346 10
45 354 8
46 361 7
47 370 9
48 379 9
49 387 8
50 396 9
51 401 5
52 408 7
53 418 10
54 427 9
55 436 9
56 444 8
57 454 10
58 464 10
59 472 8
60 480 8
61 489 9
62 499 10
63 507 8
64 516 9
65 526 10
66 534 8
67 543 9
68 552 9
69 560 8
70 569 9
71 578 9
72 587 9
73 594 7
74 603 9
75 612 9
76 622 10
77 631 9
78 641 10
79 650 9
80 657 7
81 666 9
82 675 9
83 685 10
84 693 8
85 702 9
86 712 10
87 721 9
88 731 10
89 738 7
90 746 8
91 756 10
92 765 9
93 773 8
94 783 10
95 792 9
96 802 10
97 811 9
98 821 10
99 831 10
100 841 10
101 851 10
102 860 9
103 869 9
104 879 10
105 889 10
106 897 8
107 905 8
108 914 9
109 924 10
110 933 9
111 943 10
112 952 9
113 960 8
114 968 8
115 978 10
116 987 9
117 996 9
118 1004 8
119 1013 9
120 1022 9
121 1031 9
122 1040 9
123 1046 6
124 1053 7
125 1061 8
126 1070 9
127 1079 9
128 1089 10
129 1097 8
130 1107 10
131 1117 10
132 1126 9
133 1136 10
134 1146 10
135 1156 10
136 1165 9
137 1175 10
138 1183 8
139 1192 9
140 1201 9
141 1210 9
142 1220 10
143 1228 8
144 1236 8
145 1246 10
146 1255 9
147 1262 7
148 1271 9
149 1281 10
150 1291 10
151 1300 9
152 1309 9
153 1317 8
154 1326 9
155 1335 9
156 1344 9
157 1354 10
158 1362 8
159 1371 9
160 1380 9
161 1390 10
162 1397 7
163 1406 9
164 1414 8
165 1422 8
166 1432 10
167 1441 9
168 1449 8
169 1458 9
170 1468 10
171 1477 9
172 1485 8
173 1495 10
174 1505 10
175 1515 10
176 1523 8
177 1531 8
178 1540 9
179 1549 9
180 1559 10
181 1569 10
182 1579 10
183 1588 9
184 1598 10
185 1606 8
186 1615 9
187 1624 9
188 1633 9
189 1643 10
190 1652 9
191 1661 9
192 1671 10
193 1681 10
194 1691 10
195 1700 9
196 1709 9
197 1719 10
198 1729 10
199 1739 10
200 1749 10
201 1759 10
202 1769 10
203 1778 9
204 1787 9
205 1796 9
206 1806 10
207 1816 10
208 1826 10
209 1835 9
210 1844 9
211 1854 10
212 1862 8
213 1871 9
214 1879 8
215 1888 9
216 1896 8
217 1905 9
218 1915 10
219 1924 9
220 1933 9
221 1941 8
222 1950 9
223 1960 10
224 1970 10
225 1977 7
226 1987 10
227 1997 10
228 2006 9
229 2015 9
230 2024 9
231 2033 9
232 2043 10
233 2052 9
234 2062 10
235 2072 10
236 2082 10
237 2092 10
238 2100 8
239 2108 8
240 2118 10
241 2128 10
242 2136 8
243 2146 10
244 2155 9
245 2163 8
246 2171 8
247 2179 8
248 2189 10
249 2199 10
250 2208 9
251 2216 8
252 2226 10
253 2235 9
254 2245 10
255 2255 10
256 2264 9
257 2272 8
258 2282 10
259 2291 9
260 2301 10
261 2309 8
262 2318 9
263 2327 9
264 2337 10
265 2346 9
266 2354 8
267 2363 9
268 2371 8
269 2377 6
270 2385 8
271 2395 10
272 2405 10
273 2414 9
274 2421 7
275 2431 10
276 2440 9
277 2447 7
278 2457 10
279 2466 9
280 2475 9
281 2484 9
282 2493 9
283 2503 10
284 2513 10
285 2521 8
286 2530 9
287 2540 10
288 2548 8
289 2558 10
290 2567 9
291 2576 9
292 2585 9
293 2593 8
294 2603 10
295 2612 9
296 2622 10
297 2631 9
298 2639 8
299 2646 7
300 2656 10
301 2663 7
302 2673 10
303 2683 10
304 2693 10
305 2702 9
306 2711 9
307 2720 9
308 2729 9
309 2737 8
310 2747 10
311 2754 7
312 2760 6
313 2770 10
314 2779 9
315 2789 10
316 2797 8
317 2807 10
318 2816 9
319 2826 10
320 2834 8
321 2842 8
322 2850 8
323 2859 9
324 2868 9
325 2878 10
326 2888 10
327 2896 8
328 2904 8
329 2912 8
330 2922 10
331 2932 10
332 2939 7
333 2949 10
334 2959 10
335 2968 9
336 2976 8
337 2985 9
338 2994 9
339 3001 7
340 3009 8
341 3018 9
342 3027 9
343 3035 8
344 3043 8
345 3053 10
346 3063 10
347 3073 10
348 3083 10
349 3091 8
350 3100 9
351 3110 10
352 3118 8
353 3128 10
354 3137 9
355 3146 9
356 3156 10
357 3166 10
358 3176 10
359 3186 10
360 3194 8
361 3203 9
362 3211 8
363 3221 10
364 3229 8
365 3239 10
366 3249 10
367 3258 9
368 3266 8
369 3276 10
370 3286 10
371 3296 10
372 3303 7
373 3313 10
374 3322 9
375 3332 10
376 3342 10
377 3351 9
378 3361 10
379 3371 10
380 3381 10
381 3389 8
382 3398 9
383 3405 7
384 3414 9
385 3424 10
386 3432 8
387 3440 8
388 3448 8
389 3457 9
390 3467 10
391 3476 9
392 3484 8
393 3494 10
394 3502 8
395 3511 9
396 3521 10
397 3531 10
398 3540 9
399 3549 9
400 3558 9
401 3567 9
402 3577 10
403 3586 9
404 3595 9
405 3603 8
406 3613 10
407 3621 8
408 3631 10
409 3640 9
410 3650 10
411 3659 9
412 3668 9
413 3677 9
414 3686 9
415 3693 7
416 3703 10
417 3713 10
418 3722 9
419 3732 10
420 3742 10
421 3752 10
422 3762 10
423 3770 8
424 3779 9
425 3787 8
426 3795 8
427 3804 9
428 3813 9
429 3823 10
430 3830 7
431 3839 9
432 3849 10
433 3856 7
434 3864 8
435 3874 10
436 3883 9
437 3892 9
438 3901 9
439 3911 10
440 3920 9
441 3927 7
442 3935 8
443 3943 8
444 3952 9
445 3962 10
446 3971 9
447 3979 8
448 3986 7
449 3996 10
450 4005 9
451 4015 10
452 4024 9
453 4032 8
454 4040 8
455 4048 8
456 4057 9
457 4066 9
458 4074 8
459 4082 8
460 4091 9
461 4099 8
462 4108 9
463 4117 9
464 4125 8
465 4133 8
466 4143 10
467 4153 10
468 4162 9
469 4171 9
470 4179 8
471 4189 10
472 4198 9
473 4207 9
474 4217 10
475 4227 10
476 4234 7
477 4243 9
478 4253 10
479 4262 9
480 4272 10
481 4282 10
482 4291 9
483 4300 9
484 4308 8
485 4317 9
486 4325 8
487 4333 8
488 4343 10
489 4352 9
490 4361 9
491 4370 9
492 4378 8
493 4388 10
494 4398 10
495 4406 8
496 4415 9
497 4425 10
498 4435 10
499 4444 9
500 4452 8
