1 6 6
2 15 9
3 21 6
4 26 5
5 31 5
6 36 5
7 43 7
8 49 6
9 57 8
10 67 10
11 74 7
12 81 7
13 87 6
14 97 10
15 105 8
16 115 10
17 122 7
18 129 7
19 138 9
20 145 7
21 154 9
22 162 8
23 169 7
24 176 7
25 186 10
26 191 5
27 198 7
28 206 8
29 215 9
30 224 9
31 231 7
32 241 10
33 251 10
34 259 8
35 268 9
36 277 9
37 286 9
38 294 8
39 302 8
40 308 6
41 315 7
42 323 8
43 329 6
44 336 7
45 345 9
46 354 9
47 363 9
48 372 9
49 381 9
50 387 6
51 397 10
52 405 8
53 413 8
54 421 8
55 428 7
56 436 8
57 442 6
58 452 10
59 459 7
60 467 8
61 476 9
62 486 10
63 495 9
64 504 9
65 512 8
66 520 8
67 529 9
68 538 9
69 547 9
70 556 9
71 565 9
72 574 9
73 582 8
74 592 10
75 602 10
76 609 7
77 619 10
78 628 9
79 638 10
80 647 9
81 657 10
82 666 9
83 676 10
84 686 10
85 694 8
86 703 9
87 711 8
88 718 7
89 726 8
90 734 8
91 743 9
92 752 9
93 759 7
94 768 9
95 776 8
96 785 9
97 794 9
98 804 10
99 814 10
100 821 7
101 831 10
102 840 9
103 847 7
104 855 8
105 865 10
106 874 9
107 883 9
108 891 8
109 900 9
110 910 10
111 919 9
112 925 6
113 933 8
114 943 10
115 952 9
116 961 9
117 970 9
118 979 9
119 989 10
120 997 8
121 1005 8
122 1014 9
123 1024 10
124 1034 10
125 1044 10
126 1050 6
127 1060 10
128 1070 10
129 1078 8
130 1087 9
131 1094 7
132 1103 9
133 1112 9
134 1121 9
135 1131 10
136 1139 8
137 1149 10
138 1157 8
139 1167 10
140 1176 9
141 1185 9
142 1195 10
143 1204 9
144 1213 9
145 1222 9
146 1232 10
147 1242 10
148 1251 9
149 1260 9
150 1268 8
151 1275 7
152 1283 8
153 1292 9
154 1302 10
155 1309 7
156 1319 10
157 1329 10
158 1337 8
159 1345 8
160 1353 8
161 1363 10
162 1371 8
163 1379 8
164 1388 9
165 1396 8
166 1405 9
167 1414 9
168 1421 7
169 1431 10
170 1439 8
171 1449 10
172 1459 10
173 1469 10
174 1479 10
175 1489 10
176 1497 8
177 1506 9
178 1515 9
179 1525 10
180 1533 8
181 1543 10
182 1551 8
183 1561 10
184 1570 9
185 1580 10
186 1588 8
187 1597 9
188 1606 9
189 1615 9
190 1625 10
191 1634 9
192 1643 9
193 1651 8
194 1661 10
195 1671 10
196 1681 10
197 1691 10
198 1701 10
199 1708 7
200 1718 10
201 1728 10
202 1736 8
203 1746 10
204 1755 9
205 1763 8
206 1773 10
207 1782 9
208 1791 9
209 1800 9
210 1809 9
211 1818 9
212 1826 8
213 1835 9
214 1843 8
215 1851 8
216 1859 8
217 1866 7
218 1875 9
219 1885 10
220 1895 10
221 1903 8
222 1911 8
223 1920 9
224 1929 9
225 1939 10
226 1948 9
227 1957 9
228 1966 9
229 1973 7
230 1983 10
231 1992 9
232 2002 10
233 2012 10
234 2020 8
235 2028 8
236 2038 10
237 2047 9
238 2056 9
239 2064 8
240 2074 10
241 2083 9
242 2091 8
243 2099 8
244 2106 7
245 2116 10
246 2126 10
247 2136 10
248 2144 8
249 2153 9
250 2163 10
251 2173 10
252 2183 10
253 2192 9
254 2201 9
255 2211 10
256 2219 8
257 2229 10
258 2238 9
259 2246 8
260 2256 10
261 2265 9
262 2273 8
263 2283 10
264 2292 9
265 2302 10
266 2312 10
267 2322 10
268 2332 10
269 2340 8
270 2349 9
271 2359 10
272 2369 10
273 2378 9
274 2388 10
275 2398 10
276 2408 10
277 2417 9
278 2427 10
279 2436 9
280 2446 10
281 2455 9
282 2465 10
283 2474 9
284 2483 9
285 2493 10
286 2502 9
287 2512 10
288 2522 10
289 2531 9
290 2540 9
291 2549 9
292 2559 10
293 2567 8
294 2576 9
295 2584 8
296 2593 9
297 2603 10
298 2613 10
299 2623 10
300 2633 10
301 2643 10
302 2653 10
303 2662 9
304 2671 9
305 2680 9
306 2689 9
307 2699 10
308 2709 10
309 2719 10
310 2728 9
311 2737 9
312 2745 8
313 2755 10
314 2764 9
315 2773 9
316 2783 10
317 2793 10
318 2803 10
319 2813 10
320 2822 9
321 2832 10
322 2842 10
323 2852 10
324 2862 10
325 2871 9
326 2881 10
327 2891 10
328 2900 9
329 2910 10
330 2920 10
331 2930 10
332 2940 10
333 2949 9
334 2959 10
335 2968 9
336 2978 10
337 2987 9
338 2995 8
339 3004 9
340 3012 8
341 3021 9
342 3031 10
343 3040 9
344 3050 10
345 3060 10
346 3070 10
347 3077 7
348 3087 10
349 3096 9
350 3106 10
351 3116 10
352 3126 10
353 3134 8
354 3144 10
355 3154 10
356 3163 9
357 3173 10
358 3182 9
359 3191 9
360 3201 10
361 3210 9
362 3220 10
363 3229 9
364 3237 8
365 3246 9
366 3256 10
367 3264 8
368 3274 10
369 3283 9
370 3291 8
371 3301 10
372 3310 9
373 3318 8
374 3328 10
375 3338 10
376 3347 9
377 3357 10
378 3366 9
379 3375 9
380 3384 9
381 3393 9
382 3402 9
383 3412 10
384 3422 10
385 3432 10
386 3440 8
387 3450 10
388 3459 9
389 3467 8
390 3476 9
391 3486 10
392 3495 9
393 3505 10
394 3513 8
395 3523 10
396 3531 8
397 3541 10
398 3550 9
399 3558 8
400 3567 9
401 3574 7
402 3583 9
403 3592 9
404 3602 10
405 3610 8
406 3620 10
407 3630 10
408 3639 9
409 3648 9
410 3658 10
411 3667 9
412 3675 8
413 3683 8
414 3691 8
415 3700 9
416 3710 10
417 3719 9
418 3729 10
419 3738 9
420 3746 8
421 3756 10
422 3766 10
423 3774 8
424 3783 9
425 3790 7
426 3799 9
427 3809 10
428 3817 8
429 3827 10
430 3836 9
431 3845 9
432 3852 7
433 3862 10
434 3872 10
435 3881 9
436 3888 7
437 3897 9
438 3906 9
439 3915 9
440 3924 9
441 3931 7
442 3940 9
443 3949 9
444 3959 10
445 3969 10
446 3979 10
447 3988 9
448 3997 9
449 4007 10
450 4017 10
451 4027 10
452 4035 8
453 4044 9
454 4054 10
455 4063 9
456 4072 9
457 4080 8
458 4090 10
459 4099 9
460 4109 10
461 4119 10
462 4128 9
463 4136 8
464 4146 10
465 4154 8
466 4163 9
467 4171 8
468 4181 10
469 4191 10
470 4201 10
471 4211 10
472 4220 9
473 4229 9
474 4237 8
475 4247 10
476 4256 9
477 4265 9
478 4275 10
479 4283 8
480 4293 10
481 4302 9
482 4311 9
483 4320 9
484 4327 7
485 4336 9
486 4345 9
487 4354 9
488 4364 10
489 4374 10
490 4381 7
491 4390 9
492 4399 9
493 4408 9
494 4417 9
495 4426 9
496 4435 9
497 4444 9
498 4454 10
499 4463 9
500 4472 9
