1 6 6
2 12 6
3 21 9
4 25 4
5 31 6
6 37 6
7 43 6
8 49 6
9 57 8
10 64 7
11 70 6
12 77 7
13 83 6
14 92 9
15 100 8
16 106 6
17 113 7
18 120 7
19 128 8
20 138 10
21 146 8
22 155 9
23 164 9
24 174 10
25 182 8
26 190 8
27 196 6
28 203 7
29 213 10
30 223 10
31 232 9
32 239 7
33 245 6
34 255 10
35 264 9
36 269 5
37 279 10
38 288 9
39 297 9
40 306 9
41 316 10
42 325 9
43 334 9
44 342 8
45 351 9
46 360 9
47 368 8
48 376 8
49 386 10
50 395 9
51 404 9
52 413 9
53 421 8
54 431 10
55 441 10
56 449 8
57 457 8
58 467 10
59 477 10
60 487 10
61 497 10
62 506 9
63 515 9
64 524 9
65 531 7
66 541 10
67 550 9
68 558 8
69 567 9
70 575 8
71 585 10
72 594 9
73 603 9
74 613 10
75 623 10
76 633 10
77 641 8
78 651 10
79 661 10
80 670 9
81 679 9
82 688 9
83 696 8
84 704 8
85 712 8
86 720 8
87 730 10
88 739 9
89 748 9
90 757 9
91 765 8
92 772 7
93 782 10
94 788 6
95 798 10
96 807 9
97 817 10
98 827 10
99 837 10
100 847 10
101 855 8
102 864 9
103 874 10
104 884 10
105 893 9
106 902 9
107 912 10
108 922 10
109 932 10
110 942 10
111 952 10
112 962 10
113 971 9
114 979 8
115 989 10
116 999 10
117 1008 9
118 1016 8
119 1026 10
120 1036 10
121 1046 10
122 1056 10
123 1065 9
124 1072 7
125 1082 10
126 1090 8
127 1100 10
128 1108 8
129 1115 7
130 1123 8
131 1131 8
132 1141 10
133 1151 10
134 1161 10
135 1170 9
136 1180 10
137 1190 10
138 1200 10
139 1209 9
140 1219 10
141 1228 9
142 1237 9
143 1247 10
144 1256 9
145 1265 9
146 1275 10
147 1285 10
148 1295 10
149 1303 8
150 1311 8
151 1319 8
152 1328 9
153 1338 10
154 1347 9
155 1356 9
156 1366 10
157 1374 8
158 1383 9
159 1392 9
160 1400 8
161 1409 9
162 1416 7
163 1424 8
164 1434 10
165 1442 8
166 1450 8
167 1459 9
168 1466 7
169 1476 10
170 1485 9
171 1494 9
172 1503 9
173 1512 9
174 1522 10
175 1530 8
176 1538 8
177 1547 9
178 1556 9
179 1566 10
180 1576 10
181 1585 9
182 1595 10
183 1602 7
184 1612 10
185 1621 9
186 1629 8
187 1637 8
188 1646 9
189 1655 9
190 1664 9
191 1674 10
192 1684 10
193 1694 10
194 1704 10
195 1713 9
196 1722 9
197 1731 9
198 1740 9
199 1749 9
200 1758 9
201 1767 9
202 1776 9
203 1785 9
204 1794 9
205 1801 7
206 1811 10
207 1821 10
208 1828 7
209 1837 9
210 1846 9
211 1856 10
212 1865 9
213 1874 9
214 1883 9
215 1892 9
216 1901 9
217 1911 10
218 1920 9
219 1929 9
220 1939 10
221 1948 9
222 1958 10
223 1968 10
224 1974 6
225 1984 10
226 1992 8
227 2000 8
228 2009 9
229 2019 10
230 2029 10
231 2037 8
232 2046 9
233 2053 7
234 2062 9
235 2071 9
236 2080 9
237 2090 10
238 2098 8
239 2107 9
240 2117 10
241 2126 9
242 2136 10
243 2146 10
244 2156 10
245 2164 8
246 2173 9
247 2182 9
248 2191 9
249 2199 8
250 2208 9
251 2216 8
252 2225 9
253 2234 9
254 2244 10
255 2254 10
256 2263 9
257 2272 9
258 2279 7
259 2289 10
260 2298 9
261 2307 9
262 2315 8
263 2324 9
264 2334 10
265 2341 7
266 2349 8
267 2359 10
268 2369 10
269 2379 10
270 2389 10
271 2399 10
272 2407 8
273 2414 7
274 2424 10
275 2432 8
276 2440 8
277 2448 8
278 2458 10
279 2468 10
280 2477 9
281 2485 8
282 2494 9
283 2503 9
284 2513 10
285 2523 10
286 2533 10
287 2541 8
288 2551 10
289 2561 10
290 2571 10
291 2580 9
292 2590 10
293 2600 10
294 2610 10
295 2619 9
296 2628 9
297 2638 10
298 2647 9
299 2657 10
300 2667 10
301 2676 9
302 2684 8
303 2694 10
304 2703 9
305 2711 8
306 2720 9
307 2728 8
308 2738 10
309 2747 9
310 2756 9
311 2765 9
312 2775 10
313 2784 9
314 2792 8
315 2801 9
316 2810 9
317 2819 9
318 2828 9
319 2838 10
320 2846 8
321 2855 9
322 2864 9
323 2873 9
324 2881 8
325 2891 10
326 2901 10
327 2911 10
328 2919 8
329 2928 9
330 2936 8
331 2945 9
332 2954 9
333 2962 8
334 2972 10
335 2981 9
336 2990 9
337 3000 10
338 3010 10
339 3020 10
340 3030 10
341 3038 8
342 3048 10
343 3055 7
344 3064 9
345 3074 10
346 3083 9
347 3093 10
348 3102 9
349 3109 7
350 3118 9
351 3128 10
352 3138 10
353 3148 10
354 3157 9
355 3167 10
356 3176 9
357 3185 9
358 3195 10
359 3204 9
360 3214 10
361 3222 8
362 3231 9
363 3240 9
364 3250 10
365 3260 10
366 3269 9
367 3279 10
368 3288 9
369 3297 9
370 3305 8
371 3315 10
372 3324 9
373 3334 10
374 3343 9
375 3352 9
376 3362 10
377 3371 9
378 3381 10
379 3390 9
380 3397 7
381 3407 10
382 3417 10
383 3427 10
384 3437 10
385 3445 8
386 3455 10
387 3465 10
388 3473 8
389 3482 9
390 3491 9
391 3499 8
392 3509 10
393 3518 9
394 3527 9
395 3535 8
396 3545 10
397 3555 10
398 3564 9
399 3574 10
400 3583 9
401 3592 9
402 3602 10
403 3612 10
404 3621 9
405 3630 9
406 3640 10
407 3649 9
408 3658 9
409 3668 10
410 3677 9
411 3686 9
412 3696 10
413 3706 10
414 3715 9
415 3722 7
416 3730 8
417 3740 10
418 3749 9
419 3757 8
420 3766 9
421 3775 9
422 3785 10
423 3795 10
424 3802 7
425 3811 9
426 3820 9
427 3829 9
428 3838 9
429 3848 10
430 3858 10
431 3868 10
432 3877 9
433 3886 9
434 3895 9
435 3905 10
436 3915 10
437 3924 9
438 3933 9
439 3942 9
440 3950 8
441 3960 10
442 3969 9
443 3979 10
444 3987 8
445 3997 10
446 4006 9
447 4014 8
448 4022 8
449 4031 9
450 4041 10
451 4051 10
452 4061 10
453 4069 8
454 4079 10
455 4088 9
456 4097 9
457 4104 7
458 4113 9
459 4121 8
460 4131 10
461 4140 9
462 4148 8
463 4157 9
464 4167 10
465 4176 9
466 4186 10
467 4194 8
468 4204 10
469 4214 10
470 4223 9
471 4232 9
472 4242 10
473 4251 9
474 4260 9
475 4270 10
476 4278 8
477 4287 9
478 4296 9
479 4304 8
480 4313 9
481 4323 10
482 4330 7
483 4339 9
484 4349 10
485 4359 10
486 4368 9
487 4378 10
488 4386 8
489 4396 10
490 4405 9
491 4415 10
492 4423 8
493 4433 10
494 4443 10
495 4453 10
496 4461 8
497 4469 8
498 4476 7
499 4486 10
500 4496 10
