1 1 1
2 6 5
3 13 7
4 20 7
5 25 5
6 29 4
7 36 7
8 45 9
9 51 6
10 57 6
11 65 8
12 71 6
13 76 5
14 84 8
15 92 8
16 97 5
17 105 8
18 114 9
19 123 9
20 130 7
21 136 6
22 146 10
23 155 9
24 164 9
25 174 10
26 184 10
27 194 10
28 202 8
29 211 9
30 219 8
31 226 7
32 236 10
33 246 10
34 254 8
35 263 9
36 271 8
37 277 6
38 286 9
39 293 7
40 299 6
41 307 8
42 316 9
43 326 10
44 334 8
45 343 9
46 353 10
47 360 7
48 368 8
49 378 10
50 388 10
51 397 9
52 407 10
53 415 8
54 425 10
55 435 10
56 445 10
57 454 9
58 463 9
59 472 9
60 482 10
61 490 8
62 500 10
63 507 7
64 517 10
65 525 8
66 533 8
67 542 9
68 550 8
69 560 10
70 569 9
71 577 8
72 586 9
73 595 9
74 604 9
75 613 9
76 621 8
77 631 10
78 640 9
79 649 9
80 656 7
81 663 7
82 670 7
83 679 9
84 689 10
85 697 8
86 706 9
87 714 8
88 723 9
89 731 8
90 739 8
91 749 10
92 758 9
93 766 8
94 775 9
95 785 10
96 794 9
97 802 8
98 811 9
99 821 10
100 831 10
101 837 6
102 845 8
103 855 10
104 865 10
105 875 10
106 884 9
107 893 9
108 901 8
109 910 9
110 919 9
111 928 9
112 937 9
113 947 10
114 955 8
115 964 9
116 973 9
117 982 9
118 990 8
119 999 9
120 1009 10
121 1019 10
122 1027 8
123 1036 9
124 1046 10
125 1056 10
126 1065 9
127 1073 8
128 1081 8
129 1089 8
130 1098 9
131 1107 9
132 1117 10
133 1126 9
134 1134 8
135 1144 10
136 1154 10
137 1162 8
138 1172 10
139 1178 6
140 1185 7
141 1194 9
142 1200 6
143 1210 10
144 1217 7
145 1226 9
146 1235 9
147 1243 8
148 1252 9
149 1260 8
150 1269 9
151 1277 8
152 1283 6
153 1293 10
154 1302 9
155 1311 9
156 1321 10
157 1330 9
158 1339 9
159 1348 9
160 1357 9
161 1367 10
162 1375 8
163 1384 9
164 1390 6
165 1398 8
166 1407 9
167 1416 9
168 1425 9
169 1434 9
170 1443 9
171 1453 10
172 1462 9
173 1471 9
174 1479 8
175 1489 10
176 1495 6
177 1505 10
178 1514 9
179 1523 9
180 1533 10
181 1543 10
182 1553 10
183 1562 9
184 1570 8
185 1578 8
186 1587 9
187 1596 9
188 1604 8
189 1614 10
190 1622 8
191 1632 10
192 1641 9
193 1651 10
194 1660 9
195 1669 9
196 1678 9
197 1687 9
198 1696 9
199 1705 9
200 1714 9
201 1722 8
202 1732 10
203 1740 8
204 1750 10
205 1758 8
206 1767 9
207 1776 9
208 1786 10
209 1795 9
210 1805 10
211 1815 10
212 1823 8
213 1833 10
214 1841 8
215 1851 10
216 1860 9
217 1869 9
218 1878 9
219 1887 9
220 1897 10
221 1906 9
222 1915 9
223 1924 9
224 1933 9
225 1941 8
226 1950 9
227 1959 9
228 1966 7
229 1974 8
230 1983 9
231 1993 10
232 2003 10
233 2012 9
234 2020 8
235 2030 10
236 2038 8
237 2045 7
238 2055 10
239 2065 10
240 2075 10
241 2084 9
242 2093 9
243 2103 10
244 2113 10
245 2123 10
246 2133 10
247 2143 10
248 2153 10
249 2163 10
250 2172 9
251 2180 8
252 2190 10
253 2199 9
254 2208 9
255 2218 10
256 2228 10
257 2237 9
258 2247 10
259 2257 10
260 2266 9
261 2276 10
262 2286 10
263 2295 9
264 2304 9
265 2313 9
266 2323 10
267 2333 10
268 2342 9
269 2350 8
270 2360 10
271 2369 9
272 2376 7
273 2384 8
274 2392 8
275 2400 8
276 2409 9
277 2419 10
278 2428 9
279 2437 9
280 2445 8
281 2454 9
282 2462 8
283 2472 10
284 2482 10
285 2489 7
286 2497 8
287 2507 10
288 2515 8
289 2525 10
290 2535 10
291 2545 10
292 2555 10
293 2564 9
294 2574 10
295 2583 9
296 2592 9
297 2600 8
298 2609 9
299 2617 8
300 2624 7
301 2634 10
302 2643 9
303 2653 10
304 2661 8
305 2670 9
306 2680 10
307 2689 9
308 2698 9
309 2708 10
310 2716 8
311 2726 10
312 2736 10
313 2745 9
314 2753 8
315 2761 8
316 2770 9
317 2780 10
318 2787 7
319 2796 9
320 2806 10
321 2815 9
322 2822 7
323 2831 9
324 2840 9
325 2850 10
326 2858 8
327 2867 9
328 2876 9
329 2886 10
330 2896 10
331 2906 10
332 2916 10
333 2926 10
334 2934 8
335 2941 7
336 2950 9
337 2958 8
338 2967 9
339 2976 9
340 2984 8
341 2991 7
342 3000 9
343 3009 9
344 3019 10
345 3029 10
346 3037 8
347 3047 10
348 3056 9
349 3064 8
350 3074 10
351 3084 10
352 3094 10
353 3104 10
354 3114 10
355 3123 9
356 3132 9
357 3141 9
358 3150 9
359 3160 10
360 3169 9
361 3177 8
362 3187 10
363 3196 9
364 3206 10
365 3215 9
366 3225 10
367 3234 9
368 3243 9
369 3252 9
370 3261 9
371 3271 10
372 3281 10
373 3290 9
374 3300 10
375 3310 10
376 3320 10
377 3330 10
378 3339 9
379 3349 10
380 3358 9
381 3367 9
382 3377 10
383 3387 10
384 3394 7
385 3403 9
386 3412 9
387 3422 10
388 3432 10
389 3440 8
390 3449 9
391 3458 9
392 3467 9
393 3477 10
394 3484 7
395 3492 8
396 3501 9
397 3510 9
398 3519 9
399 3528 9
400 3537 9
401 3545 8
402 3553 8
403 3563 10
404 3573 10
405 3582 9
406 3592 10
407 3601 9
408 3609 8
409 3619 10
410 3629 10
411 3635 6
412 3644 9
413 3654 10
414 3663 9
415 3673 10
416 3682 9
417 3692 10
418 3702 10
419 3712 10
420 3722 10
421 3732 10
422 3741 9
423 3751 10
424 3760 9
425 3769 9
426 3778 9
427 3788 10
428 3798 10
429 3807 9
430 3816 9
431 3826 10
432 3836 10
433 3846 10
434 3856 10
435 3865 9
436 3874 9
437 3884 10
438 3893 9
439 3901 8
440 3910 9
441 3920 10
442 3928 8
443 3938 10
444 3946 8
445 3954 8
446 3964 10
447 3974 10
448 3983 9
449 3993 10
450 4003 10
451 4011 8
452 4020 9
453 4028 8
454 4038 10
455 4047 9
456 4057 10
457 4067 10
458 4076 9
459 4085 9
460 4094 9
461 4100 6
462 4110 10
463 4120 10
464 4127 7
465 4135 8
466 4145 10
467 4155 10
468 4165 10
469 4173 8
470 4182 9
471 4192 10
472 4200 8
473 4210 10
474 4220 10
475 4230 10
476 4240 10
477 4248 8
478 4257 9
479 4265 8
480 4275 10
481 4284 9
482 4292 8
483 4300 8
484 4309 9
485 4319 10
486 4328 9
487 4338 10
488 4346 8
489 4355 9
490 4365 10
491 4374 9
492 4383 9
493 4392 9
494 4399 7
495 4409 10
496 4418 9
497 4428 10
498 4437 9
499 4447 10
500 4457 10
