1 6 6
2 13 7
3 20 7
4 26 6
5 32 6
6 37 5
7 43 6
8 49 6
9 57 8
10 65 8
11 69 4
12 77 8
13 85 8
14 93 8
15 100 7
16 110 10
17 118 8
18 125 7
19 134 9
20 144 10
21 151 7
22 160 9
23 169 9
24 177 8
25 186 9
26 193 7
27 202 9
28 210 8
29 217 7
30 225 8
31 234 9
32 242 8
33 252 10
34 262 10
35 270 8
36 279 9
37 287 8
38 296 9
39 304 8
40 314 10
41 324 10
42 333 9
43 341 8
44 350 9
45 359 9
46 368 9
47 376 8
48 385 9
49 393 8
50 402 9
51 411 9
52 418 7
53 426 8
54 435 9
55 443 8
56 452 9
57 461 9
58 469 8
59 478 9
60 488 10
61 497 9
62 506 9
63 515 9
64 524 9
65 532 8
66 541 9
67 550 9
68 560 10
69 569 9
70 579 10
71 588 9
72 597 9
73 607 10
74 617 10
75 627 10
76 635 8
77 644 9
78 653 9
79 659 6
80 669 10
81 679 10
82 688 9
83 697 9
84 707 10
85 715 8
86 725 10
87 735 10
88 743 8
89 752 9
90 761 9
91 771 10
92 781 10
93 789 8
94 798 9
95 807 9
96 816 9
97 826 10
98 835 9
99 845 10
100 853 8
101 863 10
102 872 9
103 881 9
104 891 10
105 899 8
106 907 8
107 917 10
108 924 7
109 932 8
110 941 9
111 951 10
112 960 9
113 968 8
114 977 9
115 986 9
116 994 8
117 1003 9
118 1011 8
119 1020 9
120 1030 10
121 1038 8
122 1048 10
123 1058 10
124 1067 9
125 1076 9
126 1086 10
127 1095 9
128 1105 10
129 1114 9
130 1123 9
131 1130 7
132 1139 9
133 1147 8
134 1154 7
135 1163 9
136 1173 10
137 1181 8
138 1190 9
139 1198 8
140 1207 9
141 1216 9
142 1225 9
143 1234 9
144 1244 10
145 1253 9
146 1262 9
147 1271 9
148 1279 8
149 1288 9
150 1297 9
151 1304 7
152 1314 10
153 1324 10
154 1331 7
155 1341 10
156 1350 9
157 1358 8
158 1367 9
159 1376 9
160 1385 9
161 1393 8
162 1403 10
163 1413 10
164 1422 9
165 1432 10
166 1441 9
167 1450 9
168 1460 10
169 1468 8
170 1478 10
171 1487 9
172 1494 7
173 1501 7
174 1510 9
175 1519 9
176 1527 8
177 1537 10
178 1546 9
179 1555 9
180 1563 8
181 1573 10
182 1582 9
183 1590 8
184 1599 9
185 1605 6
186 1614 9
187 1624 10
188 1633 9
189 1642 9
190 1651 9
191 1661 10
192 1671 10
193 1680 9
194 1690 10
195 1698 8
196 1707 9
197 1717 10
198 1726 9
199 1735 9
200 1744 9
201 1752 8
202 1761 9
203 1769 8
204 1777 8
205 1787 10
206 1795 8
207 1804 9
208 1813 9
209 1823 10
210 1833 10
211 1843 10
212 1852 9
213 1859 7
214 1869 10
215 1879 10
216 1888 9
217 1898 10
218 1907 9
219 1916 9
220 1926 10
221 1934 8
222 1944 10
223 1953 9
224 1963 10
225 1971 8
226 1978 7
227 1985 7
228 1995 10
229 2005 10
230 2014 9
231 2023 9
232 2031 8
233 2041 10
234 2048 7
235 2058 10
236 2068 10
237 2076 8
238 2086 10
239 2096 10
240 2105 9
241 2115 10
242 2124 9
243 2132 8
244 2141 9
245 2150 9
246 2160 10
247 2168 8
248 2177 9
249 2186 9
250 2195 9
251 2203 8
252 2213 10
253 2223 10
254 2233 10
255 2243 10
256 2253 10
257 2262 9
258 2272 10
259 2281 9
260 2290 9
261 2297 7
262 2306 9
263 2316 10
264 2325 9
265 2333 8
266 2343 10
267 2353 10
268 2362 9
269 2372 10
270 2382 10
271 2392 10
272 2401 9
273 2411 10
274 2419 8
275 2428 9
276 2438 10
277 2447 9
278 2455 8
279 2465 10
280 2475 10
281 2484 9
282 2492 8
283 2502 10
284 2512 10
285 2522 10
286 2531 9
287 2541 10
288 2551 10
289 2557 6
290 2566 9
291 2576 10
292 2585 9
293 2595 10
294 2604 9
295 2613 9
296 2623 10
297 2633 10
298 2642 9
299 2651 9
300 2661 10
301 2670 9
302 2680 10
303 2690 10
304 2699 9
305 2708 9
306 2717 9
307 2726 9
308 2736 10
309 2746 10
310 2756 10
311 2766 10
312 2774 8
313 2783 9
314 2793 10
315 2803 10
316 2813 10
317 2822 9
318 2831 9
319 2841 10
320 2851 10
321 2860 9
322 2870 10
323 2880 10
324 2888 8
325 2897 9
326 2906 9
327 2915 9
328 2924 9
329 2933 9
330 2942 9
331 2952 10
332 2961 9
333 2971 10
334 2981 10
335 2990 9
336 3000 10
337 3009 9
338 3019 10
339 3028 9
340 3036 8
341 3046 10
342 3055 9
343 3064 9
344 3074 10
345 3083 9
346 3092 9
347 3102 10
348 3111 9
349 3120 9
350 3130 10
351 3138 8
352 3147 9
353 3156 9
354 3166 10
355 3175 9
356 3185 10
357 3194 9
358 3202 8
359 3209 7
360 3219 10
361 3229 10
362 3239 10
363 3247 8
364 3257 10
365 3265 8
366 3275 10
367 3285 10
368 3292 7
369 3300 8
370 3309 9
371 3318 9
372 3327 9
373 3336 9
374 3346 10
375 3356 10
376 3365 9
377 3375 10
378 3385 10
379 3394 9
380 3404 10
381 3414 10
382 3424 10
383 3432 8
384 3442 10
385 3451 9
386 3461 10
387 3469 8
388 3478 9
389 3486 8
390 3494 8
391 3504 10
392 3513 9
393 3522 9
394 3531 9
395 3539 8
396 3547 8
397 3556 9
398 3565 9
399 3575 10
400 3584 9
401 3592 8
402 3600 8
403 3610 10
404 3620 10
405 3630 10
406 3640 10
407 3648 8
408 3658 10
409 3668 10
410 3677 9
411 3685 8
412 3694 9
413 3704 10
414 3714 10
415 3723 9
416 3733 10
417 3743 10
418 3752 9
419 3760 8
420 3770 10
421 3778 8
422 3788 10
423 3798 10
424 3806 8
425 3816 10
426 3826 10
427 3836 10
428 3845 9
429 3854 9
430 3863 9
431 3873 10
432 3883 10
433 3893 10
434 3900 7
435 3910 10
436 3919 9
437 3928 9
438 3938 10
439 3947 9
440 3953 6
441 3963 10
442 3972 9
443 3982 10
444 3992 10
445 4002 10
446 4011 9
447 4021 10
448 4029 8
449 4039 10
450 4049 10
451 4059 10
452 4067 8
453 4077 10
454 4086 9
455 4095 9
456 4105 10
457 4114 9
458 4123 9
459 4132 9
460 4142 10
461 4151 9
462 4161 10
463 4169 8
464 4179 10
465 4187 8
466 4194 7
467 4204 10
468 4212 8
469 4221 9
470 4230 9
471 4240 10
472 4250 10
473 4258 8
474 4268 10
475 4277 9
476 4286 9
477 4295 9
478 4304 9
479 4312 8
480 4321 9
481 4331 10
482 4340 9
483 4349 9
484 4359 10
485 4368 9
486 4377 9
487 4386 9
488 4395 9
489 4405 10
490 4414 9
491 4421 7
492 4429 8
493 4439 10
494 4449 10
495 4459 10
496 4468 9
497 4477 9
498 4487 10
499 4496 9
500 4505 9
