1 7 7
2 12 5
3 17 5
4 23 6
5 30 7
6 34 4
7 40 6
8 48 8
9 55 7
10 61 6
11 66 5
12 74 8
13 81 7
14 88 7
15 95 7
16 103 8
17 109 6
18 118 9
19 124 6
20 133 9
21 141 8
22 149 8
23 158 9
24 166 8
25 173 7
26 182 9
27 190 8
28 200 10
29 208 8
30 215 7
31 224 9
32 232 8
33 241 9
34 245 4
35 253 8
36 263 10
37 272 9
38 281 9
39 290 9
40 300 10
41 309 9
42 317 8
43 325 8
44 333 8
45 343 10
46 351 8
47 358 7
48 367 9
49 375 8
50 384 9
51 393 9
52 403 10
53 412 9
54 422 10
55 430 8
56 440 10
57 448 8
58 454 6
59 462 8
60 470 8
61 480 10
62 490 10
63 497 7
64 506 9
65 515 9
66 524 9
67 532 8
68 541 9
69 547 6
70 557 10
71 566 9
72 574 8
73 584 10
74 593 9
75 603 10
76 612 9
77 620 8
78 629 9
79 639 10
80 648 9
81 657 9
82 664 7
83 673 9
84 682 9
85 691 9
86 697 6
87 705 8
88 712 7
89 721 9
90 731 10
91 741 10
92 750 9
93 760 10
94 770 10
95 779 9
96 789 10
97 798 9
98 806 8
99 816 10
100 824 8
101 832 8
102 842 10
103 851 9
104 860 9
105 869 9
106 877 8
107 885 8
108 894 9
109 903 9
110 913 10
111 920 7
112 928 8
113 936 8
114 946 10
115 955 9
116 964 9
117 972 8
118 979 7
119 987 8
120 996 9
121 1004 8
122 1014 10
123 1024 10
124 1034 10
125 1042 8
126 1049 7
127 1059 10
128 1069 10
129 1077 8
130 1086 9
131 1096 10
132 1106 10
133 1116 10
134 1125 9
135 1133 8
136 1142 9
137 1151 9
138 1161 10
139 1170 9
140 1179 9
141 1186 7
142 1196 10
143 1205 9
144 1212 7
145 1222 10
146 1230 8
147 1237 7
148 1246 9
149 1256 10
150 1266 10
151 1273 7
152 1283 10
153 1291 8
154 1301 10
155 1309 8
156 1316 7
157 1326 10
158 1335 9
159 1343 8
160 1353 10
161 1363 10
162 1372 9
163 1381 9
164 1389 8
165 1398 9
166 1407 9
167 1416 9
168 1426 10
169 1435 9
170 1444 9
171 1454 10
172 1463 9
173 1472 9
174 1482 10
175 1491 9
176 1501 10
177 1509 8
178 1517 8
179 1527 10
180 1536 9
181 1546 10
182 1555 9
183 1565 10
184 1574 9
185 1584 10
186 1593 9
187 1603 10
188 1611 8
189 1619 8
190 1627 8
191 1636 9
192 1645 9
193 1654 9
194 1664 10
195 1673 9
196 1681 8
197 1690 9
198 1700 10
199 1710 10
200 1717 7
201 1727 10
202 1736 9
203 1746 10
204 1756 10
205 1766 10
206 1775 9
207 1783 8
208 1792 9
209 1801 9
210 1810 9
211 1820 10
212 1829 9
213 1837 8
214 1846 9
215 1855 9
216 1865 10
217 1873 8
218 1882 9
219 1891 9
220 1900 9
221 1910 10
222 1918 8
223 1926 8
224 1936 10
225 1945 9
226 1953 8
227 1963 10
228 1973 10
229 1981 8
230 1991 10
231 2001 10
232 2011 10
233 2020 9
234 2030 10
235 2040 10
236 2049 9
237 2059 10
238 2066 7
239 2075 9
240 2084 9
241 2093 9
242 2102 9
243 2110 8
244 2117 7
245 2127 10
246 2137 10
247 2145 8
248 2154 9
249 2164 10
250 2173 9
251 2183 10
252 2192 9
253 2200 8
254 2210 10
255 2220 10
256 2229 9
257 2239 10
258 2249 10
259 2259 10
260 2269 10
261 2278 9
262 2286 8
263 2296 10
264 2306 10
265 2315 9
266 2324 9
267 2333 9
268 2343 10
269 2351 8
270 2361 10
271 2370 9
272 2380 10
273 2390 10
274 2400 10
275 2408 8
276 2418 10
277 2428 10
278 2438 10
279 2447 9
280 2457 10
281 2465 8
282 2475 10
283 2483 8
284 2493 10
285 2503 10
286 2512 9
287 2522 10
288 2531 9
289 2541 10
290 2551 10
291 2561 10
292 2571 10
293 2579 8
294 2589 10
295 2598 9
296 2606 8
297 2616 10
298 2624 8
299 2632 8
300 2642 10
301 2651 9
302 2659 8
303 2668 9
304 2678 10
305 2688 10
306 2698 10
307 2707 9
308 2716 9
309 2725 9
310 2732 7
311 2742 10
312 2752 10
313 2762 10
314 2772 10
315 2781 9
316 2790 9
317 2800 10
318 2810 10
319 2819 9
320 2829 10
321 2839 10
322 2848 9
323 2858 10
324 2868 10
325 2878 10
326 2887 9
327 2896 9
328 2906 10
329 2916 10
330 2925 9
331 2934 9
332 2941 7
333 2950 9
334 2960 10
335 2970 10
336 2980 10
337 2989 9
338 2998 9
339 3008 10
340 3015 7
341 3025 10
342 3034 9
343 3044 10
344 3054 10
345 3062 8
346 3072 10
347 3081 9
348 3089 8
349 3097 8
350 3107 10
351 3114 7
352 3122 8
353 3132 10
354 3142 10
355 3151 9
356 3161 10
357 3170 9
358 3180 10
359 3189 9
360 3197 8
361 3207 10
362 3215 8
363 3225 10
364 3235 10
365 3245 10
366 3254 9
367 3261 7
368 3269 8
369 3279 10
370 3288 9
371 3297 9
372 3307 10
373 3313 6
374 3323 10
375 3332 9
376 3341 9
377 3350 9
378 3358 8
379 3368 10
380 3377 9
381 3385 8
382 3394 9
383 3402 8
384 3412 10
385 3422 10
386 3432 10
387 3440 8
388 3449 9
389 3458 9
390 3466 8
391 3474 8
392 3483 9
393 3492 9
394 3501 9
395 3509 8
396 3518 9
397 3527 9
398 3536 9
399 3545 9
400 3553 8
401 3561 8
402 3571 10
403 3581 10
404 3591 10
405 3600 9
406 3610 10
407 3617 7
408 3627 10
409 3635 8
410 3643 8
411 3651 8
412 3661 10
413 3670 9
414 3680 10
415 3690 10
416 3699 9
417 3709 10
418 3719 10
419 3727 8
420 3736 9
421 3742 6
422 3752 10
423 3760 8
424 3769 9
425 3779 10
426 3786 7
427 3795 9
428 3803 8
429 3812 9
430 3821 9
431 3831 10
432 3839 8
433 3849 10
434 3859 10
435 3868 9
436 3876 8
437 3883 7
438 3890 7
439 3900 10
440 3908 8
441 3917 9
442 3927 10
443 3936 9
444 3946 10
445 3956 10
446 3965 9
447 3975 10
448 3985 10
449 3994 9
450 4003 9
451 4012 9
452 4021 9
453 4031 10
454 4041 10
455 4051 10
456 4060 9
457 4070 10
458 4080 10
459 4089 9
460 4098 9
461 4106 8
462 4116 10
463 4124 8
464 4133 9
465 4143 10
466 4153 10
467 4161 8
468 4170 9
469 4180 10
470 4187 7
471 4197 10
472 4207 10
473 4216 9
474 4224 8
475 4234 10
476 4244 10
477 4252 8
478 4262 10
479 4272 10
480 4280 8
481 4290 10
482 4300 10
483 4309 9
484 4318 9
485 4328 10
486 4338 10
487 4347 9
488 4357 10
489 4367 10
490 4377 10
491 4387 10
492 4397 10
493 4405 8
494 4414 9
495 4424 10
496 4433 9
497 4441 8
498 4450 9
499 4459 9
500 4467 8
