1 5 5
2 9 4
3 15 6
4 22 7
5 27 5
6 34 7
7 41 7
8 47 6
9 55 8
10 62 7
11 65 3
12 74 9
13 84 10
14 89 5
15 96 7
16 102 6
17 108 6
18 118 10
19 128 10
20 137 9
21 146 9
22 154 8
23 163 9
24 171 8
25 179 8
26 186 7
27 194 8
28 202 8
29 211 9
30 221 10
31 230 9
32 238 8
33 248 10
34 254 6
35 263 9
36 273 10
37 283 10
38 292 9
39 300 8
40 310 10
41 318 8
42 328 10
43 337 9
44 345 8
45 353 8
46 362 9
47 371 9
48 379 8
49 387 8
50 396 9
51 402 6
52 410 8
53 419 9
54 429 10
55 437 8
56 444 7
57 454 10
58 462 8
59 470 8
60 479 9
61 489 10
62 498 9
63 508 10
64 516 8
65 524 8
66 532 8
67 542 10
68 550 8
69 560 10
70 569 9
71 578 9
72 588 10
73 596 8
74 605 9
75 615 10
76 625 10
77 633 8
78 643 10
79 652 9
80 659 7
81 668 9
82 676 8
83 686 10
84 695 9
85 703 8
86 713 10
87 721 8
88 730 9
89 738 8
90 748 10
91 756 8
92 764 8
93 773 9
94 781 8
95 791 10
96 800 9
97 808 8
98 816 8
99 823 7
100 833 10
101 842 9
102 851 9
103 861 10
104 870 9
105 880 10
106 889 9
107 899 10
108 906 7
109 912 6
110 921 9
111 930 9
112 936 6
113 946 10
114 956 10
115 966 10
116 975 9
117 981 6
118 990 9
119 1000 10
120 1009 9
121 1018 9
122 1028 10
123 1038 10
124 1047 9
125 1057 10
126 1067 10
127 1074 7
128 1083 9
129 1092 9
130 1101 9
131 1110 9
132 1119 9
133 1126 7
134 1135 9
135 1145 10
136 1153 8
137 1162 9
138 1172 10
139 1180 8
140 1189 9
141 1199 10
142 1208 9
143 1218 10
144 1228 10
145 1237 9
146 1246 9
147 1253 7
148 1262 9
149 1272 10
150 1282 10
151 1291 9
152 1299 8
153 1308 9
154 1316 8
155 1326 10
156 1336 10
157 1345 9
158 1355 10
159 1363 8
160 1373 10
161 1383 10
162 1391 8
163 1400 9
164 1410 10
165 1419 9
166 1429 10
167 1439 10
168 1448 9
169 1458 10
170 1466 8
171 1475 9
172 1484 9
173 1494 10
174 1503 9
175 1512 9
176 1522 10
177 1532 10
178 1541 9
179 1551 10
180 1560 9
181 1569 9
182 1579 10
183 1588 9
184 1597 9
185 1606 9
186 1615 9
187 1623 8
188 1633 10
189 1643 10
190 1652 9
191 1659 7
192 1669 10
193 1678 9
194 1688 10
195 1698 10
196 1707 9
197 1717 10
198 1727 10
199 1737 10
200 1746 9
201 1755 9
202 1764 9
203 1772 8
204 1782 10
205 1791 9
206 1800 9
207 1810 10
208 1819 9
209 1829 10
210 1839 10
211 1848 9
212 1856 8
213 1865 9
214 1873 8
215 1883 10
216 1892 9
217 1899 7
218 1908 9
219 1916 8
220 1925 9
221 1935 10
222 1942 7
223 1952 10
224 1960 8
225 1969 9
226 1979 10
227 1989 10
228 1997 8
229 2007 10
230 2016 9
231 2025 9
232 2035 10
233 2044 9
234 2054 10
235 2061 7
236 2070 9
237 2079 9
238 2089 10
239 2098 9
240 2107 9
241 2114 7
242 2124 10
243 2132 8
244 2140 8
245 2149 9
246 2158 9
247 2168 10
248 2178 10
249 2188 10
250 2197 9
251 2206 9
252 2215 9
253 2223 8
254 2232 9
255 2241 9
256 2251 10
257 2259 8
258 2269 10
259 2278 9
260 2285 7
261 2294 9
262 2303 9
263 2311 8
264 2320 9
265 2330 10
266 2340 10
267 2347 7
268 2356 9
269 2364 8
270 2374 10
271 2382 8
272 2392 10
273 2401 9
274 2409 8
275 2419 10
276 2425 6
277 2435 10
278 2444 9
279 2454 10
280 2464 10
281 2473 9
282 2480 7
283 2488 8
284 2498 10
285 2508 10
286 2516 8
287 2526 10
288 2536 10
289 2546 10
290 2556 10
291 2566 10
292 2575 9
293 2585 10
294 2595 10
295 2605 10
296 2615 10
297 2624 9
298 2633 9
299 2639 6
300 2649 10
301 2658 9
302 2668 10
303 2677 9
304 2686 9
305 2695 9
306 2704 9
307 2714 10
308 2724 10
309 2734 10
310 2744 10
311 2753 9
312 2763 10
313 2773 10
314 2781 8
315 2789 8
316 2799 10
317 2809 10
318 2817 8
319 2825 8
320 2833 8
321 2843 10
322 2852 9
323 2860 8
324 2870 10
325 2878 8
326 2887 9
327 2896 9
328 2905 9
329 2913 8
330 2922 9
331 2929 7
332 2939 10
333 2949 10
334 2958 9
335 2967 9
336 2976 9
337 2986 10
338 2994 8
339 3003 9
340 3010 7
341 3018 8
342 3028 10
343 3037 9
344 3044 7
345 3052 8
346 3062 10
347 3071 9
348 3080 9
349 3089 9
350 3097 8
351 3106 9
352 3115 9
353 3125 10
354 3135 10
355 3145 10
356 3152 7
357 3160 8
358 3168 8
359 3176 8
360 3186 10
361 3194 8
362 3202 8
363 3211 9
364 3221 10
365 3230 9
366 3239 9
367 3247 8
368 3256 9
369 3265 9
370 3273 8
371 3282 9
372 3291 9
373 3301 10
374 3310 9
375 3320 10
376 3328 8
377 3338 10
378 3345 7
379 3355 10
380 3364 9
381 3371 7
382 3381 10
383 3391 10
384 3400 9
385 3407 7
386 3414 7
387 3422 8
388 3430 8
389 3440 10
390 3448 8
391 3458 10
392 3467 9
393 3474 7
394 3484 10
395 3492 8
396 3502 10
397 3510 8
398 3520 10
399 3528 8
400 3537 9
401 3547 10
402 3556 9
403 3565 9
404 3575 10
405 3585 10
406 3595 10
407 3603 8
408 3612 9
409 3622 10
410 3632 10
411 3640 8
412 3648 8
413 3656 8
414 3665 9
415 3672 7
416 3680 8
417 3690 10
418 3699 9
419 3709 10
420 3717 8
421 3725 8
422 3734 9
423 3744 10
424 3754 10
425 3764 10
426 3773 9
427 3783 10
428 3792 9
429 3801 9
430 3811 10
431 3820 9
432 3827 7
433 3837 10
434 3847 10
435 3855 8
436 3865 10
437 3874 9
438 3884 10
439 3891 7
440 3901 10
441 3910 9
442 3920 10
443 3930 10
444 3940 10
445 3950 10
446 3959 9
447 3966 7
448 3976 10
449 3985 9
450 3994 9
451 4004 10
452 4011 7
453 4021 10
454 4031 10
455 4041 10
456 4051 10
457 4061 10
458 4069 8
459 4079 10
460 4089 10
461 4098 9
462 4107 9
463 4117 10
464 4126 9
465 4136 10
466 4143 7
467 4152 9
468 4162 10
469 4172 10
470 4181 9
471 4190 9
472 4200 10
473 4208 8
474 4216 8
475 4225 9
476 4235 10
477 4245 10
478 4255 10
479 4264 9
480 4273 9
481 4282 9
482 4291 9
483 4301 10
484 4310 9
485 4319 9
486 4327 8
487 4336 9
488 4346 10
489 4356 10
490 4365 9
491 4375 10
492 4385 10
493 4395 10
494 4405 10
495 4415 10
496 4424 9
497 4431 7
498 4441 10
499 4450 9
500 4460 10
