1 5 5
2 10 5
3 16 6
4 21 5
5 26 5
6 31 5
7 37 6
8 42 5
9 48 6
10 56 8
11 64 8
12 72 8
13 78 6
14 83 5
15 91 8
16 99 8
17 108 9
18 114 6
19 123 9
20 133 10
21 142 9
22 152 10
23 159 7
24 168 9
25 177 9
26 185 8
27 193 8
28 202 9
29 211 9
30 218 7
31 226 8
32 236 10
33 241 5
34 251 10
35 261 10
36 270 9
37 280 10
38 287 7
39 296 9
40 304 8
41 312 8
42 320 8
43 329 9
44 339 10
45 349 10
46 359 10
47 366 7
48 375 9
49 384 9
50 394 10
51 404 10
52 411 7
53 418 7
54 427 9
55 434 7
56 444 10
57 454 10
58 463 9
59 472 9
60 481 9
61 490 9
62 497 7
63 505 8
64 514 9
65 524 10
66 534 10
67 543 9
68 551 8
69 560 9
70 570 10
71 577 7
72 585 8
73 594 9
74 603 9
75 609 6
76 617 8
77 626 9
78 635 9
79 644 9
80 654 10
81 663 9
82 672 9
83 681 9
84 691 10
85 697 6
86 706 9
87 715 9
88 725 10
89 735 10
90 744 9
91 752 8
92 761 9
93 771 10
94 781 10
95 789 8
96 799 10
97 808 9
98 818 10
99 827 9
100 836 9
101 845 9
102 854 9
103 864 10
104 873 9
105 883 10
106 892 9
107 902 10
108 911 9
109 920 9
110 929 9
111 939 10
112 948 9
113 958 10
114 967 9
115 977 10
116 987 10
117 996 9
118 1003 7
119 1012 9
120 1022 10
121 1031 9
122 1039 8
123 1049 10
124 1058 9
125 1068 10
126 1077 9
127 1086 9
128 1094 8
129 1104 10
130 1114 10
131 1123 9
132 1131 8
133 1140 9
134 1150 10
135 1160 10
136 1168 8
137 1178 10
138 1187 9
139 1196 9
140 1206 10
141 1212 6
142 1222 10
143 1230 8
144 1240 10
145 1249 9
146 1259 10
147 1269 10
148 1279 10
149 1289 10
150 1299 10
151 1307 8
152 1317 10
153 1327 10
154 1337 10
155 1347 10
156 1357 10
157 1366 9
158 1376 10
159 1384 8
160 1394 10
161 1404 10
162 1414 10
163 1423 9
164 1431 8
165 1440 9
166 1448 8
167 1458 10
168 1468 10
169 1478 10
170 1486 8
171 1495 9
172 1505 10
173 1514 9
174 1524 10
175 1533 9
176 1542 9
177 1552 10
178 1561 9
179 1571 10
180 1581 10
181 1590 9
182 1599 9
183 1608 9
184 1617 9
185 1625 8
186 1635 10
187 1644 9
188 1654 10
189 1663 9
190 1673 10
191 1682 9
192 1691 9
193 1699 8
194 1708 9
195 1718 10
196 1728 10
197 1738 10
198 1748 10
199 1755 7
200 1764 9
201 1774 10
202 1782 8
203 1791 9
204 1800 9
205 1809 9
206 1818 9
207 1828 10
208 1837 9
209 1846 9
210 1856 10
211 1865 9
212 1874 9
213 1882 8
214 1891 9
215 1900 9
216 1909 9
217 1918 9
218 1928 10
219 1937 9
220 1947 10
221 1957 10
222 1966 9
223 1974 8
224 1984 10
225 1994 10
226 2004 10
227 2012 8
228 2020 8
229 2028 8
230 2038 10
231 2047 9
232 2057 10
233 2066 9
234 2075 9
235 2084 9
236 2094 10
237 2103 9
238 2113 10
239 2121 8
240 2130 9
241 2140 10
242 2148 8
243 2157 9
244 2166 9
245 2175 9
246 2184 9
247 2194 10
248 2204 10
249 2214 10
250 2223 9
251 2233 10
252 2242 9
253 2250 8
254 2260 10
255 2270 10
256 2280 10
257 2289 9
258 2298 9
259 2306 8
260 2315 9
261 2324 9
262 2333 9
263 2341 8
264 2351 10
265 2360 9
266 2369 9
267 2379 10
268 2388 9
269 2397 9
270 2406 9
271 2414 8
272 2422 8
273 2431 9
274 2441 10
275 2449 8
276 2455 6
277 2464 9
278 2474 10
279 2484 10
280 2492 8
281 2502 10
282 2510 8
283 2519 9
284 2528 9
285 2537 9
286 2546 9
287 2555 9
288 2564 9
289 2572 8
290 2581 9
291 2591 10
292 2601 10
293 2610 9
294 2619 9
295 2629 10
296 2637 8
297 2647 10
298 2656 9
299 2665 9
300 2675 10
301 2684 9
302 2692 8
303 2702 10
304 2712 10
305 2720 8
306 2728 8
307 2736 8
308 2745 9
309 2755 10
310 2764 9
311 2773 9
312 2781 8
313 2790 9
314 2798 8
315 2808 10
316 2817 9
317 2827 10
318 2836 9
319 2846 10
320 2856 10
321 2866 10
322 2876 10
323 2886 10
324 2895 9
325 2905 10
326 2914 9
327 2923 9
328 2932 9
329 2941 9
330 2950 9
331 2960 10
332 2969 9
333 2978 9
334 2986 8
335 2996 10
336 3006 10
337 3016 10
338 3025 9
339 3033 8
340 3043 10
341 3051 8
342 3060 9
343 3069 9
344 3077 8
345 3087 10
346 3096 9
347 3106 10
348 3115 9
349 3125 10
350 3135 10
351 3143 8
352 3152 9
353 3162 10
354 3170 8
355 3180 10
356 3190 10
357 3199 9
358 3209 10
359 3219 10
360 3229 10
361 3238 9
362 3247 9
363 3257 10
364 3267 10
365 3276 9
366 3285 9
367 3293 8
368 3303 10
369 3312 9
370 3321 9
371 3331 10
372 3341 10
373 3350 9
374 3360 10
375 3370 10
376 3380 10
377 3388 8
378 3398 10
379 3407 9
380 3416 9
381 3426 10
382 3436 10
383 3445 9
384 3454 9
385 3463 9
386 3471 8
387 3481 10
388 3490 9
389 3500 10
390 3510 10
391 3520 10
392 3529 9
393 3538 9
394 3547 9
395 3556 9
396 3566 10
397 3576 10
398 3585 9
399 3594 9
400 3604 10
401 3613 9
402 3621 8
403 3629 8
404 3639 10
405 3649 10
406 3659 10
407 3667 8
408 3677 10
409 3687 10
410 3697 10
411 3707 10
412 3714 7
413 3724 10
414 3734 10
415 3744 10
416 3753 9
417 3762 9
418 3772 10
419 3781 9
420 3791 10
421 3801 10
422 3809 8
423 3817 8
424 3826 9
425 3834 8
426 3844 10
427 3853 9
428 3863 10
429 3873 10
430 3883 10
431 3893 10
432 3903 10
433 3911 8
434 3917 6
435 3927 10
436 3936 9
437 3945 9
438 3955 10
439 3963 8
440 3972 9
441 3981 9
442 3991 10
443 4001 10
444 4011 10
445 4020 9
446 4030 10
447 4039 9
448 4048 9
449 4057 9
450 4066 9
451 4074 8
452 4084 10
453 4094 10
454 4103 9
455 4112 9
456 4120 8
457 4128 8
458 4136 8
459 4142 6
460 4150 8
461 4160 10
462 4169 9
463 4178 9
464 4188 10
465 4197 9
466 4205 8
467 4214 9
468 4224 10
469 4232 8
470 4242 10
471 4252 10
472 4261 9
473 4271 10
474 4281 10
475 4291 10
476 4301 10
477 4311 10
478 4320 9
479 4329 9
480 4337 8
481 4347 10
482 4357 10
483 4367 10
484 4377 10
485 4386 9
486 4396 10
487 4406 10
488 4415 9
489 4425 10
490 4434 9
491 4443 9
492 4453 10
493 4463 10
494 4471 8
495 4479 8
496 4488 9
497 4495 7
498 4504 9
499 4514 10
500 4523 9
