1 6 6
2 9 3
3 17 8
4 21 4
5 29 8
6 33 4
7 41 8
8 44 3
9 50 6
10 59 9
11 68 9
12 76 8
13 82 6
14 88 6
15 97 9
16 105 8
17 115 10
18 121 6
19 127 6
20 134 7
21 143 9
22 152 9
23 159 7
24 167 8
25 174 7
26 180 6
27 187 7
28 196 9
29 204 8
30 212 8
31 219 7
32 226 7
33 234 8
34 243 9
35 252 9
36 259 7
37 269 10
38 278 9
39 284 6
40 293 9
41 303 10
42 311 8
43 320 9
44 328 8
45 337 9
46 345 8
47 353 8
48 363 10
49 372 9
50 381 9
51 390 9
52 399 9
53 406 7
54 414 8
55 423 9
56 432 9
57 440 8
58 448 8
59 456 8
60 464 8
61 474 10
62 483 9
63 491 8
64 500 9
65 508 8
66 517 9
67 527 10
68 537 10
69 546 9
70 556 10
71 566 10
72 575 9
73 582 7
74 590 8
75 600 10
76 609 9
77 619 10
78 628 9
79 637 9
80 646 9
81 656 10
82 666 10
83 675 9
84 683 8
85 692 9
86 700 8
87 710 10
88 719 9
89 729 10
90 736 7
91 744 8
92 753 9
93 762 9
94 772 10
95 781 9
96 790 9
97 800 10
98 809 9
99 818 9
100 828 10
101 836 8
102 844 8
103 854 10
104 863 9
105 872 9
106 881 9
107 891 10
108 901 10
109 910 9
110 920 10
111 929 9
112 938 9
113 947 9
114 956 9
115 966 10
116 974 8
117 983 9
118 991 8
119 1001 10
120 1010 9
121 1020 10
122 1028 8
123 1036 8
124 1044 8
125 1053 9
126 1062 9
127 1072 10
128 1081 9
129 1090 9
130 1099 9
131 1107 8
132 1117 10
133 1125 8
134 1134 9
135 1143 9
136 1151 8
137 1159 8
138 1168 9
139 1178 10
140 1188 10
141 1198 10
142 1206 8
143 1216 10
144 1226 10
145 1236 10
146 1244 8
147 1252 8
148 1262 10
149 1271 9
150 1279 8
151 1289 10
152 1298 9
153 1308 10
154 1318 10
155 1326 8
156 1336 10
157 1345 9
158 1355 10
159 1365 10
160 1375 10
161 1382 7
162 1392 10
163 1401 9
164 1411 10
165 1420 9
166 1429 9
167 1437 8
168 1446 9
169 1456 10
170 1465 9
171 1474 9
172 1483 9
173 1492 9
174 1502 10
175 1510 8
176 1519 9
177 1527 8
178 1536 9
179 1546 10
180 1555 9
181 1565 10
182 1574 9
183 1583 9
184 1592 9
185 1602 10
186 1610 8
187 1618 8
188 1626 8
189 1634 8
190 1643 9
191 1652 9
192 1662 10
193 1672 10
194 1681 9
195 1689 8
196 1699 10
197 1707 8
198 1717 10
199 1726 9
200 1734 8
201 1743 9
202 1753 10
203 1761 8
204 1769 8
205 1777 8
206 1786 9
207 1795 9
208 1804 9
209 1812 8
210 1822 10
211 1831 9
212 1841 10
213 1851 10
214 1861 10
215 1871 10
216 1881 10
217 1890 9
218 1900 10
219 1908 8
220 1917 9
221 1927 10
222 1937 10
223 1947 10
224 1955 8
225 1965 10
226 1974 9
227 1983 9
228 1993 10
229 2003 10
230 2012 9
231 2021 9
232 2030 9
233 2039 9
234 2048 9
235 2057 9
236 2066 9
237 2074 8
238 2083 9
239 2093 10
240 2103 10
241 2113 10
242 2123 10
243 2132 9
244 2142 10
245 2152 10
246 2161 9
247 2170 9
248 2180 10
249 2189 9
250 2198 9
251 2207 9
252 2216 9
253 2226 10
254 2236 10
255 2246 10
256 2256 10
257 2266 10
258 2276 10
259 2284 8
260 2294 10
261 2302 8
262 2312 10
263 2321 9
264 2330 9
265 2338 8
266 2346 8
267 2356 10
268 2364 8
269 2374 10
270 2382 8
271 2392 10
272 2402 10
273 2411 9
274 2419 8
275 2429 10
276 2438 9
277 2445 7
278 2455 10
279 2463 8
280 2472 9
281 2481 9
282 2491 10
283 2498 7
284 2506 8
285 2514 8
286 2522 8
287 2530 8
288 2539 9
289 2549 10
290 2558 9
291 2566 8
292 2575 9
293 2584 9
294 2594 10
295 2604 10
296 2613 9
297 2623 10
298 2632 9
299 2642 10
300 2651 9
301 2661 10
302 2670 9
303 2680 10
304 2689 9
305 2698 9
306 2708 10
307 2718 10
308 2726 8
309 2734 8
310 2744 10
311 2753 9
312 2763 10
313 2772 9
314 2780 8
315 2789 9
316 2798 9
317 2807 9
318 2816 9
319 2825 9
320 2835 10
321 2845 10
322 2854 9
323 2862 8
324 2872 10
325 2882 10
326 2891 9
327 2901 10
328 2910 9
329 2920 10
330 2928 8
331 2938 10
332 2947 9
333 2957 10
334 2966 9
335 2975 9
336 2983 8
337 2993 10
338 3002 9
339 3011 9
340 3021 10
341 3031 10
342 3041 10
343 3048 7
344 3057 9
345 3066 9
346 3074 8
347 3082 8
348 3091 9
349 3101 10
350 3110 9
351 3118 8
352 3126 8
353 3134 8
354 3143 9
355 3153 10
356 3162 9
357 3170 8
358 3180 10
359 3188 8
360 3196 8
361 3205 9
362 3214 9
363 3223 9
364 3232 9
365 3242 10
366 3252 10
367 3261 9
368 3269 8
369 3277 8
370 3287 10
371 3296 9
372 3305 9
373 3313 8
374 3323 10
375 3332 9
376 3342 10
377 3352 10
378 3361 9
379 3371 10
380 3380 9
381 3388 8
382 3396 8
383 3405 9
384 3415 10
385 3425 10
386 3434 9
387 3443 9
388 3453 10
389 3461 8
390 3470 9
391 3477 7
392 3487 10
393 3496 9
394 3505 9
395 3513 8
396 3520 7
397 3528 8
398 3538 10
399 3547 9
400 3557 10
401 3564 7
402 3572 8
403 3582 10
404 3591 9
405 3600 9
406 3610 10
407 3620 10
408 3629 9
409 3638 9
410 3648 10
411 3656 8
412 3665 9
413 3674 9
414 3683 9
415 3693 10
416 3703 10
417 3710 7
418 3718 8
419 3726 8
420 3736 10
421 3744 8
422 3753 9
423 3763 10
424 3772 9
425 3782 10
426 3792 10
427 3800 8
428 3809 9
429 3818 9
430 3827 9
431 3837 10
432 3847 10
433 3856 9
434 3865 9
435 3873 8
436 3883 10
437 3893 10
438 3901 8
439 3911 10
440 3920 9
441 3928 8
442 3937 9
443 3947 10
444 3957 10
445 3966 9
446 3976 10
447 3985 9
448 3994 9
449 4001 7
450 4009 8
451 4018 9
452 4028 10
453 4037 9
454 4044 7
455 4054 10
456 4064 10
457 4073 9
458 4082 9
459 4091 9
460 4101 10
461 4111 10
462 4121 10
463 4131 10
464 4141 10
465 4151 10
466 4161 10
467 4170 9
468 4179 9
469 4188 9
470 4197 9
471 4206 9
472 4215 9
473 4224 9
474 4233 9
475 4242 9
476 4249 7
477 4258 9
478 4267 9
479 4276 9
480 4285 9
481 4293 8
482 4303 10
483 4312 9
484 4321 9
485 4330 9
486 4340 10
487 4349 9
488 4359 10
489 4368 9
490 4376 8
491 4386 10
492 4395 9
493 4404 9
494 4414 10
495 4424 10
496 4433 9
497 4443 10
498 4453 10
499 4462 9
500 4470 8
