1 6 6
2 10 4
3 15 5
4 19 4
5 27 8
6 36 9
7 46 10
8 52 6
9 57 5
10 63 6
11 71 8
12 80 9
13 88 8
14 96 8
15 104 8
16 112 8
17 120 8
18 128 8
19 136 8
20 143 7
21 152 9
22 159 7
23 168 9
24 178 10
25 185 7
26 194 9
27 203 9
28 210 7
29 217 7
30 226 9
31 236 10
32 244 8
33 251 7
34 259 8
35 266 7
36 274 8
37 284 10
38 291 7
39 300 9
40 307 7
41 313 6
42 323 10
43 331 8
44 341 10
45 349 8
46 358 9
47 367 9
48 377 10
49 386 9
50 394 8
51 404 10
52 410 6
53 419 9
54 429 10
55 437 8
56 444 7
57 453 9
58 461 8
59 469 8
60 478 9
61 488 10
62 498 10
63 507 9
64 513 6
65 523 10
66 532 9
67 541 9
68 551 10
69 559 8
70 567 8
71 576 9
72 584 8
73 594 10
74 604 10
75 612 8
76 621 9
77 631 10
78 639 8
79 649 10
80 659 10
81 668 9
82 676 8
83 685 9
84 692 7
85 700 8
86 709 9
87 717 8
88 726 9
89 735 9
90 745 10
91 754 9
92 764 10
93 771 7
94 781 10
95 791 10
96 799 8
97 809 10
98 818 9
99 828 10
100 836 8
101 844 8
102 854 10
103 862 8
104 871 9
105 880 9
106 890 10
107 899 9
108 908 9
109 917 9
110 924 7
111 933 9
112 942 9
113 950 8
114 960 10
115 966 6
116 975 9
117 984 9
118 993 9
119 1003 10
120 1012 9
121 1022 10
122 1032 10
123 1041 9
124 1050 9
125 1059 9
126 1067 8
127 1076 9
128 1085 9
129 1094 9
130 1103 9
131 1109 6
132 1119 10
133 1129 10
134 1136 7
135 1144 8
136 1153 9
137 1160 7
138 1168 8
139 1176 8
140 1183 7
141 1190 7
142 1200 10
143 1209 9
144 1216 7
145 1226 10
146 1235 9
147 1244 9
148 1253 9
149 1263 10
150 1271 8
151 1281 10
152 1291 10
153 1301 10
154 1309 8
155 1318 9
156 1327 9
157 1336 9
158 1345 9
159 1355 10
160 1364 9
161 1374 10
162 1384 10
163 1394 10
164 1404 10
165 1412 8
166 1422 10
167 1432 10
168 1442 10
169 1452 10
170 1462 10
171 1472 10
172 1482 10
173 1492 10
174 1501 9
175 1510 9
176 1520 10
177 1530 10
178 1538 8
179 1548 10
180 1556 8
181 1565 9
182 1574 9
183 1583 9
184 1591 8
185 1600 9
186 1610 10
187 1620 10
188 1630 10
189 1640 10
190 1649 9
191 1657 8
192 1666 9
193 1676 10
194 1686 10
195 1695 9
196 1704 9
197 1712 8
198 1722 10
199 1732 10
200 1741 9
201 1749 8
202 1759 10
203 1769 10
204 1778 9
205 1787 9
206 1796 9
207 1806 10
208 1815 9
209 1825 10
210 1835 10
211 1845 10
212 1854 9
213 1862 8
214 1871 9
215 1880 9
216 1888 8
217 1897 9
218 1907 10
219 1917 10
220 1926 9
221 1935 9
222 1944 9
223 1954 10
224 1963 9
225 1972 9
226 1980 8
227 1989 9
228 1998 9
229 2007 9
230 2016 9
231 2026 10
232 2036 10
233 2045 9
234 2051 6
235 2060 9
236 2069 9
237 2078 9
238 2088 10
239 2097 9
240 2106 9
241 2115 9
242 2125 10
243 2133 8
244 2143 10
245 2153 10
246 2161 8
247 2170 9
248 2179 9
249 2189 10
250 2199 10
251 2208 9
252 2218 10
253 2228 10
254 2237 9
255 2245 8
256 2254 9
257 2264 10
258 2274 10
259 2283 9
260 2292 9
261 2300 8
262 2308 8
263 2316 8
264 2325 9
265 2334 9
266 2344 10
267 2354 10
268 2364 10
269 2374 10
270 2384 10
271 2394 10
272 2401 7
273 2410 9
274 2420 10
275 2429 9
276 2437 8
277 2446 9
278 2455 9
279 2465 10
280 2474 9
281 2484 10
282 2492 8
283 2501 9
284 2511 10
285 2520 9
286 2529 9
287 2539 10
288 2548 9
289 2556 8
290 2565 9
291 2574 9
292 2583 9
293 2592 9
294 2600 8
295 2609 9
296 2617 8
297 2624 7
298 2634 10
299 2641 7
300 2651 10
301 2660 9
302 2670 10
303 2680 10
304 2690 10
305 2700 10
306 2709 9
307 2717 8
308 2727 10
309 2735 8
310 2745 10
311 2754 9
312 2762 8
313 2771 9
314 2780 9
315 2790 10
316 2798 8
317 2808 10
318 2817 9
319 2826 9
320 2836 10
321 2845 9
322 2854 9
323 2864 10
324 2873 9
325 2881 8
326 2888 7
327 2897 9
328 2906 9
329 2913 7
330 2922 9
331 2932 10
332 2942 10
333 2951 9
334 2960 9
335 2968 8
336 2978 10
337 2986 8
338 2995 9
339 3005 10
340 3015 10
341 3025 10
342 3034 9
343 3044 10
344 3053 9
345 3062 9
346 3070 8
347 3080 10
348 3090 10
349 3100 10
350 3110 10
351 3118 8
352 3127 9
353 3136 9
354 3144 8
355 3154 10
356 3163 9
357 3173 10
358 3183 10
359 3192 9
360 3202 10
361 3211 9
362 3220 9
363 3230 10
364 3236 6
365 3246 10
366 3256 10
367 3266 10
368 3276 10
369 3286 10
370 3296 10
371 3305 9
372 3315 10
373 3323 8
374 3332 9
375 3341 9
376 3350 9
377 3359 9
378 3369 10
379 3379 10
380 3389 10
381 3399 10
382 3409 10
383 3418 9
384 3428 10
385 3438 10
386 3447 9
387 3456 9
388 3464 8
389 3473 9
390 3483 10
391 3490 7
392 3500 10
393 3510 10
394 3520 10
395 3529 9
396 3539 10
397 3547 8
398 3556 9
399 3565 9
400 3574 9
401 3583 9
402 3591 8
403 3599 8
404 3607 8
405 3613 6
406 3623 10
407 3633 10
408 3643 10
409 3652 9
410 3660 8
411 3670 10
412 3679 9
413 3687 8
414 3696 9
415 3706 10
416 3715 9
417 3725 10
418 3734 9
419 3743 9
420 3752 9
421 3761 9
422 3771 10
423 3781 10
424 3790 9
425 3798 8
426 3808 10
427 3817 9
428 3827 10
429 3837 10
430 3847 10
431 3855 8
432 3864 9
433 3874 10
434 3883 9
435 3893 10
436 3903 10
437 3913 10
438 3923 10
439 3932 9
440 3942 10
441 3951 9
442 3960 9
443 3969 9
444 3978 9
445 3988 10
446 3997 9
447 4006 9
448 4012 6
449 4022 10
450 4031 9
451 4041 10
452 4050 9
453 4060 10
454 4070 10
455 4078 8
456 4087 9
457 4095 8
458 4104 9
459 4114 10
460 4123 9
461 4132 9
462 4140 8
463 4149 9
464 4157 8
465 4165 8
466 4174 9
467 4183 9
468 4192 9
469 4201 9
470 4211 10
471 4219 8
472 4227 8
473 4236 9
474 4246 10
475 4255 9
476 4265 10
477 4274 9
478 4284 10
479 4294 10
480 4304 10
481 4313 9
482 4323 10
483 4332 9
484 4340 8
485 4348 8
486 4358 10
487 4368 10
488 4377 9
489 4387 10
490 4396 9
491 4406 10
492 4415 9
493 4424 9
494 4432 8
495 4442 10
496 4450 8
497 4460 10
498 4468 8
499 4478 10
500 4488 10
