1 6 6
2 13 7
3 20 7
4 24 4
5 28 4
6 33 5
7 40 7
8 50 10
9 58 8
10 63 5
11 69 6
12 77 8
13 82 5
14 91 9
15 98 7
16 106 8
17 115 9
18 122 7
19 132 10
20 140 8
21 149 9
22 156 7
23 162 6
24 169 7
25 177 8
26 185 8
27 192 7
28 201 9
29 209 8
30 217 8
31 226 9
32 233 7
33 240 7
34 250 10
35 258 8
36 267 9
37 277 10
38 286 9
39 294 8
40 302 8
41 311 9
42 319 8
43 328 9
44 337 9
45 345 8
46 355 10
47 364 9
48 372 8
49 382 10
50 388 6
51 398 10
52 407 9
53 416 9
54 425 9
55 434 9
56 442 8
57 451 9
58 461 10
59 469 8
60 478 9
61 488 10
62 497 9
63 507 10
64 515 8
65 525 10
66 533 8
67 542 9
68 550 8
69 558 8
70 567 9
71 575 8
72 585 10
73 594 9
74 601 7
75 611 10
76 621 10
77 631 10
78 641 10
79 651 10
80 657 6
81 664 7
82 671 7
83 677 6
84 686 9
85 693 7
86 703 10
87 713 10
88 720 7
89 729 9
90 738 9
91 744 6
92 752 8
93 761 9
94 771 10
95 781 10
96 790 9
97 799 9
98 807 8
99 814 7
100 823 9
101 832 9
102 842 10
103 851 9
104 859 8
105 869 10
106 879 10
107 886 7
108 895 9
109 905 10
110 915 10
111 923 8
112 932 9
113 941 9
114 950 9
115 958 8
116 967 9
117 977 10
118 987 10
119 997 10
120 1006 9
121 1014 8
122 1023 9
123 1032 9
124 1041 9
125 1050 9
126 1059 9
127 1068 9
128 1078 10
129 1088 10
130 1097 9
131 1106 9
132 1116 10
133 1125 9
134 1133 8
135 1143 10
136 1153 10
137 1163 10
138 1171 8
139 1179 8
140 1187 8
141 1196 9
142 1205 9
143 1213 8
144 1222 9
145 1231 9
146 1241 10
147 1251 10
148 1258 7
149 1266 8
150 1274 8
151 1283 9
152 1292 9
153 1302 10
154 1312 10
155 1322 10
156 1332 10
157 1340 8
158 1349 9
159 1358 9
160 1368 10
161 1377 9
162 1384 7
163 1392 8
164 1401 9
165 1410 9
166 1420 10
167 1429 9
168 1437 8
169 1446 9
170 1455 9
171 1464 9
172 1472 8
173 1482 10
174 1490 8
175 1499 9
176 1508 9
177 1517 9
178 1527 10
179 1536 9
180 1544 8
181 1554 10
182 1562 8
183 1571 9
184 1578 7
185 1588 10
186 1598 10
187 1606 8
188 1616 10
189 1623 7
190 1631 8
191 1641 10
192 1650 9
193 1656 6
194 1665 9
195 1674 9
196 1683 9
197 1692 9
198 1701 9
199 1708 7
200 1717 9
201 1727 10
202 1737 10
203 1747 10
204 1757 10
205 1767 10
206 1776 9
207 1786 10
208 1795 9
209 1803 8
210 1811 8
211 1821 10
212 1830 9
213 1838 8
214 1848 10
215 1857 9
216 1867 10
217 1876 9
218 1885 9
219 1894 9
220 1902 8
221 1910 8
222 1918 8
223 1926 8
224 1935 9
225 1944 9
226 1952 8
227 1962 10
228 1972 10
229 1982 10
230 1989 7
231 1999 10
232 2006 7
233 2015 9
234 2025 10
235 2034 9
236 2043 9
237 2050 7
238 2058 8
239 2066 8
240 2076 10
241 2085 9
242 2094 9
243 2104 10
244 2111 7
245 2121 10
246 2129 8
247 2139 10
248 2147 8
249 2156 9
250 2165 9
251 2175 10
252 2184 9
253 2192 8
254 2201 9
255 2211 10
256 2220 9
257 2229 9
258 2238 9
259 2247 9
260 2256 9
261 2265 9
262 2273 8
263 2281 8
264 2290 9
265 2298 8
266 2307 9
267 2316 9
268 2326 10
269 2335 9
270 2343 8
271 2353 10
272 2362 9
273 2371 9
274 2380 9
275 2390 10
276 2400 10
277 2410 10
278 2420 10
279 2429 9
280 2439 10
281 2449 10
282 2458 9
283 2467 9
284 2477 10
285 2486 9
286 2496 10
287 2504 8
288 2512 8
289 2521 9
290 2531 10
291 2540 9
292 2547 7
293 2556 9
294 2562 6
295 2571 9
296 2581 10
297 2591 10
298 2600 9
299 2609 9
300 2618 9
301 2627 9
302 2637 10
303 2647 10
304 2657 10
305 2667 10
306 2677 10
307 2687 10
308 2697 10
309 2707 10
310 2717 10
311 2727 10
312 2736 9
313 2744 8
314 2754 10
315 2763 9
316 2773 10
317 2783 10
318 2792 9
319 2802 10
320 2810 8
321 2819 9
322 2828 9
323 2837 9
324 2847 10
325 2856 9
326 2865 9
327 2875 10
328 2885 10
329 2894 9
330 2903 9
331 2911 8
332 2920 9
333 2929 9
334 2939 10
335 2947 8
336 2955 8
337 2964 9
338 2974 10
339 2984 10
340 2994 10
341 3003 9
342 3013 10
343 3023 10
344 3032 9
345 3040 8
346 3047 7
347 3055 8
348 3064 9
349 3074 10
350 3082 8
351 3091 9
352 3100 9
353 3110 10
354 3120 10
355 3130 10
356 3139 9
357 3148 9
358 3158 10
359 3168 10
360 3178 10
361 3188 10
362 3197 9
363 3207 10
364 3217 10
365 3226 9
366 3236 10
367 3246 10
368 3255 9
369 3265 10
370 3274 9
371 3284 10
372 3293 9
373 3303 10
374 3311 8
375 3320 9
376 3330 10
377 3339 9
378 3349 10
379 3359 10
380 3369 10
381 3379 10
382 3388 9
383 3396 8
384 3406 10
385 3415 9
386 3423 8
387 3431 8
388 3439 8
389 3448 9
390 3457 9
391 3465 8
392 3474 9
393 3484 10
394 3494 10
395 3502 8
396 3512 10
397 3521 9
398 3531 10
399 3541 10
400 3551 10
401 3558 7
402 3567 9
403 3575 8
404 3584 9
405 3591 7
406 3601 10
407 3610 9
408 3620 10
409 3628 8
410 3637 9
411 3647 10
412 3657 10
413 3666 9
414 3676 10
415 3683 7
416 3693 10
417 3702 9
418 3710 8
419 3720 10
420 3728 8
421 3737 9
422 3747 10
423 3756 9
424 3766 10
425 3775 9
426 3785 10
427 3794 9
428 3802 8
429 3811 9
430 3821 10
431 3831 10
432 3841 10
433 3850 9
434 3860 10
435 3869 9
436 3878 9
437 3888 10
438 3898 10
439 3906 8
440 3915 9
441 3923 8
442 3930 7
443 3940 10
444 3949 9
445 3959 10
446 3968 9
447 3977 9
448 3986 9
449 3996 10
450 4006 10
451 4016 10
452 4026 10
453 4036 10
454 4044 8
455 4053 9
456 4062 9
457 4072 10
458 4081 9
459 4090 9
460 4099 9
461 4107 8
462 4116 9
463 4124 8
464 4133 9
465 4142 9
466 4152 10
467 4160 8
468 4169 9
469 4178 9
470 4188 10
471 4198 10
472 4207 9
473 4216 9
474 4226 10
475 4236 10
476 4243 7
477 4251 8
478 4260 9
479 4269 9
480 4279 10
481 4288 9
482 4298 10
483 4307 9
484 4316 9
485 4325 9
486 4334 9
487 4344 10
488 4352 8
489 4362 10
490 4371 9
491 4380 9
492 4389 9
493 4398 9
494 4408 10
495 4417 9
496 4426 9
497 4435 9
498 4443 8
499 4450 7
500 4460 10
