1 4 4
2 8 4
3 15 7
4 21 6
5 28 7
6 33 5
7 37 4
8 43 6
9 53 10
10 59 6
11 68 9
12 76 8
13 84 8
14 94 10
15 102 8
16 110 8
17 117 7
18 125 8
19 134 9
20 143 9
21 150 7
22 159 9
23 168 9
24 178 10
25 187 9
26 195 8
27 205 10
28 213 8
29 222 9
30 232 10
31 242 10
32 250 8
33 259 9
34 265 6
35 275 10
36 282 7
37 290 8
38 298 8
39 308 10
40 315 7
41 324 9
42 332 8
43 342 10
44 352 10
45 361 9
46 367 6
47 374 7
48 383 9
49 390 7
50 398 8
51 407 9
52 417 10
53 426 9
54 433 7
55 441 8
56 450 9
57 460 10
58 468 8
59 474 6
60 482 8
61 489 7
62 497 8
63 506 9
64 516 10
65 525 9
66 534 9
67 543 9
68 551 8
69 560 9
70 569 9
71 578 9
72 586 8
73 595 9
74 605 10
75 613 8
76 621 8
77 629 8
78 639 10
79 648 9
80 657 9
81 666 9
82 676 10
83 685 9
84 695 10
85 704 9
86 712 8
87 719 7
88 728 9
89 737 9
90 746 9
91 755 9
92 765 10
93 774 9
94 783 9
95 793 10
96 803 10
97 810 7
98 819 9
99 829 10
100 836 7
101 845 9
102 854 9
103 863 9
104 872 9
105 881 9
106 890 9
107 898 8
108 907 9
109 915 8
110 924 9
111 933 9
112 943 10
113 952 9
114 961 9
115 971 10
116 980 9
117 989 9
118 999 10
119 1009 10
120 1017 8
121 1027 10
122 1034 7
123 1042 8
124 1052 10
125 1062 10
126 1071 9
127 1079 8
128 1089 10
129 1099 10
130 1109 10
131 1117 8
132 1127 10
133 1137 10
134 1147 10
135 1156 9
136 1166 10
137 1175 9
138 1185 10
139 1194 9
140 1204 10
141 1212 8
142 1221 9
143 1228 7
144 1237 9
145 1245 8
146 1254 9
147 1264 10
148 1272 8
149 1278 6
150 1287 9
151 1296 9
152 1306 10
153 1313 7
154 1322 9
155 1332 10
156 1340 8
157 1349 9
158 1358 9
159 1368 10
160 1378 10
161 1388 10
162 1396 8
163 1406 10
164 1414 8
165 1423 9
166 1432 9
167 1441 9
168 1451 10
169 1460 9
170 1470 10
171 1478 8
172 1486 8
173 1496 10
174 1505 9
175 1512 7
176 1522 10
177 1531 9
178 1540 9
179 1549 9
180 1558 9
181 1566 8
182 1574 8
183 1581 7
184 1590 9
185 1599 9
186 1609 10
187 1617 8
188 1626 9
189 1634 8
190 1643 9
191 1652 9
192 1661 9
193 1670 9
194 1679 9
195 1687 8
196 1696 9
197 1706 10
198 1715 9
199 1725 10
200 1733 8
201 1743 10
202 1751 8
203 1757 6
204 1766 9
205 1775 9
206 1785 10
207 1793 8
208 1801 8
209 1810 9
210 1820 10
211 1830 10
212 1839 9
213 1847 8
214 1855 8
215 1863 8
216 1871 8
217 1881 10
218 1890 9
219 1900 10
220 1910 10
221 1920 10
222 1929 9
223 1937 8
224 1947 10
225 1957 10
226 1967 10
227 1977 10
228 1986 9
229 1996 10
230 2006 10
231 2016 10
232 2025 9
233 2033 8
234 2043 10
235 2052 9
236 2062 10
237 2071 9
238 2081 10
239 2088 7
240 2098 10
241 2107 9
242 2116 9
243 2125 9
244 2134 9
245 2141 7
246 2149 8
247 2158 9
248 2168 10
249 2178 10
250 2187 9
251 2197 10
252 2207 10
253 2215 8
254 2224 9
255 2234 10
256 2243 9
257 2252 9
258 2258 6
259 2267 9
260 2276 9
261 2286 10
262 2296 10
263 2305 9
264 2314 9
265 2323 9
266 2332 9
267 2341 9
268 2350 9
269 2359 9
270 2367 8
271 2377 10
272 2387 10
273 2397 10
274 2406 9
275 2415 9
276 2425 10
277 2434 9
278 2443 9
279 2452 9
280 2460 8
281 2470 10
282 2479 9
283 2489 10
284 2499 10
285 2507 8
286 2517 10
287 2527 10
288 2537 10
289 2545 8
290 2555 10
291 2564 9
292 2574 10
293 2584 10
294 2594 10
295 2603 9
296 2613 10
297 2623 10
298 2632 9
299 2641 9
300 2648 7
301 2658 10
302 2666 8
303 2674 8
304 2681 7
305 2691 10
306 2701 10
307 2711 10
308 2719 8
309 2728 9
310 2737 9
311 2744 7
312 2753 9
313 2762 9
314 2772 10
315 2780 8
316 2790 10
317 2800 10
318 2809 9
319 2817 8
320 2826 9
321 2835 9
322 2845 10
323 2855 10
324 2862 7
325 2872 10
326 2881 9
327 2891 10
328 2900 9
329 2910 10
330 2919 9
331 2928 9
332 2937 9
333 2946 9
334 2956 10
335 2966 10
336 2975 9
337 2985 10
338 2993 8
339 3003 10
340 3012 9
341 3022 10
342 3032 10
343 3040 8
344 3046 6
345 3054 8
346 3063 9
347 3071 8
348 3079 8
349 3089 10
350 3099 10
351 3109 10
352 3118 9
353 3127 9
354 3135 8
355 3145 10
356 3153 8
357 3162 9
358 3171 9
359 3181 10
360 3191 10
361 3200 9
362 3210 10
363 3220 10
364 3227 7
365 3237 10
366 3245 8
367 3255 10
368 3265 10
369 3273 8
370 3283 10
371 3291 8
372 3301 10
373 3311 10
374 3320 9
375 3328 8
376 3337 9
377 3346 9
378 3355 9
379 3365 10
380 3373 8
381 3383 10
382 3392 9
383 3402 10
384 3410 8
385 3419 9
386 3427 8
387 3436 9
388 3444 8
389 3453 9
390 3461 8
391 3469 8
392 3479 10
393 3488 9
394 3497 9
395 3505 8
396 3514 9
397 3523 9
398 3533 10
399 3542 9
400 3552 10
401 3560 8
402 3570 10
403 3578 8
404 3587 9
405 3596 9
406 3606 10
407 3615 9
408 3621 6
409 3631 10
410 3640 9
411 3649 9
412 3658 9
413 3668 10
414 3677 9
415 3687 10
416 3697 10
417 3706 9
418 3715 9
419 3722 7
420 3731 9
421 3740 9
422 3749 9
423 3758 9
424 3766 8
425 3775 9
426 3784 9
427 3794 10
428 3804 10
429 3813 9
430 3822 9
431 3832 10
432 3842 10
433 3851 9
434 3860 9
435 3868 8
436 3878 10
437 3887 9
438 3897 10
439 3906 9
440 3915 9
441 3924 9
442 3933 9
443 3943 10
444 3952 9
445 3962 10
446 3970 8
447 3979 9
448 3989 10
449 3998 9
450 4008 10
451 4018 10
452 4028 10
453 4036 8
454 4045 9
455 4055 10
456 4065 10
457 4075 10
458 4085 10
459 4095 10
460 4103 8
461 4112 9
462 4119 7
463 4129 10
464 4138 9
465 4143 5
466 4153 10
467 4162 9
468 4170 8
469 4180 10
470 4190 10
471 4199 9
472 4206 7
473 4215 9
474 4223 8
475 4233 10
476 4242 9
477 4252 10
478 4261 9
479 4271 10
480 4281 10
481 4289 8
482 4297 8
483 4305 8
484 4315 10
485 4324 9
486 4334 10
487 4342 8
488 4351 9
489 4360 9
490 4370 10
491 4379 9
492 4388 9
493 4397 9
494 4407 10
495 4417 10
496 4426 9
497 4436 10
498 4444 8
499 4453 9
500 4463 10
