1 7 7
2 14 7
3 18 4
4 24 6
5 29 5
6 35 6
7 42 7
8 48 6
9 53 5
10 61 8
11 69 8
12 78 9
13 87 9
14 93 6
15 101 8
16 109 8
17 117 8
18 126 9
19 132 6
20 142 10
21 149 7
22 158 9
23 166 8
24 175 9
25 184 9
26 194 10
27 200 6
28 208 8
29 218 10
30 228 10
31 238 10
32 245 7
33 254 9
34 261 7
35 270 9
36 280 10
37 290 10
38 298 8
39 308 10
40 318 10
41 327 9
42 336 9
43 344 8
44 353 9
45 361 8
46 368 7
47 378 10
48 386 8
49 394 8
50 403 9
51 413 10
52 421 8
53 429 8
54 439 10
55 448 9
56 457 9
57 464 7
58 472 8
59 482 10
60 491 9
61 501 10
62 509 8
63 519 10
64 528 9
65 535 7
66 543 8
67 550 7
68 557 7
69 565 8
70 573 8
71 581 8
72 589 8
73 598 9
74 606 8
75 615 9
76 625 10
77 634 9
78 643 9
79 652 9
80 660 8
81 669 9
82 678 9
83 687 9
84 696 9
85 706 10
86 715 9
87 723 8
88 733 10
89 742 9
90 751 9
91 759 8
92 765 6
93 773 8
94 783 10
95 790 7
96 797 7
97 807 10
98 815 8
99 822 7
100 831 9
101 840 9
102 849 9
103 857 8
104 865 8
105 874 9
106 883 9
107 890 7
108 899 9
109 908 9
110 917 9
111 926 9
112 936 10
113 944 8
114 954 10
115 964 10
116 972 8
117 980 8
118 989 9
119 999 10
120 1006 7
121 1016 10
122 1025 9
123 1035 10
124 1044 9
125 1053 9
126 1063 10
127 1069 6
128 1077 8
129 1086 9
130 1094 8
131 1103 9
132 1112 9
133 1121 9
134 1131 10
135 1139 8
136 1147 8
137 1156 9
138 1162 6
139 1172 10
140 1182 10
141 1190 8
142 1199 9
143 1207 8
144 1216 9
145 1226 10
146 1233 7
147 1239 6
148 1247 8
149 1256 9
150 1266 10
151 1274 8
152 1283 9
153 1292 9
154 1301 9
155 1310 9
156 1318 8
157 1328 10
158 1336 8
159 1346 10
160 1354 8
161 1362 8
162 1371 9
163 1379 8
164 1387 8
165 1394 7
166 1402 8
167 1412 10
168 1422 10
169 1430 8
170 1439 9
171 1449 10
172 1459 10
173 1467 8
174 1476 9
175 1484 8
176 1492 8
177 1500 8
178 1509 9
179 1518 9
180 1528 10
181 1538 10
182 1548 10
183 1558 10
184 1568 10
185 1575 7
186 1585 10
187 1594 9
188 1604 10
189 1614 10
190 1624 10
191 1633 9
192 1642 9
193 1650 8
194 1659 9
195 1669 10
196 1678 9
197 1687 9
198 1695 8
199 1705 10
200 1713 8
201 1723 10
202 1732 9
203 1742 10
204 1752 10
205 1762 10
206 1771 9
207 1780 9
208 1789 9
209 1797 8
210 1806 9
211 1816 10
212 1826 10
213 1835 9
214 1845 10
215 1855 10
216 1864 9
217 1874 10
218 1883 9
219 1890 7
220 1900 10
221 1908 8
222 1917 9
223 1925 8
224 1933 8
225 1943 10
226 1951 8
227 1960 9
228 1968 8
229 1978 10
230 1987 9
231 1995 8
232 2004 9
233 2012 8
234 2021 9
235 2030 9
236 2040 10
237 2049 9
238 2059 10
239 2069 10
240 2078 9
241 2088 10
242 2098 10
243 2107 9
244 2115 8
245 2124 9
246 2133 9
247 2142 9
248 2150 8
249 2159 9
250 2167 8
251 2174 7
252 2184 10
253 2194 10
254 2204 10
255 2214 10
256 2224 10
257 2232 8
258 2239 7
259 2249 10
260 2255 6
261 2264 9
262 2274 10
263 2282 8
264 2291 9
265 2301 10
266 2311 10
267 2319 8
268 2329 10
269 2339 10
270 2347 8
271 2357 10
272 2367 10
273 2377 10
274 2387 10
275 2397 10
276 2406 9
277 2413 7
278 2422 9
279 2431 9
280 2441 10
281 2451 10
282 2461 10
283 2469 8
284 2479 10
285 2489 10
286 2499 10
287 2508 9
288 2518 10
289 2527 9
290 2536 9
291 2544 8
292 2553 9
293 2563 10
294 2571 8
295 2579 8
296 2587 8
297 2597 10
298 2605 8
299 2614 9
300 2624 10
301 2634 10
302 2642 8
303 2651 9
304 2660 9
305 2668 8
306 2678 10
307 2688 10
308 2697 9
309 2706 9
310 2715 9
311 2725 10
312 2735 10
313 2744 9
314 2754 10
315 2763 9
316 2773 10
317 2781 8
318 2789 8
319 2797 8
320 2806 9
321 2816 10
322 2826 10
323 2833 7
324 2843 10
325 2852 9
326 2862 10
327 2871 9
328 2879 8
329 2889 10
330 2899 10
331 2907 8
332 2915 8
333 2924 9
334 2933 9
335 2943 10
336 2953 10
337 2963 10
338 2972 9
339 2982 10
340 2991 9
341 3001 10
342 3010 9
343 3019 9
344 3027 8
345 3036 9
346 3046 10
347 3056 10
348 3066 10
349 3076 10
350 3084 8
351 3093 9
352 3102 9
353 3112 10
354 3122 10
355 3129 7
356 3138 9
357 3148 10
358 3158 10
359 3167 9
360 3177 10
361 3186 9
362 3196 10
363 3206 10
364 3216 10
365 3226 10
366 3235 9
367 3245 10
368 3253 8
369 3263 10
370 3272 9
371 3280 8
372 3290 10
373 3300 10
374 3309 9
375 3319 10
376 3329 10
377 3339 10
378 3349 10
379 3356 7
380 3365 9
381 3373 8
382 3383 10
383 3393 10
384 3401 8
385 3410 9
386 3418 8
387 3428 10
388 3435 7
389 3444 9
390 3454 10
391 3463 9
392 3473 10
393 3481 8
394 3491 10
395 3501 10
396 3511 10
397 3520 9
398 3529 9
399 3538 9
400 3547 9
401 3556 9
402 3565 9
403 3575 10
404 3585 10
405 3595 10
406 3604 9
407 3614 10
408 3623 9
409 3633 10
410 3643 10
411 3652 9
412 3661 9
413 3671 10
414 3679 8
415 3687 8
416 3697 10
417 3705 8
418 3713 8
419 3720 7
420 3730 10
421 3740 10
422 3750 10
423 3760 10
424 3768 8
425 3778 10
426 3788 10
427 3797 9
428 3807 10
429 3816 9
430 3825 9
431 3835 10
432 3845 10
433 3853 8
434 3863 10
435 3873 10
436 3882 9
437 3892 10
438 3902 10
439 3912 10
440 3922 10
441 3932 10
442 3942 10
443 3952 10
444 3961 9
445 3971 10
446 3979 8
447 3989 10
448 3999 10
449 4008 9
450 4018 10
451 4026 8
452 4036 10
453 4046 10
454 4055 9
455 4064 9
456 4072 8
457 4081 9
458 4091 10
459 4101 10
460 4110 9
461 4119 9
462 4128 9
463 4137 9
464 4145 8
465 4153 8
466 4163 10
467 4173 10
468 4183 10
469 4192 9
470 4202 10
471 4211 9
472 4221 10
473 4231 10
474 4240 9
475 4250 10
476 4259 9
477 4266 7
478 4275 9
479 4285 10
480 4295 10
481 4305 10
482 4315 10
483 4324 9
484 4332 8
485 4342 10
486 4351 9
487 4359 8
488 4369 10
489 4379 10
490 4389 10
491 4398 9
492 4407 9
493 4415 8
494 4424 9
495 4434 10
496 4443 9
497 4452 9
498 4462 10
499 4470 8
500 4480 10
