1 4 4
2 13 9
3 18 5
4 22 4
5 28 6
6 32 4
7 40 8
8 48 8
9 54 6
10 62 8
11 68 6
12 76 8
13 83 7
14 90 7
15 98 8
16 108 10
17 115 7
18 119 4
19 129 10
20 137 8
21 145 8
22 153 8
23 161 8
24 170 9
25 180 10
26 188 8
27 197 9
28 206 9
29 215 9
30 224 9
31 234 10
32 241 7
33 248 7
34 257 9
35 266 9
36 275 9
37 282 7
38 289 7
39 298 9
40 307 9
41 315 8
42 324 9
43 334 10
44 342 8
45 351 9
46 361 10
47 371 10
48 378 7
49 387 9
50 396 9
51 405 9
52 414 9
53 423 9
54 432 9
55 442 10
56 452 10
57 461 9
58 470 9
59 478 8
60 486 8
61 494 8
62 504 10
63 513 9
64 523 10
65 531 8
66 539 8
67 548 9
68 557 9
69 564 7
70 572 8
71 582 10
72 591 9
73 601 10
74 609 8
75 619 10
76 628 9
77 638 10
78 645 7
79 653 8
80 663 10
81 672 9
82 680 8
83 690 10
84 698 8
85 708 10
86 716 8
87 726 10
88 733 7
89 742 9
90 752 10
91 762 10
92 772 10
93 781 9
94 791 10
95 800 9
96 807 7
97 817 10
98 827 10
99 836 9
100 844 8
101 854 10
102 863 9
103 872 9
104 882 10
105 891 9
106 901 10
107 911 10
108 919 8
109 928 9
110 938 10
111 947 9
112 957 10
113 967 10
114 977 10
115 986 9
116 994 8
117 1004 10
118 1014 10
119 1024 10
120 1034 10
121 1043 9
122 1050 7
123 1058 8
124 1068 10
125 1077 9
126 1087 10
127 1096 9
128 1106 10
129 1115 9
130 1124 9
131 1133 9
132 1142 9
133 1150 8
134 1158 8
135 1165 7
136 1174 9
137 1184 10
138 1193 9
139 1203 10
140 1212 9
141 1220 8
142 1230 10
143 1239 9
144 1249 10
145 1258 9
146 1266 8
147 1275 9
148 1285 10
149 1294 9
150 1304 10
151 1313 9
152 1323 10
153 1333 10
154 1342 9
155 1351 9
156 1360 9
157 1370 10
158 1379 9
159 1388 9
160 1396 8
161 1404 8
162 1413 9
163 1422 9
164 1432 10
165 1441 9
166 1450 9
167 1458 8
168 1467 9
169 1476 9
170 1485 9
171 1495 10
172 1503 8
173 1512 9
174 1521 9
175 1531 10
176 1541 10
177 1549 8
178 1559 10
179 1569 10
180 1579 10
181 1588 9
182 1597 9
183 1605 8
184 1614 9
185 1623 9
186 1631 8
187 1641 10
188 1651 10
189 1661 10
190 1668 7
191 1678 10
192 1686 8
193 1695 9
194 1703 8
195 1712 9
196 1722 10
197 1731 9
198 1740 9
199 1750 10
200 1760 10
201 1769 9
202 1778 9
203 1788 10
204 1795 7
205 1804 9
206 1814 10
207 1823 9
208 1832 9
209 1841 9
210 1849 8
211 1858 9
212 1867 9
213 1876 9
214 1886 10
215 1895 9
216 1905 10
217 1914 9
218 1923 9
219 1933 10
220 1942 9
221 1951 9
222 1960 9
223 1969 9
224 1978 9
225 1986 8
226 1993 7
227 2002 9
228 2010 8
229 2019 9
230 2028 9
231 2038 10
232 2046 8
233 2056 10
234 2066 10
235 2075 9
236 2083 8
237 2093 10
238 2101 8
239 2111 10
240 2120 9
241 2130 10
242 2138 8
243 2147 9
244 2156 9
245 2166 10
246 2173 7
247 2180 7
248 2188 8
249 2197 9
250 2207 10
251 2216 9
252 2225 9
253 2235 10
254 2243 8
255 2253 10
256 2263 10
257 2273 10
258 2283 10
259 2292 9
260 2302 10
261 2312 10
262 2320 8
263 2329 9
264 2338 9
265 2347 9
266 2355 8
267 2365 10
268 2371 6
269 2379 8
270 2386 7
271 2395 9
272 2405 10
273 2411 6
274 2421 10
275 2429 8
276 2438 9
277 2447 9
278 2457 10
279 2466 9
280 2475 9
281 2485 10
282 2494 9
283 2503 9
284 2511 8
285 2520 9
286 2530 10
287 2539 9
288 2548 9
289 2558 10
290 2567 9
291 2577 10
292 2584 7
293 2593 9
294 2600 7
295 2608 8
296 2617 9
297 2627 10
298 2635 8
299 2643 8
300 2650 7
301 2660 10
302 2668 8
303 2676 8
304 2686 10
305 2696 10
306 2703 7
307 2713 10
308 2723 10
309 2733 10
310 2743 10
311 2753 10
312 2763 10
313 2772 9
314 2780 8
315 2788 8
316 2797 9
317 2806 9
318 2816 10
319 2825 9
320 2834 9
321 2843 9
322 2853 10
323 2862 9
324 2872 10
325 2881 9
326 2889 8
327 2899 10
328 2908 9
329 2917 9
330 2925 8
331 2934 9
332 2943 9
333 2953 10
334 2961 8
335 2970 9
336 2980 10
337 2989 9
338 2998 9
339 3006 8
340 3015 9
341 3025 10
342 3034 9
343 3042 8
344 3052 10
345 3062 10
346 3071 9
347 3081 10
348 3091 10
349 3101 10
350 3111 10
351 3120 9
352 3128 8
353 3137 9
354 3146 9
355 3155 9
356 3164 9
357 3173 9
358 3183 10
359 3192 9
360 3201 9
361 3211 10
362 3220 9
363 3229 9
364 3238 9
365 3246 8
366 3256 10
367 3266 10
368 3276 10
369 3286 10
370 3294 8
371 3303 9
372 3313 10
373 3322 9
374 3331 9
375 3339 8
376 3349 10
377 3358 9
378 3368 10
379 3377 9
380 3386 9
381 3395 9
382 3404 9
383 3414 10
384 3424 10
385 3434 10
386 3443 9
387 3453 10
388 3462 9
389 3471 9
390 3481 10
391 3491 10
392 3500 9
393 3509 9
394 3519 10
395 3529 10
396 3538 9
397 3547 9
398 3557 10
399 3567 10
400 3577 10
401 3587 10
402 3596 9
403 3605 9
404 3615 10
405 3623 8
406 3633 10
407 3643 10
408 3653 10
409 3662 9
410 3669 7
411 3679 10
412 3689 10
413 3699 10
414 3708 9
415 3717 9
416 3726 9
417 3734 8
418 3743 9
419 3753 10
420 3761 8
421 3770 9
422 3779 9
423 3788 9
424 3796 8
425 3802 6
426 3812 10
427 3821 9
428 3830 9
429 3838 8
430 3848 10
431 3854 6
432 3862 8
433 3869 7
434 3879 10
435 3888 9
436 3898 10
437 3907 9
438 3915 8
439 3925 10
440 3935 10
441 3944 9
442 3953 9
443 3963 10
444 3972 9
445 3982 10
446 3992 10
447 4001 9
448 4011 10
449 4020 9
450 4030 10
451 4039 9
452 4049 10
453 4058 9
454 4066 8
455 4076 10
456 4084 8
457 4093 9
458 4103 10
459 4113 10
460 4123 10
461 4132 9
462 4141 9
463 4150 9
464 4160 10
465 4170 10
466 4180 10
467 4187 7
468 4197 10
469 4206 9
470 4216 10
471 4226 10
472 4236 10
473 4244 8
474 4254 10
475 4263 9
476 4272 9
477 4281 9
478 4290 9
479 4300 10
480 4309 9
481 4318 9
482 4328 10
483 4336 8
484 4345 9
485 4355 10
486 4364 9
487 4374 10
488 4383 9
489 4393 10
490 4403 10
491 4409 6
492 4418 9
493 4427 9
494 4436 9
495 4445 9
496 4454 9
497 4464 10
498 4471 7
499 4481 10
500 4491 10
