1 7 7
2 11 4
3 17 6
4 24 7
5 31 7
6 36 5
7 41 5
8 50 9
9 60 10
10 65 5
11 72 7
12 79 7
13 88 9
14 96 8
15 104 8
16 112 8
17 121 9
18 130 9
19 139 9
20 147 8
21 155 8
22 165 10
23 175 10
24 182 7
25 190 8
26 198 8
27 206 8
28 216 10
29 224 8
30 232 8
31 241 9
32 251 10
33 261 10
34 270 9
35 279 9
36 288 9
37 295 7
38 304 9
39 313 9
40 323 10
41 331 8
42 339 8
43 347 8
44 356 9
45 365 9
46 374 9
47 382 8
48 390 8
49 398 8
50 406 8
51 414 8
52 422 8
53 429 7
54 436 7
55 444 8
56 454 10
57 464 10
58 474 10
59 482 8
60 490 8
61 498 8
62 504 6
63 511 7
64 519 8
65 528 9
66 538 10
67 548 10
68 556 8
69 565 9
70 574 9
71 583 9
72 590 7
73 600 10
74 609 9
75 616 7
76 626 10
77 634 8
78 642 8
79 652 10
80 662 10
81 671 9
82 680 9
83 687 7
84 695 8
85 705 10
86 714 9
87 724 10
88 731 7
89 741 10
90 750 9
91 759 9
92 769 10
93 776 7
94 785 9
95 795 10
96 803 8
97 813 10
98 822 9
99 831 9
100 840 9
101 850 10
102 859 9
103 869 10
104 876 7
105 884 8
106 893 9
107 902 9
108 912 10
109 919 7
110 929 10
111 938 9
112 948 10
113 956 8
114 966 10
115 975 9
116 985 10
117 994 9
118 1003 9
119 1013 10
120 1023 10
121 1032 9
122 1041 9
123 1051 10
124 1059 8
125 1068 9
126 1077 9
127 1087 10
128 1095 8
129 1105 10
130 1114 9
131 1124 10
132 1134 10
133 1141 7
134 1151 10
135 1161 10
136 1170 9
137 1179 9
138 1189 10
139 1197 8
140 1207 10
141 1217 10
142 1227 10
143 1236 9
144 1244 8
145 1254 10
146 1263 9
147 1273 10
148 1283 10
149 1292 9
150 1300 8
151 1309 9
152 1316 7
153 1324 8
154 1333 9
155 1343 10
156 1352 9
157 1359 7
158 1368 9
159 1376 8
160 1385 9
161 1394 9
162 1403 9
163 1413 10
164 1422 9
165 1432 10
166 1441 9
167 1451 10
168 1461 10
169 1468 7
170 1477 9
171 1485 8
172 1493 8
173 1501 8
174 1511 10
175 1520 9
176 1529 9
177 1538 9
178 1545 7
179 1555 10
180 1563 8
181 1572 9
182 1582 10
183 1591 9
184 1599 8
185 1608 9
186 1617 9
187 1626 9
188 1635 9
189 1645 10
190 1653 8
191 1663 10
192 1672 9
193 1682 10
194 1691 9
195 1701 10
196 1709 8
197 1718 9
198 1727 9
199 1737 10
200 1746 9
201 1756 10
202 1766 10
203 1775 9
204 1784 9
205 1794 10
206 1801 7
207 1811 10
208 1821 10
209 1829 8
210 1839 10
211 1848 9
212 1856 8
213 1865 9
214 1875 10
215 1885 10
216 1894 9
217 1904 10
218 1913 9
219 1921 8
220 1930 9
221 1940 10
222 1949 9
223 1956 7
224 1965 9
225 1975 10
226 1984 9
227 1992 8
228 2002 10
229 2010 8
230 2019 9
231 2028 9
232 2036 8
233 2046 10
234 2054 8
235 2062 8
236 2072 10
237 2080 8
238 2088 8
239 2095 7
240 2104 9
241 2113 9
242 2122 9
243 2132 10
244 2142 10
245 2151 9
246 2161 10
247 2171 10
248 2180 9
249 2190 10
250 2199 9
251 2208 9
252 2217 9
253 2225 8
254 2235 10
255 2243 8
256 2253 10
257 2261 8
258 2271 10
259 2280 9
260 2289 9
261 2298 9
262 2305 7
263 2314 9
264 2323 9
265 2332 9
266 2341 9
267 2349 8
268 2359 10
269 2368 9
270 2378 10
271 2385 7
272 2395 10
273 2404 9
274 2412 8
275 2421 9
276 2430 9
277 2440 10
278 2449 9
279 2456 7
280 2466 10
281 2475 9
282 2484 9
283 2491 7
284 2501 10
285 2508 7
286 2518 10
287 2528 10
288 2537 9
289 2545 8
290 2555 10
291 2565 10
292 2575 10
293 2583 8
294 2591 8
295 2601 10
296 2610 9
297 2619 9
298 2629 10
299 2639 10
300 2649 10
301 2657 8
302 2665 8
303 2675 10
304 2683 8
305 2692 9
306 2700 8
307 2710 10
308 2720 10
309 2729 9
310 2737 8
311 2747 10
312 2757 10
313 2767 10
314 2775 8
315 2784 9
316 2793 9
317 2802 9
318 2812 10
319 2822 10
320 2832 10
321 2841 9
322 2851 10
323 2860 9
324 2868 8
325 2877 9
326 2887 10
327 2896 9
328 2905 9
329 2914 9
330 2924 10
331 2933 9
332 2942 9
333 2951 9
334 2959 8
335 2969 10
336 2979 10
337 2989 10
338 2997 8
339 3006 9
340 3016 10
341 3026 10
342 3035 9
343 3044 9
344 3053 9
345 3062 9
346 3070 8
347 3079 9
348 3089 10
349 3098 9
350 3108 10
351 3117 9
352 3127 10
353 3136 9
354 3144 8
355 3154 10
356 3161 7
357 3170 9
358 3179 9
359 3188 9
360 3198 10
361 3208 10
362 3216 8
363 3225 9
364 3235 10
365 3245 10
366 3255 10
367 3264 9
368 3274 10
369 3282 8
370 3292 10
371 3302 10
372 3310 8
373 3318 8
374 3327 9
375 3337 10
376 3346 9
377 3356 10
378 3363 7
379 3372 9
380 3381 9
381 3390 9
382 3399 9
383 3408 9
384 3417 9
385 3427 10
386 3436 9
387 3445 9
388 3454 9
389 3464 10
390 3474 10
391 3483 9
392 3491 8
393 3500 9
394 3509 9
395 3517 8
396 3527 10
397 3537 10
398 3546 9
399 3554 8
400 3562 8
401 3572 10
402 3582 10
403 3591 9
404 3601 10
405 3608 7
406 3617 9
407 3625 8
408 3635 10
409 3643 8
410 3653 10
411 3662 9
412 3672 10
413 3681 9
414 3691 10
415 3700 9
416 3709 9
417 3718 9
418 3728 10
419 3737 9
420 3747 10
421 3757 10
422 3767 10
423 3775 8
424 3785 10
425 3792 7
426 3802 10
427 3811 9
428 3821 10
429 3831 10
430 3841 10
431 3851 10
432 3860 9
433 3868 8
434 3877 9
435 3887 10
436 3897 10
437 3907 10
438 3915 8
439 3924 9
440 3934 10
441 3943 9
442 3951 8
443 3961 10
444 3971 10
445 3981 10
446 3991 10
447 4000 9
448 4010 10
449 4020 10
450 4029 9
451 4037 8
452 4046 9
453 4055 9
454 4065 10
455 4074 9
456 4084 10
457 4094 10
458 4104 10
459 4113 9
460 4123 10
461 4133 10
462 4143 10
463 4153 10
464 4163 10
465 4173 10
466 4183 10
467 4193 10
468 4203 10
469 4211 8
470 4219 8
471 4227 8
472 4235 8
473 4242 7
474 4251 9
475 4261 10
476 4271 10
477 4278 7
478 4288 10
479 4296 8
480 4303 7
481 4312 9
482 4322 10
483 4331 9
484 4341 10
485 4350 9
486 4360 10
487 4369 9
488 4379 10
489 4389 10
490 4397 8
491 4405 8
492 4415 10
493 4425 10
494 4435 10
495 4444 9
496 4453 9
497 4463 10
498 4473 10
499 4482 9
500 4490 8
