1 5 5
2 9 4
3 15 6
4 22 7
5 30 8
6 37 7
7 44 7
8 50 6
9 57 7
10 61 4
11 68 7
12 74 6
13 83 9
14 90 7
15 98 8
16 105 7
17 112 7
18 118 6
19 127 9
20 137 10
21 147 10
22 156 9
23 164 8
24 170 6
25 178 8
26 187 9
27 196 9
28 204 8
29 212 8
30 221 9
31 228 7
32 236 8
33 245 9
34 252 7
35 262 10
36 270 8
37 278 8
38 286 8
39 294 8
40 300 6
41 309 9
42 317 8
43 325 8
44 335 10
45 344 9
46 351 7
47 361 10
48 369 8
49 376 7
50 385 9
51 393 8
52 401 8
53 411 10
54 419 8
55 428 9
56 436 8
57 446 10
58 455 9
59 465 10
60 475 10
61 482 7
62 490 8
63 499 9
64 508 9
65 517 9
66 527 10
67 534 7
68 544 10
69 552 8
70 558 6
71 567 9
72 574 7
73 582 8
74 590 8
75 599 9
76 609 10
77 619 10
78 628 9
79 638 10
80 645 7
81 653 8
82 660 7
83 670 10
84 679 9
85 689 10
86 698 9
87 708 10
88 717 9
89 726 9
90 734 8
91 742 8
92 751 9
93 760 9
94 770 10
95 775 5
96 785 10
97 794 9
98 802 8
99 812 10
100 820 8
101 826 6
102 834 8
103 843 9
104 851 8
105 860 9
106 868 8
107 878 10
108 887 9
109 897 10
110 907 10
111 916 9
112 926 10
113 935 9
114 945 10
115 955 10
116 963 8
117 973 10
118 983 10
119 993 10
120 1003 10
121 1013 10
122 1023 10
123 1031 8
124 1038 7
125 1048 10
126 1057 9
127 1067 10
128 1076 9
129 1085 9
130 1094 9
131 1103 9
132 1112 9
133 1121 9
134 1129 8
135 1139 10
136 1148 9
137 1157 9
138 1167 10
139 1175 8
140 1184 9
141 1191 7
142 1200 9
143 1209 9
144 1216 7
145 1224 8
146 1234 10
147 1243 9
148 1252 9
149 1260 8
150 1270 10
151 1280 10
152 1289 9
153 1298 9
154 1308 10
155 1318 10
156 1328 10
157 1337 9
158 1346 9
159 1355 9
160 1362 7
161 1372 10
162 1379 7
163 1388 9
164 1398 10
165 1408 10
166 1415 7
167 1423 8
168 1433 10
169 1442 9
170 1451 9
171 1460 9
172 1469 9
173 1478 9
174 1486 8
175 1496 10
176 1505 9
177 1514 9
178 1524 10
179 1534 10
180 1542 8
181 1552 10
182 1561 9
183 1569 8
184 1578 9
185 1588 10
186 1597 9
187 1606 9
188 1614 8
189 1624 10
190 1634 10
191 1642 8
192 1651 9
193 1660 9
194 1670 10
195 1679 9
196 1689 10
197 1697 8
198 1706 9
199 1715 9
200 1724 9
201 1734 10
202 1744 10
203 1754 10
204 1763 9
205 1772 9
206 1782 10
207 1792 10
208 1802 10
209 1809 7
210 1818 9
211 1827 9
212 1837 10
213 1846 9
214 1854 8
215 1863 9
216 1873 10
217 1883 10
218 1892 9
219 1900 8
220 1909 9
221 1917 8
222 1927 10
223 1937 10
224 1946 9
225 1956 10
226 1965 9
227 1974 9
228 1982 8
229 1991 9
230 2000 9
231 2010 10
232 2020 10
233 2029 9
234 2038 9
235 2047 9
236 2057 10
237 2067 10
238 2077 10
239 2085 8
240 2094 9
241 2103 9
242 2113 10
243 2119 6
244 2129 10
245 2138 9
246 2148 10
247 2158 10
248 2168 10
249 2176 8
250 2185 9
251 2194 9
252 2201 7
253 2210 9
254 2219 9
255 2228 9
256 2237 9
257 2246 9
258 2256 10
259 2266 10
260 2275 9
261 2285 10
262 2295 10
263 2304 9
264 2313 9
265 2323 10
266 2333 10
267 2341 8
268 2350 9
269 2360 10
270 2368 8
271 2378 10
272 2387 9
273 2394 7
274 2403 9
275 2412 9
276 2421 9
277 2430 9
278 2438 8
279 2447 9
280 2456 9
281 2464 8
282 2474 10
283 2483 9
284 2491 8
285 2501 10
286 2511 10
287 2520 9
288 2530 10
289 2538 8
290 2548 10
291 2558 10
292 2568 10
293 2578 10
294 2586 8
295 2596 10
296 2605 9
297 2615 10
298 2623 8
299 2631 8
300 2638 7
301 2647 9
302 2657 10
303 2666 9
304 2675 9
305 2685 10
306 2695 10
307 2705 10
308 2715 10
309 2724 9
310 2734 10
311 2742 8
312 2749 7
313 2759 10
314 2769 10
315 2778 9
316 2788 10
317 2797 9
318 2807 10
319 2816 9
320 2825 9
321 2835 10
322 2843 8
323 2852 9
324 2860 8
325 2869 9
326 2879 10
327 2888 9
328 2896 8
329 2904 8
330 2913 9
331 2923 10
332 2933 10
333 2943 10
334 2952 9
335 2960 8
336 2969 9
337 2976 7
338 2985 9
339 2995 10
340 3003 8
341 3012 9
342 3022 10
343 3032 10
344 3040 8
345 3050 10
346 3060 10
347 3068 8
348 3078 10
349 3086 8
350 3095 9
351 3105 10
352 3114 9
353 3124 10
354 3134 10
355 3144 10
356 3154 10
357 3163 9
358 3173 10
359 3182 9
360 3191 9
361 3200 9
362 3208 8
363 3218 10
364 3227 9
365 3237 10
366 3246 9
367 3255 9
368 3264 9
369 3272 8
370 3282 10
371 3291 9
372 3300 9
373 3310 10
374 3318 8
375 3327 9
376 3336 9
377 3344 8
378 3354 10
379 3363 9
380 3373 10
381 3383 10
382 3391 8
383 3400 9
384 3410 10
385 3419 9
386 3429 10
387 3439 10
388 3448 9
389 3457 9
390 3467 10
391 3475 8
392 3484 9
393 3493 9
394 3502 9
395 3512 10
396 3522 10
397 3529 7
398 3538 9
399 3547 9
400 3557 10
401 3567 10
402 3577 10
403 3586 9
404 3595 9
405 3605 10
406 3615 10
407 3625 10
408 3635 10
409 3644 9
410 3652 8
411 3661 9
412 3670 9
413 3679 9
414 3688 9
415 3696 8
416 3705 9
417 3715 10
418 3725 10
419 3734 9
420 3743 9
421 3753 10
422 3762 9
423 3771 9
424 3781 10
425 3791 10
426 3801 10
427 3810 9
428 3819 9
429 3827 8
430 3836 9
431 3844 8
432 3851 7
433 3858 7
434 3867 9
435 3877 10
436 3886 9
437 3896 10
438 3906 10
439 3915 9
440 3924 9
441 3934 10
442 3943 9
443 3952 9
444 3962 10
445 3970 8
446 3979 9
447 3987 8
448 3996 9
449 4005 9
450 4015 10
451 4024 9
452 4034 10
453 4043 9
454 4051 8
455 4061 10
456 4071 10
457 4080 9
458 4089 9
459 4097 8
460 4105 8
461 4113 8
462 4122 9
463 4132 10
464 4142 10
465 4150 8
466 4159 9
467 4169 10
468 4178 9
469 4188 10
470 4197 9
471 4205 8
472 4214 9
473 4224 10
474 4233 9
475 4242 9
476 4252 10
477 4261 9
478 4269 8
479 4278 9
480 4288 10
481 4297 9
482 4307 10
483 4317 10
484 4326 9
485 4335 9
486 4345 10
487 4355 10
488 4365 10
489 4373 8
490 4382 9
491 4391 9
492 4399 8
493 4408 9
494 4418 10
495 4428 10
496 4437 9
497 4445 8
498 4454 9
499 4464 10
500 4474 10
