1 6 6
2 10 4
3 15 5
4 20 5
5 26 6
6 33 7
7 39 6
8 47 8
9 51 4
10 59 8
11 67 8
12 75 8
13 84 9
14 91 7
15 95 4
16 101 6
17 108 7
18 117 9
19 126 9
20 134 8
21 143 9
22 153 10
23 159 6
24 168 9
25 176 8
26 185 9
27 193 8
28 203 10
29 213 10
30 222 9
31 232 10
32 241 9
33 249 8
34 259 10
35 268 9
36 275 7
37 284 9
38 293 9
39 303 10
40 312 9
41 321 9
42 331 10
43 340 9
44 347 7
45 357 10
46 367 10
47 376 9
48 385 9
49 392 7
50 400 8
51 408 8
52 417 9
53 425 8
54 433 8
55 442 9
56 452 10
57 461 9
58 469 8
59 475 6
60 484 9
61 493 9
62 502 9
63 512 10
64 521 9
65 530 9
66 539 9
67 546 7
68 554 8
69 563 9
70 572 9
71 582 10
72 592 10
73 599 7
74 608 9
75 616 8
76 625 9
77 634 9
78 642 8
79 652 10
80 662 10
81 671 9
82 680 9
83 689 9
84 699 10
85 708 9
86 718 10
87 728 10
88 736 8
89 746 10
90 754 8
91 764 10
92 772 8
93 782 10
94 791 9
95 800 9
96 809 9
97 817 8
98 827 10
99 836 9
100 845 9
101 855 10
102 865 10
103 874 9
104 884 10
105 892 8
106 900 8
107 909 9
108 918 9
109 928 10
110 934 6
111 944 10
112 954 10
113 963 9
114 972 9
115 982 10
116 992 10
117 1000 8
118 1008 8
119 1018 10
120 1026 8
121 1035 9
122 1043 8
123 1052 9
124 1062 10
125 1070 8
126 1077 7
127 1085 8
128 1095 10
129 1105 10
130 1113 8
131 1120 7
132 1128 8
133 1137 9
134 1146 9
135 1153 7
136 1160 7
137 1168 8
138 1177 9
139 1185 8
140 1194 9
141 1202 8
142 1209 7
143 1219 10
144 1228 9
145 1237 9
146 1246 9
147 1254 8
148 1263 9
149 1270 7
150 1279 9
151 1288 9
152 1297 9
153 1305 8
154 1313 8
155 1323 10
156 1332 9
157 1340 8
158 1350 10
159 1360 10
160 1370 10
161 1378 8
162 1386 8
163 1394 8
164 1403 9
165 1412 9
166 1420 8
167 1429 9
168 1439 10
169 1447 8
170 1455 8
171 1464 9
172 1473 9
173 1483 10
174 1491 8
175 1500 9
176 1510 10
177 1519 9
178 1527 8
179 1534 7
180 1543 9
181 1551 8
182 1560 9
183 1568 8
184 1577 9
185 1587 10
186 1597 10
187 1607 10
188 1617 10
189 1627 10
190 1634 7
191 1644 10
192 1652 8
193 1662 10
194 1669 7
195 1678 9
196 1686 8
197 1695 9
198 1703 8
199 1712 9
200 1721 9
201 1731 10
202 1739 8
203 1749 10
204 1759 10
205 1769 10
206 1778 9
207 1787 9
208 1796 9
209 1806 10
210 1815 9
211 1824 9
212 1834 10
213 1843 9
214 1853 10
215 1862 9
216 1870 8
217 1880 10
218 1890 10
219 1900 10
220 1908 8
221 1916 8
222 1924 8
223 1934 10
224 1944 10
225 1953 9
226 1963 10
227 1972 9
228 1982 10
229 1992 10
230 1999 7
231 2008 9
232 2018 10
233 2028 10
234 2038 10
235 2047 9
236 2057 10
237 2066 9
238 2073 7
239 2082 9
240 2091 9
241 2101 10
242 2110 9
243 2119 9
244 2127 8
245 2136 9
246 2146 10
247 2154 8
248 2164 10
249 2172 8
250 2182 10
251 2192 10
252 2202 10
253 2211 9
254 2218 7
255 2228 10
256 2237 9
257 2243 6
258 2253 10
259 2262 9
260 2271 9
261 2281 10
262 2290 9
263 2299 9
264 2309 10
265 2319 10
266 2328 9
267 2338 10
268 2348 10
269 2358 10
270 2368 10
271 2378 10
272 2388 10
273 2398 10
274 2407 9
275 2416 9
276 2425 9
277 2435 10
278 2444 9
279 2452 8
280 2462 10
281 2471 9
282 2481 10
283 2490 9
284 2498 8
285 2507 9
286 2516 9
287 2526 10
288 2536 10
289 2546 10
290 2555 9
291 2564 9
292 2572 8
293 2582 10
294 2591 9
295 2600 9
296 2610 10
297 2620 10
298 2628 8
299 2637 9
300 2646 9
301 2655 9
302 2664 9
303 2672 8
304 2681 9
305 2691 10
306 2701 10
307 2711 10
308 2721 10
309 2731 10
310 2739 8
311 2747 8
312 2756 9
313 2766 10
314 2776 10
315 2785 9
316 2795 10
317 2805 10
318 2815 10
319 2824 9
320 2834 10
321 2843 9
322 2852 9
323 2860 8
324 2868 8
325 2877 9
326 2887 10
327 2896 9
328 2906 10
329 2915 9
330 2925 10
331 2933 8
332 2940 7
333 2949 9
334 2959 10
335 2969 10
336 2979 10
337 2987 8
338 2997 10
339 3005 8
340 3013 8
341 3023 10
342 3032 9
343 3041 9
344 3049 8
345 3057 8
346 3067 10
347 3075 8
348 3084 9
349 3093 9
350 3102 9
351 3112 10
352 3122 10
353 3132 10
354 3139 7
355 3148 9
356 3156 8
357 3165 9
358 3174 9
359 3184 10
360 3193 9
361 3200 7
362 3210 10
363 3218 8
364 3226 8
365 3235 9
366 3245 10
367 3254 9
368 3264 10
369 3273 9
370 3283 10
371 3292 9
372 3302 10
373 3311 9
374 3319 8
375 3329 10
376 3339 10
377 3349 10
378 3359 10
379 3369 10
380 3378 9
381 3386 8
382 3395 9
383 3405 10
384 3414 9
385 3424 10
386 3433 9
387 3443 10
388 3452 9
389 3461 9
390 3470 9
391 3480 10
392 3490 10
393 3499 9
394 3508 9
395 3515 7
396 3524 9
397 3533 9
398 3543 10
399 3553 10
400 3562 9
401 3572 10
402 3582 10
403 3592 10
404 3600 8
405 3609 9
406 3619 10
407 3629 10
408 3637 8
409 3646 9
410 3655 9
411 3665 10
412 3674 9
413 3684 10
414 3693 9
415 3702 9
416 3712 10
417 3720 8
418 3730 10
419 3740 10
420 3750 10
421 3760 10
422 3770 10
423 3779 9
424 3789 10
425 3798 9
426 3807 9
427 3816 9
428 3826 10
429 3835 9
430 3844 9
431 3854 10
432 3864 10
433 3874 10
434 3883 9
435 3893 10
436 3901 8
437 3911 10
438 3920 9
439 3928 8
440 3938 10
441 3947 9
442 3956 9
443 3966 10
444 3975 9
445 3982 7
446 3992 10
447 3997 5
448 4005 8
449 4015 10
450 4024 9
451 4031 7
452 4040 9
453 4049 9
454 4059 10
455 4069 10
456 4078 9
457 4088 10
458 4098 10
459 4108 10
460 4116 8
461 4125 9
462 4134 9
463 4144 10
464 4154 10
465 4163 9
466 4173 10
467 4183 10
468 4193 10
469 4201 8
470 4208 7
471 4218 10
472 4228 10
473 4237 9
474 4247 10
475 4255 8
476 4263 8
477 4273 10
478 4283 10
479 4290 7
480 4300 10
481 4308 8
482 4318 10
483 4328 10
484 4336 8
485 4343 7
486 4353 10
487 4363 10
488 4372 9
489 4379 7
490 4389 10
491 4399 10
492 4409 10
493 4419 10
494 4428 9
495 4436 8
496 4444 8
497 4453 9
498 4462 9
499 4472 10
500 4481 9
