1 6 6
2 13 7
3 19 6
4 26 7
5 33 7
6 38 5
7 46 8
8 53 7
9 59 6
10 66 7
11 71 5
12 78 7
13 84 6
14 91 7
15 98 7
16 106 8
17 116 10
18 125 9
19 134 9
20 142 8
21 148 6
22 155 7
23 162 7
24 170 8
25 178 8
26 187 9
27 194 7
28 204 10
29 213 9
30 221 8
31 230 9
32 239 9
33 249 10
34 257 8
35 266 9
36 273 7
37 280 7
38 290 10
39 298 8
40 308 10
41 315 7
42 324 9
43 333 9
44 342 9
45 352 10
46 361 9
47 370 9
48 376 6
49 386 10
50 395 9
51 403 8
52 412 9
53 421 9
54 430 9
55 440 10
56 448 8
57 457 9
58 464 7
59 473 9
60 480 7
61 490 10
62 500 10
63 509 9
64 517 8
65 525 8
66 534 9
67 544 10
68 554 10
69 563 9
70 570 7
71 578 8
72 588 10
73 598 10
74 607 9
75 615 8
76 623 8
77 632 9
78 640 8
79 648 8
80 656 8
81 665 9
82 674 9
83 683 9
84 692 9
85 702 10
86 711 9
87 720 9
88 728 8
89 737 9
90 746 9
91 756 10
92 766 10
93 775 9
94 784 9
95 792 8
96 799 7
97 809 10
98 819 10
99 828 9
100 837 9
101 846 9
102 855 9
103 861 6
104 870 9
105 879 9
106 889 10
107 899 10
108 907 8
109 916 9
110 926 10
111 936 10
112 946 10
113 955 9
114 961 6
115 970 9
116 978 8
117 985 7
118 995 10
119 1005 10
120 1014 9
121 1024 10
122 1034 10
123 1043 9
124 1051 8
125 1061 10
126 1070 9
127 1080 10
128 1087 7
129 1095 8
130 1103 8
131 1111 8
132 1121 10
133 1130 9
134 1139 9
135 1148 9
136 1158 10
137 1168 10
138 1178 10
139 1187 9
140 1195 8
141 1204 9
142 1212 8
143 1222 10
144 1231 9
145 1239 8
146 1249 10
147 1258 9
148 1268 10
149 1277 9
150 1286 9
151 1295 9
152 1303 8
153 1313 10
154 1323 10
155 1333 10
156 1343 10
157 1352 9
158 1362 10
159 1371 9
160 1380 9
161 1386 6
162 1395 9
163 1405 10
164 1414 9
165 1424 10
166 1431 7
167 1439 8
168 1448 9
169 1456 8
170 1465 9
171 1475 10
172 1485 10
173 1494 9
174 1502 8
175 1511 9
176 1521 10
177 1529 8
178 1539 10
179 1546 7
180 1555 9
181 1564 9
182 1573 9
183 1583 10
184 1592 9
185 1599 7
186 1608 9
187 1618 10
188 1628 10
189 1638 10
190 1647 9
191 1657 10
192 1666 9
193 1676 10
194 1685 9
195 1693 8
196 1700 7
197 1708 8
198 1718 10
199 1727 9
200 1736 9
201 1744 8
202 1753 9
203 1761 8
204 1771 10
205 1781 10
206 1790 9
207 1799 9
208 1808 9
209 1814 6
210 1823 9
211 1831 8
212 1840 9
213 1849 9
214 1859 10
215 1869 10
216 1879 10
217 1888 9
218 1897 9
219 1906 9
220 1914 8
221 1924 10
222 1933 9
223 1943 10
224 1952 9
225 1961 9
226 1969 8
227 1978 9
228 1988 10
229 1998 10
230 2006 8
231 2016 10
232 2025 9
233 2034 9
234 2044 10
235 2054 10
236 2062 8
237 2071 9
238 2081 10
239 2090 9
240 2099 9
241 2108 9
242 2117 9
243 2127 10
244 2137 10
245 2147 10
246 2155 8
247 2164 9
248 2172 8
249 2182 10
250 2192 10
251 2201 9
252 2209 8
253 2219 10
254 2228 9
255 2238 10
256 2246 8
257 2254 8
258 2264 10
259 2273 9
260 2283 10
261 2293 10
262 2303 10
263 2311 8
264 2321 10
265 2330 9
266 2340 10
267 2350 10
268 2359 9
269 2368 9
270 2376 8
271 2383 7
272 2391 8
273 2401 10
274 2410 9
275 2419 9
276 2429 10
277 2438 9
278 2447 9
279 2455 8
280 2465 10
281 2475 10
282 2484 9
283 2494 10
284 2504 10
285 2514 10
286 2523 9
287 2533 10
288 2542 9
289 2552 10
290 2561 9
291 2568 7
292 2576 8
293 2586 10
294 2596 10
295 2605 9
296 2614 9
297 2623 9
298 2633 10
299 2642 9
300 2651 9
301 2660 9
302 2668 8
303 2678 10
304 2687 9
305 2695 8
306 2705 10
307 2715 10
308 2725 10
309 2734 9
310 2744 10
311 2753 9
312 2760 7
313 2769 9
314 2779 10
315 2789 10
316 2799 10
317 2807 8
318 2817 10
319 2825 8
320 2835 10
321 2845 10
322 2853 8
323 2860 7
324 2870 10
325 2878 8
326 2887 9
327 2896 9
328 2906 10
329 2915 9
330 2923 8
331 2933 10
332 2939 6
333 2948 9
334 2958 10
335 2967 9
336 2977 10
337 2987 10
338 2997 10
339 3006 9
340 3016 10
341 3026 10
342 3034 8
343 3044 10
344 3054 10
345 3063 9
346 3073 10
347 3080 7
348 3088 8
349 3098 10
350 3108 10
351 3117 9
352 3127 10
353 3136 9
354 3141 5
355 3151 10
356 3160 9
357 3169 9
358 3177 8
359 3187 10
360 3196 9
361 3205 9
362 3214 9
363 3223 9
364 3233 10
365 3243 10
366 3253 10
367 3262 9
368 3271 9
369 3281 10
370 3291 10
371 3301 10
372 3311 10
373 3319 8
374 3329 10
375 3339 10
376 3348 9
377 3357 9
378 3367 10
379 3377 10
380 3387 10
381 3397 10
382 3406 9
383 3416 10
384 3426 10
385 3434 8
386 3443 9
387 3453 10
388 3461 8
389 3470 9
390 3480 10
391 3487 7
392 3497 10
393 3506 9
394 3516 10
395 3524 8
396 3534 10
397 3543 9
398 3552 9
399 3562 10
400 3572 10
401 3580 8
402 3590 10
403 3598 8
404 3608 10
405 3617 9
406 3626 9
407 3635 9
408 3643 8
409 3651 8
410 3660 9
411 3670 10
412 3680 10
413 3689 9
414 3699 10
415 3708 9
416 3718 10
417 3728 10
418 3737 9
419 3745 8
420 3754 9
421 3763 9
422 3772 9
423 3782 10
424 3790 8
425 3800 10
426 3810 10
427 3820 10
428 3828 8
429 3836 8
430 3844 8
431 3854 10
432 3864 10
433 3873 9
434 3882 9
435 3889 7
436 3899 10
437 3908 9
438 3918 10
439 3927 9
440 3937 10
441 3947 10
442 3957 10
443 3967 10
444 3977 10
445 3987 10
446 3995 8
447 4004 9
448 4014 10
449 4022 8
450 4031 9
451 4038 7
452 4047 9
453 4056 9
454 4064 8
455 4072 8
456 4082 10
457 4092 10
458 4102 10
459 4111 9
460 4121 10
461 4131 10
462 4141 10
463 4149 8
464 4159 10
465 4169 10
466 4179 10
467 4189 10
468 4198 9
469 4206 8
470 4216 10
471 4226 10
472 4233 7
473 4242 9
474 4251 9
475 4261 10
476 4271 10
477 4279 8
478 4289 10
479 4298 9
480 4307 9
481 4317 10
482 4325 8
483 4334 9
484 4344 10
485 4352 8
486 4361 9
487 4370 9
488 4379 9
489 4389 10
490 4397 8
491 4407 10
492 4417 10
493 4427 10
494 4436 9
495 4446 10
496 4456 10
497 4464 8
498 4473 9
499 4483 10
500 4492 9
