1 5 5
2 8 3
3 15 7
4 21 6
5 25 4
6 32 7
7 36 4
8 41 5
9 51 10
10 60 9
11 70 10
12 76 6
13 83 7
14 90 7
15 95 5
16 102 7
17 109 7
18 116 7
19 121 5
20 129 8
21 137 8
22 146 9
23 155 9
24 161 6
25 169 8
26 178 9
27 187 9
28 195 8
29 203 8
30 211 8
31 219 8
32 228 9
33 238 10
34 246 8
35 254 8
36 262 8
37 271 9
38 280 9
39 288 8
40 295 7
41 301 6
42 311 10
43 320 9
44 328 8
45 335 7
46 343 8
47 351 8
48 359 8
49 369 10
50 379 10
51 389 10
52 399 10
53 407 8
54 417 10
55 426 9
56 436 10
57 445 9
58 454 9
59 464 10
60 474 10
61 482 8
62 490 8
63 500 10
64 508 8
65 516 8
66 525 9
67 535 10
68 544 9
69 553 9
70 560 7
71 568 8
72 577 9
73 587 10
74 594 7
75 604 10
76 612 8
77 619 7
78 629 10
79 638 9
80 647 9
81 657 10
82 667 10
83 677 10
84 686 9
85 695 9
86 703 8
87 710 7
88 720 10
89 729 9
90 737 8
91 747 10
92 756 9
93 765 9
94 775 10
95 785 10
96 794 9
97 804 10
98 814 10
99 822 8
100 831 9
101 839 8
102 849 10
103 856 7
104 866 10
105 876 10
106 886 10
107 895 9
108 903 8
109 912 9
110 922 10
111 932 10
112 941 9
113 949 8
114 957 8
115 967 10
116 973 6
117 983 10
118 992 9
119 1002 10
120 1012 10
121 1021 9
122 1031 10
123 1040 9
124 1050 10
125 1059 9
126 1068 9
127 1076 8
128 1084 8
129 1093 9
130 1103 10
131 1112 9
132 1122 10
133 1131 9
134 1141 10
135 1150 9
136 1160 10
137 1169 9
138 1179 10
139 1186 7
140 1196 10
141 1206 10
142 1214 8
143 1221 7
144 1231 10
145 1240 9
146 1249 9
147 1259 10
148 1268 9
149 1277 9
150 1285 8
151 1292 7
152 1300 8
153 1309 9
154 1317 8
155 1326 9
156 1335 9
157 1344 9
158 1352 8
159 1358 6
160 1366 8
161 1375 9
162 1385 10
163 1395 10
164 1402 7
165 1410 8
166 1420 10
167 1430 10
168 1439 9
169 1448 9
170 1458 10
171 1466 8
172 1476 10
173 1484 8
174 1491 7
175 1501 10
176 1511 10
177 1521 10
178 1530 9
179 1540 10
180 1550 10
181 1559 9
182 1569 10
183 1578 9
184 1586 8
185 1596 10
186 1606 10
187 1616 10
188 1624 8
189 1632 8
190 1642 10
191 1652 10
192 1662 10
193 1672 10
194 1682 10
195 1691 9
196 1699 8
197 1709 10
198 1718 9
199 1727 9
200 1737 10
201 1747 10
202 1756 9
203 1765 9
204 1774 9
205 1783 9
206 1792 9
207 1802 10
208 1810 8
209 1820 10
210 1829 9
211 1836 7
212 1846 10
213 1855 9
214 1864 9
215 1874 10
216 1883 9
217 1891 8
218 1900 9
219 1910 10
220 1919 9
221 1927 8
222 1935 8
223 1945 10
224 1955 10
225 1965 10
226 1975 10
227 1985 10
228 1994 9
229 2004 10
230 2013 9
231 2023 10
232 2033 10
233 2043 10
234 2053 10
235 2062 9
236 2070 8
237 2078 8
238 2088 10
239 2096 8
240 2105 9
241 2113 8
242 2123 10
243 2133 10
244 2142 9
245 2150 8
246 2159 9
247 2168 9
248 2175 7
249 2182 7
250 2190 8
251 2199 9
252 2208 9
253 2217 9
254 2226 9
255 2236 10
256 2246 10
257 2255 9
258 2264 9
259 2274 10
260 2284 10
261 2293 9
262 2303 10
263 2313 10
264 2322 9
265 2331 9
266 2340 9
267 2350 10
268 2360 10
269 2370 10
270 2380 10
271 2390 10
272 2399 9
273 2409 10
274 2417 8
275 2424 7
276 2433 9
277 2442 9
278 2450 8
279 2459 9
280 2466 7
281 2476 10
282 2485 9
283 2493 8
284 2501 8
285 2510 9
286 2518 8
287 2527 9
288 2536 9
289 2546 10
290 2554 8
291 2563 9
292 2573 10
293 2581 8
294 2588 7
295 2598 10
296 2608 10
297 2617 9
298 2626 9
299 2636 10
300 2646 10
301 2655 9
302 2665 10
303 2674 9
304 2684 10
305 2694 10
306 2702 8
307 2712 10
308 2722 10
309 2732 10
310 2742 10
311 2752 10
312 2761 9
313 2769 8
314 2779 10
315 2788 9
316 2798 10
317 2807 9
318 2817 10
319 2827 10
320 2837 10
321 2847 10
322 2857 10
323 2865 8
324 2875 10
325 2883 8
326 2892 9
327 2902 10
328 2912 10
329 2922 10
330 2931 9
331 2938 7
332 2948 10
333 2957 9
334 2967 10
335 2977 10
336 2987 10
337 2996 9
338 3006 10
339 3015 9
340 3025 10
341 3035 10
342 3045 10
343 3055 10
344 3065 10
345 3073 8
346 3081 8
347 3090 9
348 3099 9
349 3108 9
350 3118 10
351 3128 10
352 3137 9
353 3146 9
354 3155 9
355 3165 10
356 3173 8
357 3182 9
358 3192 10
359 3202 10
360 3211 9
361 3219 8
362 3229 10
363 3236 7
364 3246 10
365 3255 9
366 3265 10
367 3274 9
368 3284 10
369 3292 8
370 3301 9
371 3311 10
372 3320 9
373 3329 9
374 3337 8
375 3345 8
376 3355 10
377 3365 10
378 3372 7
379 3382 10
380 3391 9
381 3400 9
382 3409 9
383 3419 10
384 3428 9
385 3437 9
386 3446 9
387 3455 9
388 3464 9
389 3473 9
390 3483 10
391 3492 9
392 3502 10
393 3512 10
394 3522 10
395 3531 9
396 3541 10
397 3550 9
398 3559 9
399 3569 10
400 3579 10
401 3589 10
402 3599 10
403 3607 8
404 3616 9
405 3626 10
406 3636 10
407 3645 9
408 3655 10
409 3665 10
410 3674 9
411 3684 10
412 3692 8
413 3700 8
414 3710 10
415 3720 10
416 3730 10
417 3740 10
418 3749 9
419 3759 10
420 3769 10
421 3779 10
422 3789 10
423 3798 9
424 3808 10
425 3817 9
426 3827 10
427 3836 9
428 3846 10
429 3853 7
430 3862 9
431 3872 10
432 3880 8
433 3889 9
434 3899 10
435 3909 10
436 3918 9
437 3927 9
438 3937 10
439 3946 9
440 3956 10
441 3966 10
442 3973 7
443 3980 7
444 3988 8
445 3997 9
446 4005 8
447 4013 8
448 4023 10
449 4033 10
450 4042 9
451 4051 9
452 4061 10
453 4071 10
454 4080 9
455 4090 10
456 4099 9
457 4109 10
458 4119 10
459 4129 10
460 4139 10
461 4148 9
462 4157 9
463 4167 10
464 4177 10
465 4186 9
466 4196 10
467 4205 9
468 4215 10
469 4224 9
470 4233 9
471 4242 9
472 4251 9
473 4260 9
474 4269 9
475 4279 10
476 4287 8
477 4297 10
478 4307 10
479 4316 9
480 4325 9
481 4333 8
482 4342 9
483 4352 10
484 4361 9
485 4371 10
486 4380 9
487 4388 8
488 4398 10
489 4408 10
490 4418 10
491 4428 10
492 4438 10
493 4448 10
494 4458 10
495 4467 9
496 4476 9
497 4486 10
498 4496 10
499 4506 10
500 4515 9
