1 4 4
2 8 4
3 16 8
4 21 5
5 26 5
6 32 6
7 40 8
8 47 7
9 53 6
10 57 4
11 67 10
12 74 7
13 80 6
14 85 5
15 91 6
16 99 8
17 106 7
18 114 8
19 122 8
20 127 5
21 134 7
22 143 9
23 152 9
24 160 8
25 166 6
26 173 7
27 183 10
28 191 8
29 201 10
30 209 8
31 218 9
32 226 8
33 233 7
34 241 8
35 251 10
36 261 10
37 269 8
38 279 10
39 288 9
40 297 9
41 305 8
42 315 10
43 324 9
44 332 8
45 339 7
46 349 10
47 358 9
48 368 10
49 378 10
50 388 10
51 398 10
52 407 9
53 416 9
54 424 8
55 433 9
56 441 8
57 451 10
58 461 10
59 469 8
60 476 7
61 485 9
62 494 9
63 503 9
64 513 10
65 522 9
66 530 8
67 539 9
68 548 9
69 557 9
70 567 10
71 577 10
72 587 10
73 596 9
74 603 7
75 612 9
76 622 10
77 628 6
78 637 9
79 647 10
80 657 10
81 666 9
82 674 8
83 682 8
84 692 10
85 701 9
86 710 9
87 718 8
88 725 7
89 734 9
90 743 9
91 752 9
92 761 9
93 769 8
94 777 8
95 787 10
96 796 9
97 805 9
98 815 10
99 825 10
100 834 9
101 843 9
102 853 10
103 863 10
104 871 8
105 881 10
106 890 9
107 900 10
108 908 8
109 917 9
110 926 9
111 936 10
112 945 9
113 954 9
114 964 10
115 972 8
116 982 10
117 992 10
118 1001 9
119 1010 9
120 1020 10
121 1027 7
122 1037 10
123 1047 10
124 1056 9
125 1065 9
126 1075 10
127 1084 9
128 1093 9
129 1100 7
130 1110 10
131 1120 10
132 1129 9
133 1138 9
134 1148 10
135 1156 8
136 1166 10
137 1176 10
138 1184 8
139 1193 9
140 1202 9
141 1212 10
142 1222 10
143 1232 10
144 1242 10
145 1251 9
146 1260 9
147 1269 9
148 1278 9
149 1287 9
150 1296 9
151 1306 10
152 1314 8
153 1323 9
154 1333 10
155 1342 9
156 1352 10
157 1360 8
158 1370 10
159 1378 8
160 1387 9
161 1396 9
162 1404 8
163 1414 10
164 1423 9
165 1433 10
166 1442 9
167 1451 9
168 1459 8
169 1468 9
170 1477 9
171 1486 9
172 1495 9
173 1504 9
174 1513 9
175 1523 10
176 1532 9
177 1540 8
178 1548 8
179 1556 8
180 1566 10
181 1576 10
182 1585 9
183 1594 9
184 1604 10
185 1612 8
186 1621 9
187 1631 10
188 1639 8
189 1647 8
190 1657 10
191 1667 10
192 1675 8
193 1685 10
194 1695 10
195 1704 9
196 1713 9
197 1722 9
198 1731 9
199 1740 9
200 1750 10
201 1759 9
202 1769 10
203 1777 8
204 1785 8
205 1795 10
206 1803 8
207 1813 10
208 1821 8
209 1831 10
210 1841 10
211 1851 10
212 1860 9
213 1870 10
214 1880 10
215 1888 8
216 1897 9
217 1904 7
218 1913 9
219 1923 10
220 1931 8
221 1940 9
222 1949 9
223 1958 9
224 1967 9
225 1976 9
226 1984 8
227 1993 9
228 2002 9
229 2009 7
230 2018 9
231 2028 10
232 2036 8
233 2043 7
234 2050 7
235 2058 8
236 2068 10
237 2075 7
238 2082 7
239 2092 10
240 2101 9
241 2110 9
242 2119 9
243 2128 9
244 2137 9
245 2147 10
246 2155 8
247 2164 9
248 2174 10
249 2184 10
250 2192 8
251 2201 9
252 2211 10
253 2221 10
254 2229 8
255 2238 9
256 2247 9
257 2257 10
258 2265 8
259 2275 10
260 2284 9
261 2294 10
262 2303 9
263 2312 9
264 2321 9
265 2330 9
266 2339 9
267 2348 9
268 2357 9
269 2367 10
270 2375 8
271 2385 10
272 2394 9
273 2403 9
274 2413 10
275 2420 7
276 2430 10
277 2438 8
278 2448 10
279 2456 8
280 2465 9
281 2475 10
282 2485 10
283 2494 9
284 2504 10
285 2514 10
286 2523 9
287 2532 9
288 2541 9
289 2551 10
290 2559 8
291 2569 10
292 2579 10
293 2588 9
294 2596 8
295 2605 9
296 2614 9
297 2623 9
298 2633 10
299 2642 9
300 2651 9
301 2659 8
302 2665 6
303 2674 9
304 2682 8
305 2692 10
306 2698 6
307 2706 8
308 2716 10
309 2726 10
310 2736 10
311 2744 8
312 2752 8
313 2760 8
314 2769 9
315 2778 9
316 2788 10
317 2797 9
318 2806 9
319 2816 10
320 2823 7
321 2832 9
322 2840 8
323 2849 9
324 2857 8
325 2867 10
326 2877 10
327 2885 8
328 2894 9
329 2904 10
330 2913 9
331 2922 9
332 2932 10
333 2942 10
334 2950 8
335 2959 9
336 2968 9
337 2978 10
338 2987 9
339 2995 8
340 3005 10
341 3015 10
342 3024 9
343 3034 10
344 3043 9
345 3053 10
346 3063 10
347 3073 10
348 3083 10
349 3090 7
350 3100 10
351 3109 9
352 3119 10
353 3129 10
354 3137 8
355 3146 9
356 3156 10
357 3165 9
358 3175 10
359 3182 7
360 3189 7
361 3197 8
362 3207 10
363 3215 8
364 3225 10
365 3235 10
366 3243 8
367 3253 10
368 3262 9
369 3271 9
370 3281 10
371 3291 10
372 3299 8
373 3308 9
374 3317 9
375 3327 10
376 3337 10
377 3346 9
378 3356 10
379 3365 9
380 3375 10
381 3385 10
382 3395 10
383 3405 10
384 3415 10
385 3424 9
386 3433 9
387 3443 10
388 3453 10
389 3463 10
390 3471 8
391 3480 9
392 3489 9
393 3496 7
394 3506 10
395 3515 9
396 3524 9
397 3534 10
398 3544 10
399 3553 9
400 3563 10
401 3571 8
402 3581 10
403 3590 9
404 3597 7
405 3606 9
406 3615 9
407 3623 8
408 3633 10
409 3643 10
410 3653 10
411 3661 8
412 3670 9
413 3680 10
414 3688 8
415 3696 8
416 3704 8
417 3713 9
418 3721 8
419 3729 8
420 3738 9
421 3747 9
422 3755 8
423 3764 9
424 3773 9
425 3781 8
426 3791 10
427 3801 10
428 3810 9
429 3819 9
430 3829 10
431 3839 10
432 3849 10
433 3859 10
434 3868 9
435 3876 8
436 3885 9
437 3894 9
438 3904 10
439 3913 9
440 3921 8
441 3928 7
442 3938 10
443 3947 9
444 3956 9
445 3964 8
446 3971 7
447 3981 10
448 3991 10
449 4000 9
450 4009 9
451 4018 9
452 4028 10
453 4037 9
454 4046 9
455 4055 9
456 4064 9
457 4074 10
458 4083 9
459 4093 10
460 4101 8
461 4109 8
462 4117 8
463 4127 10
464 4136 9
465 4145 9
466 4153 8
467 4162 9
468 4170 8
469 4178 8
470 4188 10
471 4197 9
472 4206 9
473 4215 9
474 4225 10
475 4234 9
476 4242 8
477 4251 9
478 4261 10
479 4270 9
480 4280 10
481 4288 8
482 4298 10
483 4307 9
484 4317 10
485 4326 9
486 4336 10
487 4346 10
488 4356 10
489 4364 8
490 4374 10
491 4384 10
492 4394 10
493 4404 10
494 4414 10
495 4424 10
496 4434 10
497 4442 8
498 4451 9
499 4459 8
500 4469 10
