1 4 4
2 10 6
3 18 8
4 24 6
5 30 6
6 35 5
7 42 7
8 48 6
9 53 5
10 58 5
11 66 8
12 71 5
13 79 8
14 86 7
15 93 7
16 101 8
17 108 7
18 117 9
19 126 9
20 133 7
21 143 10
22 152 9
23 161 9
24 169 8
25 177 8
26 185 8
27 194 9
28 200 6
29 209 9
30 217 8
31 227 10
32 235 8
33 244 9
34 253 9
35 263 10
36 273 10
37 281 8
38 289 8
39 297 8
40 306 9
41 315 9
42 323 8
43 331 8
44 339 8
45 347 8
46 353 6
47 360 7
48 368 8
49 376 8
50 384 8
51 392 8
52 402 10
53 411 9
54 418 7
55 428 10
56 438 10
57 446 8
58 455 9
59 464 9
60 473 9
61 481 8
62 489 8
63 498 9
64 507 9
65 517 10
66 525 8
67 534 9
68 543 9
69 552 9
70 561 9
71 570 9
72 578 8
73 587 9
74 596 9
75 605 9
76 615 10
77 623 8
78 632 9
79 640 8
80 647 7
81 654 7
82 662 8
83 670 8
84 679 9
85 688 9
86 697 9
87 706 9
88 715 9
89 725 10
90 734 9
91 742 8
92 752 10
93 762 10
94 772 10
95 781 9
96 791 10
97 801 10
98 811 10
99 819 8
100 827 8
101 837 10
102 847 10
103 855 8
104 863 8
105 873 10
106 881 8
107 891 10
108 900 9
109 908 8
110 918 10
111 927 9
112 937 10
113 946 9
114 955 9
115 965 10
116 972 7
117 982 10
118 991 9
119 1001 10
120 1010 9
121 1018 8
122 1026 8
123 1033 7
124 1040 7
125 1050 10
126 1058 8
127 1065 7
128 1073 8
129 1080 7
130 1089 9
131 1098 9
132 1107 9
133 1116 9
134 1126 10
135 1134 8
136 1144 10
137 1154 10
138 1162 8
139 1172 10
140 1181 9
141 1191 10
142 1200 9
143 1209 9
144 1218 9
145 1228 10
146 1238 10
147 1247 9
148 1257 10
149 1266 9
150 1274 8
151 1282 8
152 1291 9
153 1299 8
154 1308 9
155 1317 9
156 1326 9
157 1336 10
158 1344 8
159 1351 7
160 1359 8
161 1367 8
162 1375 8
163 1385 10
164 1395 10
165 1402 7
166 1411 9
167 1419 8
168 1429 10
169 1439 10
170 1449 10
171 1459 10
172 1468 9
173 1476 8
174 1485 9
175 1495 10
176 1504 9
177 1514 10
178 1522 8
179 1532 10
180 1541 9
181 1551 10
182 1559 8
183 1566 7
184 1575 9
185 1585 10
186 1593 8
187 1601 8
188 1611 10
189 1620 9
190 1628 8
191 1637 9
192 1646 9
193 1656 10
194 1666 10
195 1675 9
196 1684 9
197 1694 10
198 1703 9
199 1712 9
200 1722 10
201 1732 10
202 1742 10
203 1752 10
204 1762 10
205 1772 10
206 1782 10
207 1791 9
208 1801 10
209 1809 8
210 1818 9
211 1828 10
212 1835 7
213 1845 10
214 1854 9
215 1864 10
216 1874 10
217 1883 9
218 1893 10
219 1901 8
220 1910 9
221 1918 8
222 1927 9
223 1936 9
224 1945 9
225 1952 7
226 1959 7
227 1969 10
228 1978 9
229 1988 10
230 1998 10
231 2008 10
232 2018 10
233 2027 9
234 2035 8
235 2045 10
236 2055 10
237 2065 10
238 2075 10
239 2084 9
240 2093 9
241 2102 9
242 2112 10
243 2122 10
244 2132 10
245 2142 10
246 2151 9
247 2161 10
248 2169 8
249 2179 10
250 2187 8
251 2197 10
252 2207 10
253 2216 9
254 2224 8
255 2232 8
256 2241 9
257 2250 9
258 2260 10
259 2270 10
260 2279 9
261 2289 10
262 2299 10
263 2308 9
264 2317 9
265 2327 10
266 2337 10
267 2347 10
268 2356 9
269 2365 9
270 2374 9
271 2383 9
272 2393 10
273 2402 9
274 2411 9
275 2421 10
276 2431 10
277 2439 8
278 2449 10
279 2459 10
280 2467 8
281 2475 8
282 2483 8
283 2493 10
284 2503 10
285 2513 10
286 2523 10
287 2532 9
288 2541 9
289 2549 8
290 2559 10
291 2568 9
292 2577 9
293 2586 9
294 2596 10
295 2604 8
296 2612 8
297 2621 9
298 2630 9
299 2640 10
300 2648 8
301 2657 9
302 2667 10
303 2675 8
304 2685 10
305 2694 9
306 2703 9
307 2713 10
308 2723 10
309 2732 9
310 2741 9
311 2751 10
312 2761 10
313 2770 9
314 2775 5
315 2783 8
316 2792 9
317 2802 10
318 2810 8
319 2820 10
320 2830 10
321 2840 10
322 2848 8
323 2857 9
324 2864 7
325 2871 7
326 2881 10
327 2890 9
328 2897 7
329 2906 9
330 2916 10
331 2925 9
332 2935 10
333 2943 8
334 2951 8
335 2959 8
336 2968 9
337 2977 9
338 2987 10
339 2995 8
340 3004 9
341 3012 8
342 3020 8
343 3029 9
344 3038 9
345 3048 10
346 3058 10
347 3066 8
348 3076 10
349 3085 9
350 3094 9
351 3104 10
352 3114 10
353 3124 10
354 3134 10
355 3144 10
356 3152 8
357 3160 8
358 3168 8
359 3177 9
360 3186 9
361 3195 9
362 3204 9
363 3213 9
364 3223 10
365 3231 8
366 3239 8
367 3248 9
368 3258 10
369 3267 9
370 3277 10
371 3287 10
372 3296 9
373 3306 10
374 3312 6
375 3321 9
376 3328 7
377 3337 9
378 3346 9
379 3355 9
380 3365 10
381 3374 9
382 3384 10
383 3392 8
384 3399 7
385 3407 8
386 3417 10
387 3426 9
388 3436 10
389 3445 9
390 3453 8
391 3462 9
392 3472 10
393 3479 7
394 3489 10
395 3498 9
396 3507 9
397 3517 10
398 3527 10
399 3536 9
400 3545 9
401 3555 10
402 3565 10
403 3574 9
404 3583 9
405 3593 10
406 3603 10
407 3612 9
408 3620 8
409 3630 10
410 3639 9
411 3649 10
412 3658 9
413 3668 10
414 3676 8
415 3686 10
416 3695 9
417 3705 10
418 3714 9
419 3723 9
420 3733 10
421 3743 10
422 3750 7
423 3759 9
424 3767 8
425 3777 10
426 3785 8
427 3794 9
428 3803 9
429 3813 10
430 3821 8
431 3831 10
432 3841 10
433 3849 8
434 3857 8
435 3867 10
436 3876 9
437 3883 7
438 3893 10
439 3902 9
440 3912 10
441 3921 9
442 3931 10
443 3941 10
444 3950 9
445 3959 9
446 3967 8
447 3976 9
448 3985 9
449 3994 9
450 4004 10
451 4014 10
452 4023 9
453 4033 10
454 4042 9
455 4051 9
456 4060 9
457 4069 9
458 4079 10
459 4087 8
460 4094 7
461 4103 9
462 4113 10
463 4122 9
464 4132 10
465 4142 10
466 4151 9
467 4161 10
468 4171 10
469 4181 10
470 4191 10
471 4199 8
472 4209 10
473 4217 8
474 4226 9
475 4235 9
476 4245 10
477 4254 9
478 4264 10
479 4272 8
480 4281 9
481 4289 8
482 4298 9
483 4305 7
484 4315 10
485 4325 10
486 4335 10
487 4345 10
488 4355 10
489 4365 10
490 4374 9
491 4384 10
492 4394 10
493 4402 8
494 4411 9
495 4420 9
496 4428 8
497 4438 10
498 4447 9
499 4457 10
500 4466 9
