1 4 4
2 8 4
3 11 3
4 17 6
5 24 7
6 30 6
7 36 6
8 40 4
9 46 6
10 54 8
11 61 7
12 68 7
13 78 10
14 86 8
15 95 9
16 103 8
17 107 4
18 113 6
19 120 7
20 130 10
21 139 9
22 145 6
23 155 10
24 162 7
25 171 9
26 181 10
27 187 6
28 194 7
29 204 10
30 213 9
31 221 8
32 229 8
33 239 10
34 248 9
35 256 8
36 265 9
37 273 8
38 282 9
39 289 7
40 298 9
41 307 9
42 316 9
43 325 9
44 332 7
45 341 9
46 351 10
47 359 8
48 369 10
49 378 9
50 388 10
51 396 8
52 405 9
53 414 9
54 423 9
55 432 9
56 440 8
57 449 9
58 457 8
59 466 9
60 475 9
61 483 8
62 492 9
63 501 9
64 511 10
65 520 9
66 527 7
67 535 8
68 544 9
69 554 10
70 564 10
71 574 10
72 583 9
73 592 9
74 601 9
75 611 10
76 618 7
77 627 9
78 637 10
79 646 9
80 654 8
81 663 9
82 673 10
83 683 10
84 692 9
85 702 10
86 710 8
87 720 10
88 728 8
89 736 8
90 744 8
91 754 10
92 763 9
93 772 9
94 780 8
95 789 9
96 799 10
97 809 10
98 819 10
99 828 9
100 837 9
101 846 9
102 856 10
103 864 8
104 874 10
105 883 9
106 892 9
107 898 6
108 906 8
109 916 10
110 924 8
111 934 10
112 942 8
113 951 9
114 960 9
115 968 8
116 978 10
117 988 10
118 994 6
119 1004 10
120 1011 7
121 1021 10
122 1030 9
123 1040 10
124 1048 8
125 1057 9
126 1065 8
127 1073 8
128 1083 10
129 1091 8
130 1100 9
131 1107 7
132 1116 9
133 1125 9
134 1135 10
135 1144 9
136 1154 10
137 1162 8
138 1171 9
139 1181 10
140 1190 9
141 1199 9
142 1209 10
143 1216 7
144 1225 9
145 1234 9
146 1244 10
147 1254 10
148 1263 9
149 1272 9
150 1282 10
151 1291 9
152 1300 9
153 1310 10
154 1319 9
155 1329 10
156 1339 10
157 1348 9
158 1357 9
159 1366 9
160 1376 10
161 1385 9
162 1395 10
163 1402 7
164 1411 9
165 1420 9
166 1430 10
167 1439 9
168 1448 9
169 1458 10
170 1467 9
171 1477 10
172 1487 10
173 1497 10
174 1505 8
175 1514 9
176 1522 8
177 1532 10
178 1541 9
179 1550 9
180 1560 10
181 1570 10
182 1580 10
183 1589 9
184 1599 10
185 1608 9
186 1616 8
187 1625 9
188 1635 10
189 1644 9
190 1653 9
191 1663 10
192 1672 9
193 1680 8
194 1689 9
195 1698 9
196 1708 10
197 1718 10
198 1727 9
199 1735 8
200 1743 8
201 1752 9
202 1761 9
203 1771 10
204 1781 10
205 1791 10
206 1801 10
207 1811 10
208 1821 10
209 1829 8
210 1838 9
211 1848 10
212 1857 9
213 1867 10
214 1876 9
215 1885 9
216 1895 10
217 1903 8
218 1913 10
219 1923 10
220 1933 10
221 1942 9
222 1950 8
223 1960 10
224 1968 8
225 1976 8
226 1983 7
227 1992 9
228 2002 10
229 2010 8
230 2018 8
231 2027 9
232 2037 10
233 2047 10
234 2057 10
235 2066 9
236 2074 8
237 2084 10
238 2093 9
239 2103 10
240 2113 10
241 2122 9
242 2132 10
243 2140 8
244 2150 10
245 2159 9
246 2168 9
247 2178 10
248 2187 9
249 2195 8
250 2205 10
251 2214 9
252 2224 10
253 2234 10
254 2242 8
255 2251 9
256 2260 9
257 2270 10
258 2277 7
259 2287 10
260 2297 10
261 2306 9
262 2316 10
263 2326 10
264 2336 10
265 2346 10
266 2355 9
267 2365 10
268 2374 9
269 2384 10
270 2394 10
271 2403 9
272 2412 9
273 2421 9
274 2429 8
275 2439 10
276 2449 10
277 2459 10
278 2469 10
279 2478 9
280 2487 9
281 2497 10
282 2506 9
283 2516 10
284 2526 10
285 2536 10
286 2546 10
287 2554 8
288 2564 10
289 2574 10
290 2583 9
291 2592 9
292 2602 10
293 2612 10
294 2621 9
295 2630 9
296 2640 10
297 2650 10
298 2660 10
299 2669 9
300 2676 7
301 2685 9
302 2695 10
303 2703 8
304 2712 9
305 2722 10
306 2732 10
307 2741 9
308 2751 10
309 2761 10
310 2770 9
311 2779 9
312 2786 7
313 2792 6
314 2802 10
315 2809 7
316 2818 9
317 2826 8
318 2836 10
319 2846 10
320 2856 10
321 2866 10
322 2875 9
323 2885 10
324 2895 10
325 2905 10
326 2915 10
327 2924 9
328 2932 8
329 2940 8
330 2948 8
331 2958 10
332 2968 10
333 2975 7
334 2985 10
335 2994 9
336 3004 10
337 3013 9
338 3023 10
339 3033 10
340 3043 10
341 3053 10
342 3063 10
343 3073 10
344 3082 9
345 3091 9
346 3101 10
347 3110 9
348 3119 9
349 3128 9
350 3137 9
351 3146 9
352 3155 9
353 3164 9
354 3174 10
355 3184 10
356 3194 10
357 3204 10
358 3213 9
359 3223 10
360 3232 9
361 3239 7
362 3249 10
363 3259 10
364 3269 10
365 3278 9
366 3288 10
367 3298 10
368 3305 7
369 3310 5
370 3320 10
371 3330 10
372 3338 8
373 3347 9
374 3356 9
375 3363 7
376 3373 10
377 3383 10
378 3392 9
379 3402 10
380 3412 10
381 3421 9
382 3431 10
383 3440 9
384 3450 10
385 3460 10
386 3470 10
387 3479 9
388 3488 9
389 3498 10
390 3507 9
391 3517 10
392 3526 9
393 3536 10
394 3546 10
395 3554 8
396 3564 10
397 3574 10
398 3584 10
399 3594 10
400 3603 9
401 3612 9
402 3621 9
403 3630 9
404 3640 10
405 3649 9
406 3658 9
407 3668 10
408 3677 9
409 3687 10
410 3695 8
411 3704 9
412 3712 8
413 3721 9
414 3730 9
415 3740 10
416 3750 10
417 3759 9
418 3767 8
419 3776 9
420 3786 10
421 3796 10
422 3806 10
423 3815 9
424 3824 9
425 3831 7
426 3839 8
427 3848 9
428 3858 10
429 3868 10
430 3878 10
431 3888 10
432 3898 10
433 3908 10
434 3917 9
435 3925 8
436 3932 7
437 3941 9
438 3950 9
439 3959 9
440 3967 8
441 3977 10
442 3986 9
443 3996 10
444 4006 10
445 4016 10
446 4025 9
447 4035 10
448 4044 9
449 4054 10
450 4062 8
451 4070 8
452 4080 10
453 4089 9
454 4098 9
455 4106 8
456 4114 8
457 4124 10
458 4133 9
459 4140 7
460 4148 8
461 4158 10
462 4167 9
463 4176 9
464 4185 9
465 4195 10
466 4203 8
467 4213 10
468 4222 9
469 4230 8
470 4240 10
471 4248 8
472 4258 10
473 4268 10
474 4278 10
475 4287 9
476 4296 9
477 4306 10
478 4316 10
479 4325 9
480 4334 9
481 4343 9
482 4353 10
483 4361 8
484 4371 10
485 4381 10
486 4391 10
487 4401 10
488 4410 9
489 4419 9
490 4428 9
491 4437 9
492 4447 10
493 4457 10
494 4466 9
495 4475 9
496 4485 10
497 4494 9
498 4504 10
499 4514 10
500 4522 8
