1 6 6
2 12 6
3 16 4
4 24 8
5 30 6
6 38 8
7 44 6
8 53 9
9 59 6
10 63 4
11 72 9
12 79 7
13 88 9
14 97 9
15 105 8
16 112 7
17 120 8
18 129 9
19 138 9
20 145 7
21 155 10
22 162 7
23 172 10
24 182 10
25 190 8
26 199 9
27 205 6
28 214 9
29 222 8
30 231 9
31 239 8
32 249 10
33 258 9
34 267 9
35 273 6
36 282 9
37 292 10
38 301 9
39 309 8
40 318 9
41 324 6
42 332 8
43 342 10
44 352 10
45 359 7
46 369 10
47 379 10
48 388 9
49 396 8
50 404 8
51 413 9
52 419 6
53 428 9
54 437 9
55 445 8
56 452 7
57 460 8
58 468 8
59 478 10
60 487 9
61 497 10
62 504 7
63 514 10
64 524 10
65 533 9
66 543 10
67 552 9
68 562 10
69 571 9
70 579 8
71 589 10
72 599 10
73 607 8
74 615 8
75 624 9
76 634 10
77 641 7
78 651 10
79 661 10
80 670 9
81 679 9
82 688 9
83 695 7
84 702 7
85 711 9
86 720 9
87 728 8
88 737 9
89 745 8
90 755 10
91 764 9
92 774 10
93 782 8
94 790 8
95 799 9
96 807 8
97 816 9
98 823 7
99 832 9
100 841 9
101 851 10
102 858 7
103 867 9
104 876 9
105 886 10
106 894 8
107 901 7
108 911 10
109 920 9
110 930 10
111 940 10
112 950 10
113 960 10
114 968 8
115 977 9
116 987 10
117 997 10
118 1005 8
119 1015 10
120 1024 9
121 1034 10
122 1043 9
123 1050 7
124 1059 9
125 1068 9
126 1076 8
127 1083 7
128 1092 9
129 1101 9
130 1111 10
131 1120 9
132 1128 8
133 1137 9
134 1146 9
135 1153 7
136 1163 10
137 1172 9
138 1181 9
139 1190 9
140 1200 10
141 1208 8
142 1218 10
143 1227 9
144 1236 9
145 1245 9
146 1255 10
147 1265 10
148 1274 9
149 1284 10
150 1290 6
151 1297 7
152 1306 9
153 1316 10
154 1325 9
155 1335 10
156 1344 9
157 1352 8
158 1360 8
159 1369 9
160 1377 8
161 1387 10
162 1396 9
163 1406 10
164 1416 10
165 1426 10
166 1436 10
167 1446 10
168 1454 8
169 1462 8
170 1471 9
171 1478 7
172 1488 10
173 1496 8
174 1504 8
175 1513 9
176 1523 10
177 1532 9
178 1541 9
179 1551 10
180 1560 9
181 1570 10
182 1578 8
183 1587 9
184 1595 8
185 1604 9
186 1612 8
187 1622 10
188 1631 9
189 1641 10
190 1648 7
191 1657 9
192 1667 10
193 1675 8
194 1684 9
195 1693 9
196 1702 9
197 1712 10
198 1720 8
199 1729 9
200 1737 8
201 1746 9
202 1754 8
203 1763 9
204 1771 8
205 1781 10
206 1790 9
207 1800 10
208 1809 9
209 1818 9
210 1826 8
211 1834 8
212 1843 9
213 1851 8
214 1861 10
215 1871 10
216 1881 10
217 1890 9
218 1899 9
219 1908 9
220 1917 9
221 1926 9
222 1935 9
223 1945 10
224 1955 10
225 1963 8
226 1973 10
227 1983 10
228 1993 10
229 2002 9
230 2010 8
231 2019 9
232 2028 9
233 2036 8
234 2045 9
235 2054 9
236 2062 8
237 2071 9
238 2079 8
239 2086 7
240 2095 9
241 2104 9
242 2112 8
243 2121 9
244 2130 9
245 2140 10
246 2148 8
247 2158 10
248 2165 7
249 2175 10
250 2182 7
251 2192 10
252 2201 9
253 2210 9
254 2219 9
255 2229 10
256 2239 10
257 2249 10
258 2259 10
259 2268 9
260 2278 10
261 2287 9
262 2297 10
263 2306 9
264 2315 9
265 2324 9
266 2333 9
267 2342 9
268 2351 9
269 2360 9
270 2367 7
271 2376 9
272 2386 10
273 2395 9
274 2403 8
275 2411 8
276 2420 9
277 2430 10
278 2440 10
279 2449 9
280 2458 9
281 2467 9
282 2477 10
283 2486 9
284 2495 9
285 2504 9
286 2513 9
287 2521 8
288 2531 10
289 2539 8
290 2549 10
291 2558 9
292 2568 10
293 2575 7
294 2582 7
295 2591 9
296 2600 9
297 2610 10
298 2619 9
299 2628 9
300 2638 10
301 2645 7
302 2655 10
303 2664 9
304 2674 10
305 2682 8
306 2692 10
307 2702 10
308 2711 9
309 2719 8
310 2728 9
311 2737 9
312 2746 9
313 2755 9
314 2764 9
315 2774 10
316 2783 9
317 2793 10
318 2803 10
319 2810 7
320 2820 10
321 2829 9
322 2839 10
323 2848 9
324 2858 10
325 2868 10
326 2877 9
327 2886 9
328 2895 9
329 2905 10
330 2915 10
331 2924 9
332 2933 9
333 2942 9
334 2951 9
335 2960 9
336 2970 10
337 2980 10
338 2990 10
339 3000 10
340 3008 8
341 3017 9
342 3024 7
343 3034 10
344 3043 9
345 3053 10
346 3061 8
347 3067 6
348 3074 7
349 3083 9
350 3092 9
351 3102 10
352 3112 10
353 3122 10
354 3132 10
355 3140 8
356 3149 9
357 3158 9
358 3167 9
359 3177 10
360 3183 6
361 3192 9
362 3202 10
363 3210 8
364 3220 10
365 3230 10
366 3240 10
367 3250 10
368 3257 7
369 3266 9
370 3275 9
371 3285 10
372 3295 10
373 3305 10
374 3311 6
375 3318 7
376 3328 10
377 3338 10
378 3346 8
379 3355 9
380 3365 10
381 3375 10
382 3383 8
383 3391 8
384 3400 9
385 3410 10
386 3420 10
387 3428 8
388 3436 8
389 3445 9
390 3454 9
391 3464 10
392 3471 7
393 3480 9
394 3490 10
395 3500 10
396 3509 9
397 3519 10
398 3527 8
399 3536 9
400 3545 9
401 3555 10
402 3565 10
403 3575 10
404 3585 10
405 3595 10
406 3605 10
407 3613 8
408 3623 10
409 3633 10
410 3642 9
411 3651 9
412 3661 10
413 3670 9
414 3680 10
415 3688 8
416 3697 9
417 3707 10
418 3717 10
419 3727 10
420 3736 9
421 3745 9
422 3755 10
423 3765 10
424 3774 9
425 3784 10
426 3794 10
427 3803 9
428 3813 10
429 3822 9
430 3832 10
431 3842 10
432 3852 10
433 3862 10
434 3868 6
435 3878 10
436 3887 9
437 3897 10
438 3907 10
439 3917 10
440 3925 8
441 3933 8
442 3943 10
443 3953 10
444 3962 9
445 3970 8
446 3980 10
447 3990 10
448 4000 10
449 4010 10
450 4018 8
451 4028 10
452 4038 10
453 4048 10
454 4057 9
455 4065 8
456 4075 10
457 4084 9
458 4093 9
459 4103 10
460 4111 8
461 4121 10
462 4131 10
463 4139 8
464 4148 9
465 4158 10
466 4168 10
467 4178 10
468 4188 10
469 4198 10
470 4207 9
471 4216 9
472 4226 10
473 4235 9
474 4244 9
475 4253 9
476 4263 10
477 4272 9
478 4280 8
479 4289 9
480 4299 10
481 4308 9
482 4318 10
483 4328 10
484 4338 10
485 4348 10
486 4358 10
487 4368 10
488 4377 9
489 4386 9
490 4396 10
491 4406 10
492 4416 10
493 4425 9
494 4434 9
495 4443 9
496 4452 9
497 4461 9
498 4469 8
499 4478 9
500 4487 9
