1 6 6
2 13 7
3 21 8
4 27 6
5 32 5
6 36 4
7 44 8
8 53 9
9 58 5
10 64 6
11 71 7
12 79 8
13 89 10
14 97 8
15 101 4
16 110 9
17 117 7
18 126 9
19 134 8
20 140 6
21 148 8
22 157 9
23 167 10
24 175 8
25 184 9
26 191 7
27 200 9
28 209 9
29 218 9
30 228 10
31 238 10
32 246 8
33 255 9
34 265 10
35 274 9
36 283 9
37 292 9
38 300 8
39 309 9
40 319 10
41 329 10
42 338 9
43 345 7
44 354 9
45 362 8
46 368 6
47 374 6
48 384 10
49 393 9
50 402 9
51 411 9
52 420 9
53 428 8
54 438 10
55 447 9
56 456 9
57 464 8
58 474 10
59 483 9
60 493 10
61 501 8
62 511 10
63 521 10
64 531 10
65 541 10
66 549 8
67 557 8
68 566 9
69 576 10
70 583 7
71 592 9
72 601 9
73 609 8
74 619 10
75 628 9
76 638 10
77 646 8
78 654 8
79 662 8
80 670 8
81 680 10
82 687 7
83 696 9
84 704 8
85 712 8
86 722 10
87 731 9
88 741 10
89 750 9
90 758 8
91 766 8
92 776 10
93 786 10
94 795 9
95 803 8
96 811 8
97 821 10
98 830 9
99 839 9
100 847 8
101 854 7
102 864 10
103 872 8
104 882 10
105 892 10
106 901 9
107 910 9
108 919 9
109 929 10
110 939 10
111 948 9
112 957 9
113 966 9
114 973 7
115 983 10
116 992 9
117 1002 10
118 1011 9
119 1021 10
120 1030 9
121 1039 9
122 1048 9
123 1057 9
124 1067 10
125 1076 9
126 1083 7
127 1091 8
128 1100 9
129 1108 8
130 1117 9
131 1126 9
132 1134 8
133 1144 10
134 1154 10
135 1163 9
136 1173 10
137 1182 9
138 1188 6
139 1197 9
140 1205 8
141 1215 10
142 1224 9
143 1234 10
144 1243 9
145 1250 7
146 1258 8
147 1268 10
148 1276 8
149 1285 9
150 1295 10
151 1304 9
152 1311 7
153 1321 10
154 1329 8
155 1338 9
156 1348 10
157 1357 9
158 1367 10
159 1377 10
160 1383 6
161 1391 8
162 1399 8
163 1407 8
164 1414 7
165 1424 10
166 1434 10
167 1443 9
168 1453 10
169 1462 9
170 1470 8
171 1479 9
172 1489 10
173 1497 8
174 1507 10
175 1514 7
176 1523 9
177 1533 10
178 1543 10
179 1553 10
180 1562 9
181 1571 9
182 1580 9
183 1589 9
184 1597 8
185 1606 9
186 1615 9
187 1625 10
188 1634 9
189 1644 10
190 1654 10
191 1663 9
192 1672 9
193 1681 9
194 1689 8
195 1699 10
196 1709 10
197 1718 9
198 1727 9
199 1737 10
200 1747 10
201 1757 10
202 1766 9
203 1776 10
204 1784 8
205 1794 10
206 1804 10
207 1814 10
208 1824 10
209 1833 9
210 1843 10
211 1852 9
212 1862 10
213 1869 7
214 1877 8
215 1886 9
216 1895 9
217 1904 9
218 1914 10
219 1921 7
220 1931 10
221 1940 9
222 1950 10
223 1959 9
224 1969 10
225 1978 9
226 1988 10
227 1998 10
228 2008 10
229 2018 10
230 2026 8
231 2036 10
232 2045 9
233 2054 9
234 2063 9
235 2072 9
236 2080 8
237 2090 10
238 2098 8
239 2107 9
240 2117 10
241 2126 9
242 2136 10
243 2143 7
244 2151 8
245 2161 10
246 2171 10
247 2181 10
248 2188 7
249 2194 6
250 2204 10
251 2213 9
252 2221 8
253 2230 9
254 2239 9
255 2248 9
256 2257 9
257 2267 10
258 2277 10
259 2287 10
260 2296 9
261 2306 10
262 2316 10
263 2323 7
264 2333 10
265 2341 8
266 2351 10
267 2361 10
268 2369 8
269 2379 10
270 2389 10
271 2398 9
272 2408 10
273 2417 9
274 2427 10
275 2437 10
276 2446 9
277 2456 10
278 2466 10
279 2476 10
280 2486 10
281 2495 9
282 2505 10
283 2514 9
284 2523 9
285 2531 8
286 2541 10
287 2550 9
288 2560 10
289 2568 8
290 2578 10
291 2587 9
292 2597 10
293 2605 8
294 2614 9
295 2622 8
296 2632 10
297 2642 10
298 2651 9
299 2659 8
300 2668 9
301 2678 10
302 2688 10
303 2696 8
304 2705 9
305 2715 10
306 2725 10
307 2734 9
308 2742 8
309 2751 9
310 2761 10
311 2769 8
312 2779 10
313 2788 9
314 2797 9
315 2806 9
316 2816 10
317 2826 10
318 2835 9
319 2844 9
320 2853 9
321 2863 10
322 2871 8
323 2880 9
324 2889 9
325 2897 8
326 2906 9
327 2913 7
328 2922 9
329 2931 9
330 2941 10
331 2951 10
332 2961 10
333 2971 10
334 2980 9
335 2988 8
336 2998 10
337 3007 9
338 3015 8
339 3023 8
340 3032 9
341 3039 7
342 3049 10
343 3058 9
344 3066 8
345 3075 9
346 3085 10
347 3094 9
348 3103 9
349 3113 10
350 3122 9
351 3131 9
352 3140 9
353 3149 9
354 3158 9
355 3167 9
356 3177 10
357 3183 6
358 3192 9
359 3202 10
360 3211 9
361 3221 10
362 3230 9
363 3239 9
364 3249 10
365 3259 10
366 3269 10
367 3278 9
368 3288 10
369 3297 9
370 3307 10
371 3317 10
372 3324 7
373 3332 8
374 3342 10
375 3351 9
376 3360 9
377 3370 10
378 3380 10
379 3389 9
380 3399 10
381 3409 10
382 3419 10
383 3429 10
384 3438 9
385 3448 10
386 3458 10
387 3466 8
388 3476 10
389 3485 9
390 3493 8
391 3503 10
392 3513 10
393 3522 9
394 3532 10
395 3542 10
396 3552 10
397 3560 8
398 3568 8
399 3578 10
400 3588 10
401 3598 10
402 3608 10
403 3616 8
404 3624 8
405 3633 9
406 3643 10
407 3653 10
408 3662 9
409 3672 10
410 3681 9
411 3691 10
412 3701 10
413 3709 8
414 3717 8
415 3726 9
416 3735 9
417 3744 9
418 3753 9
419 3763 10
420 3771 8
421 3780 9
422 3789 9
423 3798 9
424 3807 9
425 3816 9
426 3826 10
427 3836 10
428 3845 9
429 3854 9
430 3863 9
431 3873 10
432 3882 9
433 3891 9
434 3898 7
435 3907 9
436 3917 10
437 3926 9
438 3936 10
439 3946 10
440 3956 10
441 3965 9
442 3972 7
443 3981 9
444 3990 9
445 3999 9
446 4009 10
447 4019 10
448 4029 10
449 4038 9
450 4048 10
451 4057 9
452 4066 9
453 4076 10
454 4086 10
455 4096 10
456 4105 9
457 4115 10
458 4124 9
459 4133 9
460 4143 10
461 4153 10
462 4162 9
463 4172 10
464 4182 10
465 4192 10
466 4202 10
467 4211 9
468 4220 9
469 4230 10
470 4240 10
471 4249 9
472 4257 8
473 4266 9
474 4276 10
475 4286 10
476 4296 10
477 4305 9
478 4315 10
479 4324 9
480 4333 9
481 4343 10
482 4352 9
483 4361 9
484 4369 8
485 4379 10
486 4386 7
487 4396 10
488 4405 9
489 4413 8
490 4423 10
491 4432 9
492 4442 10
493 4452 10
494 4462 10
495 4472 10
496 4481 9
497 4490 9
498 4500 10
499 4510 10
500 4519 9
