1 5 5
2 8 3
3 15 7
4 23 8
5 27 4
6 33 6
7 36 3
8 39 3
9 47 8
10 56 9
11 63 7
12 69 6
13 77 8
14 84 7
15 90 6
16 98 8
17 105 7
18 113 8
19 122 9
20 128 6
21 138 10
22 146 8
23 155 9
24 164 9
25 173 9
26 183 10
27 192 9
28 199 7
29 207 8
30 216 9
31 223 7
32 231 8
33 239 8
34 247 8
35 257 10
36 262 5
37 270 8
38 278 8
39 286 8
40 295 9
41 304 9
42 309 5
43 318 9
44 328 10
45 336 8
46 345 9
47 352 7
48 361 9
49 370 9
50 377 7
51 384 7
52 391 7
53 398 7
54 407 9
55 413 6
56 421 8
57 428 7
58 437 9
59 447 10
60 456 9
61 464 8
62 473 9
63 481 8
64 489 8
65 497 8
66 506 9
67 516 10
68 525 9
69 533 8
70 541 8
71 551 10
72 559 8
73 569 10
74 578 9
75 587 9
76 596 9
77 605 9
78 615 10
79 623 8
80 631 8
81 639 8
82 648 9
83 658 10
84 668 10
85 677 9
86 686 9
87 695 9
88 704 9
89 711 7
90 721 10
91 728 7
92 736 8
93 745 9
94 752 7
95 761 9
96 769 8
97 778 9
98 786 8
99 795 9
100 805 10
101 814 9
102 822 8
103 831 9
104 841 10
105 850 9
106 860 10
107 869 9
108 879 10
109 889 10
110 899 10
111 908 9
112 917 9
113 926 9
114 933 7
115 943 10
116 953 10
117 961 8
118 970 9
119 979 9
120 987 8
121 997 10
122 1007 10
123 1016 9
124 1024 8
125 1032 8
126 1040 8
127 1049 9
128 1059 10
129 1067 8
130 1077 10
131 1085 8
132 1095 10
133 1100 5
134 1110 10
135 1120 10
136 1130 10
137 1138 8
138 1147 9
139 1156 9
140 1165 9
141 1174 9
142 1184 10
143 1193 9
144 1203 10
145 1210 7
146 1219 9
147 1228 9
148 1237 9
149 1246 9
150 1254 8
151 1262 8
152 1270 8
153 1278 8
154 1287 9
155 1296 9
156 1305 9
157 1314 9
158 1323 9
159 1331 8
160 1339 8
161 1346 7
162 1354 8
163 1364 10
164 1374 10
165 1382 8
166 1389 7
167 1399 10
168 1407 8
169 1416 9
170 1425 9
171 1435 10
172 1444 9
173 1454 10
174 1464 10
175 1473 9
176 1483 10
177 1492 9
178 1502 10
179 1510 8
180 1520 10
181 1528 8
182 1538 10
183 1545 7
184 1555 10
185 1563 8
186 1573 10
187 1583 10
188 1592 9
189 1601 9
190 1611 10
191 1621 10
192 1629 8
193 1637 8
194 1647 10
195 1656 9
196 1666 10
197 1675 9
198 1683 8
199 1692 9
200 1702 10
201 1711 9
202 1719 8
203 1727 8
204 1737 10
205 1745 8
206 1753 8
207 1763 10
208 1772 9
209 1782 10
210 1791 9
211 1801 10
212 1810 9
213 1819 9
214 1828 9
215 1837 9
216 1847 10
217 1856 9
218 1865 9
219 1875 10
220 1885 10
221 1894 9
222 1902 8
223 1911 9
224 1920 9
225 1929 9
226 1939 10
227 1948 9
228 1958 10
229 1967 9
230 1976 9
231 1986 10
232 1995 9
233 2005 10
234 2013 8
235 2021 8
236 2031 10
237 2040 9
238 2050 10
239 2060 10
240 2070 10
241 2079 9
242 2089 10
243 2098 9
244 2106 8
245 2114 8
246 2124 10
247 2131 7
248 2140 9
249 2150 10
250 2160 10
251 2169 9
252 2178 9
253 2187 9
254 2196 9
255 2206 10
256 2215 9
257 2225 10
258 2235 10
259 2243 8
260 2251 8
261 2260 9
262 2269 9
263 2279 10
264 2289 10
265 2298 9
266 2307 9
267 2316 9
268 2325 9
269 2334 9
270 2343 9
271 2352 9
272 2361 9
273 2371 10
274 2380 9
275 2389 9
276 2398 9
277 2407 9
278 2416 9
279 2426 10
280 2435 9
281 2444 9
282 2452 8
283 2462 10
284 2472 10
285 2482 10
286 2492 10
287 2501 9
288 2509 8
289 2518 9
290 2524 6
291 2533 9
292 2542 9
293 2551 9
294 2561 10
295 2569 8
296 2577 8
297 2586 9
298 2596 10
299 2606 10
300 2615 9
301 2622 7
302 2631 9
303 2641 10
304 2650 9
305 2659 9
306 2668 9
307 2676 8
308 2684 8
309 2694 10
310 2704 10
311 2714 10
312 2723 9
313 2731 8
314 2741 10
315 2751 10
316 2760 9
317 2768 8
318 2775 7
319 2784 9
320 2794 10
321 2803 9
322 2812 9
323 2822 10
324 2832 10
325 2842 10
326 2852 10
327 2860 8
328 2869 9
329 2878 9
330 2888 10
331 2898 10
332 2907 9
333 2917 10
334 2926 9
335 2936 10
336 2944 8
337 2953 9
338 2962 9
339 2971 9
340 2979 8
341 2989 10
342 2998 9
343 3008 10
344 3017 9
345 3027 10
346 3036 9
347 3045 9
348 3052 7
349 3061 9
350 3071 10
351 3081 10
352 3089 8
353 3098 9
354 3108 10
355 3117 9
356 3126 9
357 3136 10
358 3145 9
359 3154 9
360 3162 8
361 3170 8
362 3178 8
363 3187 9
364 3197 10
365 3207 10
366 3217 10
367 3227 10
368 3237 10
369 3247 10
370 3257 10
371 3267 10
372 3277 10
373 3285 8
374 3292 7
375 3301 9
376 3311 10
377 3321 10
378 3330 9
379 3340 10
380 3350 10
381 3360 10
382 3367 7
383 3376 9
384 3385 9
385 3392 7
386 3402 10
387 3412 10
388 3419 7
389 3429 10
390 3437 8
391 3447 10
392 3457 10
393 3466 9
394 3475 9
395 3485 10
396 3495 10
397 3505 10
398 3515 10
399 3524 9
400 3534 10
401 3543 9
402 3550 7
403 3558 8
404 3568 10
405 3578 10
406 3587 9
407 3596 9
408 3604 8
409 3614 10
410 3622 8
411 3630 8
412 3640 10
413 3650 10
414 3660 10
415 3668 8
416 3677 9
417 3686 9
418 3695 9
419 3703 8
420 3713 10
421 3723 10
422 3732 9
423 3742 10
424 3751 9
425 3757 6
426 3767 10
427 3776 9
428 3784 8
429 3793 9
430 3802 9
431 3812 10
432 3821 9
433 3831 10
434 3841 10
435 3848 7
436 3857 9
437 3867 10
438 3876 9
439 3885 9
440 3894 9
441 3903 9
442 3913 10
443 3923 10
444 3932 9
445 3942 10
446 3951 9
447 3959 8
448 3966 7
449 3975 9
450 3985 10
451 3995 10
452 4004 9
453 4014 10
454 4024 10
455 4034 10
456 4044 10
457 4054 10
458 4063 9
459 4072 9
460 4082 10
461 4091 9
462 4101 10
463 4109 8
464 4118 9
465 4126 8
466 4133 7
467 4141 8
468 4151 10
469 4161 10
470 4169 8
471 4179 10
472 4188 9
473 4197 9
474 4206 9
475 4215 9
476 4224 9
477 4232 8
478 4242 10
479 4251 9
480 4261 10
481 4271 10
482 4281 10
483 4291 10
484 4301 10
485 4311 10
486 4318 7
487 4327 9
488 4337 10
489 4347 10
490 4356 9
491 4366 10
492 4375 9
493 4384 9
494 4392 8
495 4401 9
496 4408 7
497 4417 9
498 4425 8
499 4435 10
500 4444 9
