1 6 6
2 12 6
3 18 6
4 24 6
5 31 7
6 36 5
7 45 9
8 49 4
9 56 7
10 61 5
11 69 8
12 75 6
13 84 9
14 92 8
15 99 7
16 107 8
17 114 7
18 121 7
19 129 8
20 136 7
21 143 7
22 151 8
23 157 6
24 164 7
25 173 9
26 180 7
27 189 9
28 198 9
29 205 7
30 213 8
31 222 9
32 230 8
33 238 8
34 248 10
35 257 9
36 264 7
37 274 10
38 281 7
39 291 10
40 299 8
41 306 7
42 314 8
43 323 9
44 333 10
45 340 7
46 349 9
47 355 6
48 364 9
49 374 10
50 382 8
51 391 9
52 399 8
53 408 9
54 417 9
55 424 7
56 430 6
57 439 9
58 448 9
59 455 7
60 465 10
61 473 8
62 482 9
63 490 8
64 498 8
65 508 10
66 515 7
67 523 8
68 533 10
69 541 8
70 550 9
71 557 7
72 565 8
73 575 10
74 583 8
75 592 9
76 600 8
77 609 9
78 618 9
79 627 9
80 637 10
81 645 8
82 654 9
83 663 9
84 673 10
85 683 10
86 692 9
87 698 6
88 705 7
89 715 10
90 725 10
91 734 9
92 743 9
93 752 9
94 760 8
95 768 8
96 776 8
97 783 7
98 791 8
99 800 9
100 810 10
101 820 10
102 830 10
103 839 9
104 848 9
105 857 9
106 865 8
107 874 9
108 883 9
109 892 9
110 901 9
111 909 8
112 917 8
113 927 10
114 936 9
115 946 10
116 956 10
117 965 9
118 975 10
119 984 9
120 993 9
121 1001 8
122 1010 9
123 1020 10
124 1028 8
125 1035 7
126 1041 6
127 1048 7
128 1058 10
129 1067 9
130 1074 7
131 1082 8
132 1090 8
133 1097 7
134 1103 6
135 1112 9
136 1120 8
137 1128 8
138 1137 9
139 1147 10
140 1156 9
141 1165 9
142 1174 9
143 1183 9
144 1193 10
145 1203 10
146 1211 8
147 1219 8
148 1226 7
149 1235 9
150 1242 7
151 1251 9
152 1261 10
153 1271 10
154 1279 8
155 1287 8
156 1296 9
157 1306 10
158 1315 9
159 1323 8
160 1333 10
161 1343 10
162 1353 10
163 1362 9
164 1368 6
165 1378 10
166 1388 10
167 1398 10
168 1408 10
169 1417 9
170 1427 10
171 1437 10
172 1445 8
173 1455 10
174 1464 9
175 1472 8
176 1480 8
177 1488 8
178 1498 10
179 1506 8
180 1514 8
181 1524 10
182 1532 8
183 1542 10
184 1551 9
185 1560 9
186 1568 8
187 1578 10
188 1587 9
189 1596 9
190 1605 9
191 1613 8
192 1619 6
193 1628 9
194 1638 10
195 1647 9
196 1657 10
197 1666 9
198 1675 9
199 1683 8
200 1692 9
201 1701 9
202 1711 10
203 1719 8
204 1729 10
205 1739 10
206 1747 8
207 1755 8
208 1762 7
209 1771 9
210 1781 10
211 1789 8
212 1799 10
213 1807 8
214 1817 10
215 1827 10
216 1835 8
217 1845 10
218 1854 9
219 1864 10
220 1873 9
221 1881 8
222 1890 9
223 1899 9
224 1904 5
225 1912 8
226 1921 9
227 1930 9
228 1939 9
229 1948 9
230 1957 9
231 1967 10
232 1975 8
233 1985 10
234 1995 10
235 2004 9
236 2014 10
237 2023 9
238 2031 8
239 2040 9
240 2050 10
241 2058 8
242 2067 9
243 2077 10
244 2086 9
245 2096 10
246 2106 10
247 2115 9
248 2125 10
249 2133 8
250 2141 8
251 2151 10
252 2160 9
253 2170 10
254 2180 10
255 2190 10
256 2200 10
257 2209 9
258 2219 10
259 2227 8
260 2237 10
261 2246 9
262 2255 9
263 2264 9
264 2274 10
265 2282 8
266 2290 8
267 2299 9
268 2308 9
269 2318 10
270 2326 8
271 2336 10
272 2344 8
273 2352 8
274 2362 10
275 2371 9
276 2380 9
277 2390 10
278 2400 10
279 2409 9
280 2417 8
281 2427 10
282 2434 7
283 2444 10
284 2453 9
285 2463 10
286 2473 10
287 2481 8
288 2490 9
289 2499 9
290 2508 9
291 2516 8
292 2525 9
293 2535 10
294 2545 10
295 2554 9
296 2562 8
297 2571 9
298 2580 9
299 2589 9
300 2599 10
301 2608 9
302 2617 9
303 2626 9
304 2636 10
305 2646 10
306 2655 9
307 2665 10
308 2674 9
309 2683 9
310 2693 10
311 2703 10
312 2711 8
313 2719 8
314 2727 8
315 2736 9
316 2745 9
317 2752 7
318 2761 9
319 2770 9
320 2780 10
321 2789 9
322 2797 8
323 2806 9
324 2814 8
325 2824 10
326 2833 9
327 2841 8
328 2850 9
329 2859 9
330 2869 10
331 2878 9
332 2887 9
333 2896 9
334 2906 10
335 2916 10
336 2924 8
337 2933 9
338 2942 9
339 2951 9
340 2961 10
341 2971 10
342 2979 8
343 2988 9
344 2997 9
345 3005 8
346 3015 10
347 3025 10
348 3035 10
349 3043 8
350 3053 10
351 3061 8
352 3071 10
353 3080 9
354 3089 9
355 3098 9
356 3108 10
357 3117 9
358 3126 9
359 3136 10
360 3146 10
361 3156 10
362 3165 9
363 3175 10
364 3184 9
365 3194 10
366 3201 7
367 3211 10
368 3219 8
369 3229 10
370 3239 10
371 3247 8
372 3257 10
373 3267 10
374 3277 10
375 3286 9
376 3295 9
377 3304 9
378 3313 9
379 3322 9
380 3331 9
381 3341 10
382 3349 8
383 3358 9
384 3366 8
385 3375 9
386 3384 9
387 3393 9
388 3403 10
389 3411 8
390 3420 9
391 3428 8
392 3438 10
393 3446 8
394 3455 9
395 3464 9
396 3474 10
397 3483 9
398 3493 10
399 3503 10
400 3513 10
401 3522 9
402 3532 10
403 3542 10
404 3550 8
405 3558 8
406 3568 10
407 3578 10
408 3587 9
409 3596 9
410 3606 10
411 3615 9
412 3624 9
413 3633 9
414 3643 10
415 3652 9
416 3662 10
417 3671 9
418 3680 9
419 3690 10
420 3697 7
421 3706 9
422 3716 10
423 3725 9
424 3735 10
425 3744 9
426 3754 10
427 3763 9
428 3772 9
429 3782 10
430 3792 10
431 3801 9
432 3811 10
433 3820 9
434 3830 10
435 3839 9
436 3848 9
437 3858 10
438 3867 9
439 3877 10
440 3885 8
441 3894 9
442 3903 9
443 3913 10
444 3920 7
445 3930 10
446 3937 7
447 3947 10
448 3956 9
449 3966 10
450 3976 10
451 3984 8
452 3992 8
453 4002 10
454 4011 9
455 4021 10
456 4031 10
457 4041 10
458 4050 9
459 4060 10
460 4069 9
461 4079 10
462 4088 9
463 4098 10
464 4108 10
465 4118 10
466 4127 9
467 4134 7
468 4143 9
469 4152 9
470 4162 10
471 4171 9
472 4180 9
473 4190 10
474 4199 9
475 4208 9
476 4217 9
477 4226 9
478 4234 8
479 4243 9
480 4253 10
481 4262 9
482 4272 10
483 4281 9
484 4291 10
485 4301 10
486 4310 9
487 4319 9
488 4328 9
489 4337 9
490 4346 9
491 4355 9
492 4364 9
493 4373 9
494 4383 10
495 4393 10
496 4400 7
497 4409 9
498 4418 9
499 4425 7
500 4435 10
