1 4 4
2 9 5
3 14 5
4 19 5
5 27 8
6 34 7
7 40 6
8 45 5
9 52 7
10 59 7
11 66 7
12 74 8
13 82 8
14 90 8
15 98 8
16 105 7
17 112 7
18 121 9
19 127 6
20 133 6
21 141 8
22 147 6
23 156 9
24 165 9
25 174 9
26 183 9
27 192 9
28 201 9
29 210 9
30 217 7
31 227 10
32 234 7
33 244 10
34 254 10
35 263 9
36 272 9
37 282 10
38 290 8
39 299 9
40 307 8
41 315 8
42 323 8
43 331 8
44 341 10
45 351 10
46 360 9
47 369 9
48 378 9
49 385 7
50 394 9
51 403 9
52 413 10
53 423 10
54 432 9
55 442 10
56 450 8
57 457 7
58 467 10
59 477 10
60 485 8
61 491 6
62 500 9
63 510 10
64 519 9
65 528 9
66 537 9
67 546 9
68 555 9
69 565 10
70 573 8
71 581 8
72 589 8
73 598 9
74 608 10
75 617 9
76 626 9
77 635 9
78 643 8
79 653 10
80 663 10
81 672 9
82 682 10
83 691 9
84 700 9
85 709 9
86 719 10
87 728 9
88 736 8
89 745 9
90 754 9
91 763 9
92 773 10
93 782 9
94 791 9
95 801 10
96 810 9
97 819 9
98 828 9
99 837 9
100 844 7
101 853 9
102 863 10
103 873 10
104 883 10
105 892 9
106 901 9
107 910 9
108 920 10
109 930 10
110 940 10
111 948 8
112 958 10
113 968 10
114 977 9
115 986 9
116 994 8
117 1003 9
118 1012 9
119 1022 10
120 1032 10
121 1041 9
122 1050 9
123 1059 9
124 1069 10
125 1079 10
126 1087 8
127 1096 9
128 1106 10
129 1114 8
130 1124 10
131 1133 9
132 1141 8
133 1151 10
134 1160 9
135 1169 9
136 1178 9
137 1185 7
138 1194 9
139 1204 10
140 1214 10
141 1222 8
142 1231 9
143 1241 10
144 1250 9
145 1259 9
146 1268 9
147 1278 10
148 1288 10
149 1296 8
150 1305 9
151 1315 10
152 1323 8
153 1332 9
154 1341 9
155 1350 9
156 1360 10
157 1369 9
158 1377 8
159 1386 9
160 1395 9
161 1403 8
162 1412 9
163 1422 10
164 1431 9
165 1441 10
166 1451 10
167 1460 9
168 1470 10
169 1480 10
170 1489 9
171 1498 9
172 1507 9
173 1514 7
174 1524 10
175 1534 10
176 1542 8
177 1552 10
178 1561 9
179 1570 9
180 1580 10
181 1589 9
182 1599 10
183 1607 8
184 1617 10
185 1626 9
186 1636 10
187 1645 9
188 1654 9
189 1661 7
190 1670 9
191 1679 9
192 1686 7
193 1696 10
194 1705 9
195 1714 9
196 1724 10
197 1732 8
198 1742 10
199 1752 10
200 1762 10
201 1771 9
202 1780 9
203 1789 9
204 1799 10
205 1808 9
206 1817 9
207 1825 8
208 1833 8
209 1841 8
210 1851 10
211 1861 10
212 1868 7
213 1876 8
214 1886 10
215 1896 10
216 1906 10
217 1915 9
218 1925 10
219 1934 9
220 1943 9
221 1951 8
222 1960 9
223 1970 10
224 1979 9
225 1987 8
226 1995 8
227 2005 10
228 2014 9
229 2023 9
230 2033 10
231 2043 10
232 2051 8
233 2058 7
234 2067 9
235 2075 8
236 2084 9
237 2092 8
238 2100 8
239 2109 9
240 2119 10
241 2129 10
242 2136 7
243 2143 7
244 2153 10
245 2163 10
246 2173 10
247 2181 8
248 2189 8
249 2196 7
250 2205 9
251 2215 10
252 2222 7
253 2232 10
254 2241 9
255 2250 9
256 2260 10
257 2269 9
258 2277 8
259 2287 10
260 2297 10
261 2306 9
262 2315 9
263 2325 10
264 2334 9
265 2343 9
266 2352 9
267 2362 10
268 2370 8
269 2380 10
270 2390 10
271 2398 8
272 2408 10
273 2417 9
274 2426 9
275 2435 9
276 2444 9
277 2453 9
278 2461 8
279 2470 9
280 2479 9
281 2488 9
282 2497 9
283 2506 9
284 2516 10
285 2524 8
286 2533 9
287 2542 9
288 2551 9
289 2561 10
290 2569 8
291 2579 10
292 2589 10
293 2597 8
294 2607 10
295 2616 9
296 2626 10
297 2635 9
298 2644 9
299 2654 10
300 2661 7
301 2671 10
302 2678 7
303 2685 7
304 2695 10
305 2705 10
306 2714 9
307 2723 9
308 2731 8
309 2740 9
310 2750 10
311 2760 10
312 2768 8
313 2778 10
314 2787 9
315 2796 9
316 2804 8
317 2812 8
318 2822 10
319 2832 10
320 2839 7
321 2849 10
322 2858 9
323 2867 9
324 2877 10
325 2886 9
326 2896 10
327 2905 9
328 2915 10
329 2924 9
330 2931 7
331 2940 9
332 2950 10
333 2960 10
334 2970 10
335 2978 8
336 2988 10
337 2998 10
338 3008 10
339 3018 10
340 3026 8
341 3036 10
342 3044 8
343 3053 9
344 3062 9
345 3071 9
346 3079 8
347 3089 10
348 3097 8
349 3107 10
350 3116 9
351 3126 10
352 3135 9
353 3145 10
354 3154 9
355 3164 10
356 3173 9
357 3183 10
358 3193 10
359 3202 9
360 3211 9
361 3221 10
362 3231 10
363 3241 10
364 3251 10
365 3261 10
366 3271 10
367 3280 9
368 3290 10
369 3300 10
370 3310 10
371 3320 10
372 3330 10
373 3340 10
374 3348 8
375 3358 10
376 3367 9
377 3374 7
378 3381 7
379 3388 7
380 3396 8
381 3404 8
382 3414 10
383 3424 10
384 3433 9
385 3442 9
386 3452 10
387 3462 10
388 3472 10
389 3482 10
390 3491 9
391 3501 10
392 3510 9
393 3519 9
394 3528 9
395 3537 9
396 3547 10
397 3557 10
398 3567 10
399 3576 9
400 3586 10
401 3596 10
402 3606 10
403 3615 9
404 3625 10
405 3635 10
406 3645 10
407 3655 10
408 3665 10
409 3674 9
410 3683 9
411 3692 9
412 3701 9
413 3710 9
414 3718 8
415 3728 10
416 3738 10
417 3747 9
418 3757 10
419 3767 10
420 3776 9
421 3786 10
422 3795 9
423 3803 8
424 3812 9
425 3821 9
426 3830 9
427 3839 9
428 3849 10
429 3859 10
430 3869 10
431 3878 9
432 3888 10
433 3897 9
434 3905 8
435 3915 10
436 3924 9
437 3933 9
438 3943 10
439 3951 8
440 3961 10
441 3970 9
442 3979 9
443 3989 10
444 3998 9
445 4007 9
446 4016 9
447 4025 9
448 4035 10
449 4044 9
450 4053 9
451 4062 9
452 4072 10
453 4082 10
454 4092 10
455 4101 9
456 4110 9
457 4120 10
458 4129 9
459 4134 5
460 4143 9
461 4153 10
462 4163 10
463 4171 8
464 4178 7
465 4188 10
466 4198 10
467 4206 8
468 4216 10
469 4226 10
470 4236 10
471 4246 10
472 4256 10
473 4266 10
474 4275 9
475 4283 8
476 4292 9
477 4300 8
478 4309 9
479 4319 10
480 4329 10
481 4339 10
482 4346 7
483 4356 10
484 4366 10
485 4376 10
486 4386 10
487 4395 9
488 4402 7
489 4408 6
490 4417 9
491 4427 10
492 4437 10
493 4447 10
494 4457 10
495 4466 9
496 4476 10
497 4486 10
498 4496 10
499 4506 10
500 4516 10
