1 6 6
2 9 3
3 12 3
4 17 5
5 23 6
6 30 7
7 38 8
8 46 8
9 52 6
10 56 4
11 64 8
12 72 8
13 78 6
14 86 8
15 96 10
16 104 8
17 112 8
18 121 9
19 130 9
20 139 9
21 147 8
22 154 7
23 160 6
24 168 8
25 176 8
26 182 6
27 189 7
28 197 8
29 205 8
30 213 8
31 222 9
32 232 10
33 241 9
34 251 10
35 261 10
36 268 7
37 278 10
38 284 6
39 293 9
40 303 10
41 310 7
42 319 9
43 328 9
44 336 8
45 346 10
46 355 9
47 364 9
48 373 9
49 382 9
50 391 9
51 399 8
52 408 9
53 418 10
54 427 9
55 435 8
56 444 9
57 452 8
58 462 10
59 471 9
60 479 8
61 488 9
62 497 9
63 505 8
64 515 10
65 525 10
66 534 9
67 540 6
68 550 10
69 560 10
70 570 10
71 577 7
72 586 9
73 596 10
74 604 8
75 612 8
76 621 9
77 629 8
78 638 9
79 647 9
80 656 9
81 664 8
82 674 10
83 684 10
84 693 9
85 702 9
86 711 9
87 720 9
88 729 9
89 739 10
90 748 9
91 758 10
92 768 10
93 778 10
94 788 10
95 797 9
96 806 9
97 816 10
98 823 7
99 833 10
100 842 9
101 852 10
102 860 8
103 869 9
104 878 9
105 888 10
106 896 8
107 905 9
108 914 9
109 923 9
110 932 9
111 940 8
112 949 9
113 958 9
114 967 9
115 977 10
116 987 10
117 995 8
118 1004 9
119 1011 7
120 1019 8
121 1029 10
122 1039 10
123 1049 10
124 1059 10
125 1069 10
126 1079 10
127 1088 9
128 1097 9
129 1107 10
130 1116 9
131 1125 9
132 1132 7
133 1142 10
134 1150 8
135 1159 9
136 1169 10
137 1177 8
138 1186 9
139 1193 7
140 1202 9
141 1212 10
142 1220 8
143 1228 8
144 1238 10
145 1248 10
146 1256 8
147 1266 10
148 1274 8
149 1282 8
150 1290 8
151 1298 8
152 1305 7
153 1313 8
154 1323 10
155 1333 10
156 1343 10
157 1350 7
158 1359 9
159 1369 10
160 1379 10
161 1388 9
162 1398 10
163 1408 10
164 1417 9
165 1425 8
166 1434 9
167 1442 8
168 1452 10
169 1461 9
170 1470 9
171 1480 10
172 1488 8
173 1496 8
174 1506 10
175 1515 9
176 1525 10
177 1535 10
178 1544 9
179 1554 10
180 1564 10
181 1574 10
182 1581 7
183 1589 8
184 1597 8
185 1605 8
186 1615 10
187 1624 9
188 1632 8
189 1641 9
190 1650 9
191 1659 9
192 1668 9
193 1678 10
194 1687 9
195 1696 9
196 1706 10
197 1714 8
198 1723 9
199 1733 10
200 1742 9
201 1751 9
202 1761 10
203 1770 9
204 1779 9
205 1787 8
206 1796 9
207 1805 9
208 1814 9
209 1824 10
210 1834 10
211 1843 9
212 1851 8
213 1860 9
214 1868 8
215 1878 10
216 1887 9
217 1896 9
218 1905 9
219 1914 9
220 1923 9
221 1933 10
222 1940 7
223 1949 9
224 1959 10
225 1967 8
226 1974 7
227 1983 9
228 1993 10
229 2003 10
230 2012 9
231 2021 9
232 2030 9
233 2040 10
234 2049 9
235 2059 10
236 2069 10
237 2079 10
238 2088 9
239 2098 10
240 2108 10
241 2118 10
242 2126 8
243 2134 8
244 2143 9
245 2150 7
246 2160 10
247 2170 10
248 2179 9
249 2189 10
250 2198 9
251 2207 9
252 2216 9
253 2225 9
254 2235 10
255 2243 8
256 2252 9
257 2261 9
258 2269 8
259 2278 9
260 2288 10
261 2296 8
262 2305 9
263 2314 9
264 2324 10
265 2333 9
266 2343 10
267 2351 8
268 2360 9
269 2370 10
270 2378 8
271 2388 10
272 2398 10
273 2406 8
274 2415 9
275 2425 10
276 2435 10
277 2445 10
278 2455 10
279 2465 10
280 2475 10
281 2485 10
282 2495 10
283 2505 10
284 2515 10
285 2525 10
286 2535 10
287 2544 9
288 2552 8
289 2561 9
290 2570 9
291 2579 9
292 2588 9
293 2597 9
294 2607 10
295 2616 9
296 2625 9
297 2634 9
298 2643 9
299 2652 9
300 2661 9
301 2669 8
302 2679 10
303 2689 10
304 2698 9
305 2708 10
306 2715 7
307 2724 9
308 2734 10
309 2743 9
310 2753 10
311 2763 10
312 2773 10
313 2783 10
314 2792 9
315 2802 10
316 2810 8
317 2819 9
318 2828 9
319 2838 10
320 2847 9
321 2857 10
322 2867 10
323 2876 9
324 2886 10
325 2895 9
326 2904 9
327 2913 9
328 2922 9
329 2931 9
330 2940 9
331 2950 10
332 2959 9
333 2969 10
334 2979 10
335 2987 8
336 2994 7
337 3003 9
338 3013 10
339 3023 10
340 3031 8
341 3040 9
342 3050 10
343 3060 10
344 3069 9
345 3077 8
346 3087 10
347 3097 10
348 3107 10
349 3117 10
350 3127 10
351 3135 8
352 3145 10
353 3155 10
354 3163 8
355 3172 9
356 3181 9
357 3191 10
358 3201 10
359 3211 10
360 3221 10
361 3229 8
362 3239 10
363 3247 8
364 3257 10
365 3267 10
366 3276 9
367 3286 10
368 3295 9
369 3304 9
370 3312 8
371 3322 10
372 3332 10
373 3341 9
374 3351 10
375 3361 10
376 3370 9
377 3379 9
378 3388 9
379 3397 9
380 3403 6
381 3411 8
382 3419 8
383 3428 9
384 3438 10
385 3446 8
386 3456 10
387 3466 10
388 3476 10
389 3485 9
390 3495 10
391 3505 10
392 3513 8
393 3523 10
394 3533 10
395 3543 10
396 3551 8
397 3559 8
398 3569 10
399 3579 10
400 3588 9
401 3597 9
402 3606 9
403 3616 10
404 3626 10
405 3636 10
406 3645 9
407 3651 6
408 3660 9
409 3670 10
410 3679 9
411 3687 8
412 3697 10
413 3707 10
414 3717 10
415 3725 8
416 3735 10
417 3744 9
418 3754 10
419 3764 10
420 3774 10
421 3783 9
422 3793 10
423 3802 9
424 3811 9
425 3820 9
426 3828 8
427 3837 9
428 3846 9
429 3854 8
430 3864 10
431 3873 9
432 3879 6
433 3888 9
434 3897 9
435 3905 8
436 3915 10
437 3924 9
438 3933 9
439 3943 10
440 3953 10
441 3963 10
442 3972 9
443 3982 10
444 3991 9
445 4001 10
446 4011 10
447 4020 9
448 4030 10
449 4040 10
450 4050 10
451 4059 9
452 4067 8
453 4077 10
454 4087 10
455 4097 10
456 4107 10
457 4116 9
458 4126 10
459 4136 10
460 4142 6
461 4151 9
462 4161 10
463 4171 10
464 4180 9
465 4190 10
466 4199 9
467 4208 9
468 4217 9
469 4227 10
470 4236 9
471 4245 9
472 4254 9
473 4262 8
474 4272 10
475 4280 8
476 4290 10
477 4300 10
478 4308 8
479 4318 10
480 4327 9
481 4335 8
482 4344 9
483 4354 10
484 4364 10
485 4374 10
486 4384 10
487 4393 9
488 4402 9
489 4411 9
490 4418 7
491 4427 9
492 4436 9
493 4446 10
494 4456 10
495 4465 9
496 4473 8
497 4482 9
498 4492 10
499 4501 9
500 4511 10
