1 6 6
2 10 4
3 14 4
4 22 8
5 29 7
6 34 5
7 41 7
8 48 7
9 55 7
10 60 5
11 67 7
12 73 6
13 80 7
14 84 4
15 93 9
16 97 4
17 105 8
18 115 10
19 124 9
20 132 8
21 141 9
22 150 9
23 156 6
24 165 9
25 174 9
26 181 7
27 189 8
28 198 9
29 207 9
30 215 8
31 224 9
32 231 7
33 238 7
34 246 8
35 256 10
36 263 7
37 272 9
38 281 9
39 290 9
40 299 9
41 308 9
42 317 9
43 325 8
44 334 9
45 342 8
46 352 10
47 362 10
48 371 9
49 380 9
50 388 8
51 397 9
52 404 7
53 413 9
54 422 9
55 431 9
56 441 10
57 448 7
58 456 8
59 466 10
60 476 10
61 485 9
62 493 8
63 503 10
64 511 8
65 520 9
66 528 8
67 538 10
68 547 9
69 554 7
70 563 9
71 573 10
72 582 9
73 592 10
74 602 10
75 612 10
76 621 9
77 629 8
78 639 10
79 647 8
80 657 10
81 667 10
82 676 9
83 685 9
84 694 9
85 702 8
86 712 10
87 720 8
88 730 10
89 739 9
90 748 9
91 757 9
92 767 10
93 774 7
94 784 10
95 794 10
96 804 10
97 811 7
98 818 7
99 826 8
100 835 9
101 844 9
102 853 9
103 860 7
104 870 10
105 879 9
106 889 10
107 899 10
108 907 8
109 916 9
110 925 9
111 934 9
112 943 9
113 953 10
114 963 10
115 970 7
116 979 9
117 989 10
118 998 9
119 1007 9
120 1017 10
121 1026 9
122 1035 9
123 1045 10
124 1054 9
125 1063 9
126 1072 9
127 1082 10
128 1092 10
129 1100 8
130 1109 9
131 1116 7
132 1125 9
133 1134 9
134 1143 9
135 1152 9
136 1161 9
137 1170 9
138 1180 10
139 1188 8
140 1196 8
141 1205 9
142 1214 9
143 1224 10
144 1232 8
145 1242 10
146 1252 10
147 1262 10
148 1271 9
149 1281 10
150 1289 8
151 1299 10
152 1308 9
153 1317 9
154 1327 10
155 1337 10
156 1346 9
157 1355 9
158 1364 9
159 1373 9
160 1382 9
161 1391 9
162 1397 6
163 1405 8
164 1413 8
165 1423 10
166 1433 10
167 1442 9
168 1452 10
169 1461 9
170 1470 9
171 1480 10
172 1489 9
173 1499 10
174 1508 9
175 1516 8
176 1525 9
177 1534 9
178 1543 9
179 1553 10
180 1562 9
181 1571 9
182 1580 9
183 1589 9
184 1599 10
185 1607 8
186 1617 10
187 1627 10
188 1637 10
189 1645 8
190 1655 10
191 1664 9
192 1674 10
193 1684 10
194 1692 8
195 1700 8
196 1709 9
197 1719 10
198 1726 7
199 1735 9
200 1743 8
201 1753 10
202 1761 8
203 1768 7
204 1775 7
205 1785 10
206 1792 7
207 1802 10
208 1811 9
209 1820 9
210 1828 8
211 1836 8
212 1845 9
213 1854 9
214 1864 10
215 1873 9
216 1881 8
217 1889 8
218 1897 8
219 1905 8
220 1915 10
221 1925 10
222 1935 10
223 1943 8
224 1950 7
225 1959 9
226 1969 10
227 1977 8
228 1986 9
229 1996 10
230 2006 10
231 2013 7
232 2023 10
233 2032 9
234 2042 10
235 2049 7
236 2059 10
237 2067 8
238 2077 10
239 2086 9
240 2094 8
241 2102 8
242 2112 10
243 2122 10
244 2130 8
245 2139 9
246 2149 10
247 2158 9
248 2168 10
249 2177 9
250 2187 10
251 2195 8
252 2205 10
253 2215 10
254 2221 6
255 2231 10
256 2239 8
257 2247 8
258 2255 8
259 2264 9
260 2272 8
261 2281 9
262 2290 9
263 2300 10
264 2310 10
265 2318 8
266 2328 10
267 2338 10
268 2348 10
269 2357 9
270 2367 10
271 2376 9
272 2384 8
273 2393 9
274 2403 10
275 2413 10
276 2423 10
277 2432 9
278 2440 8
279 2449 9
280 2459 10
281 2466 7
282 2476 10
283 2486 10
284 2496 10
285 2506 10
286 2515 9
287 2523 8
288 2531 8
289 2541 10
290 2550 9
291 2558 8
292 2567 9
293 2576 9
294 2585 9
295 2595 10
296 2603 8
297 2611 8
298 2620 9
299 2630 10
300 2639 9
301 2647 8
302 2656 9
303 2664 8
304 2674 10
305 2683 9
306 2693 10
307 2702 9
308 2711 9
309 2721 10
310 2730 9
311 2737 7
312 2746 9
313 2756 10
314 2766 10
315 2776 10
316 2784 8
317 2793 9
318 2802 9
319 2809 7
320 2818 9
321 2827 9
322 2836 9
323 2844 8
324 2853 9
325 2863 10
326 2872 9
327 2881 9
328 2891 10
329 2900 9
330 2910 10
331 2919 9
332 2928 9
333 2935 7
334 2944 9
335 2952 8
336 2959 7
337 2969 10
338 2979 10
339 2989 10
340 2998 9
341 3008 10
342 3016 8
343 3025 9
344 3034 9
345 3044 10
346 3051 7
347 3061 10
348 3070 9
349 3079 9
350 3088 9
351 3096 8
352 3105 9
353 3114 9
354 3122 8
355 3130 8
356 3140 10
357 3150 10
358 3158 8
359 3166 8
360 3176 10
361 3185 9
362 3195 10
363 3205 10
364 3212 7
365 3222 10
366 3232 10
367 3242 10
368 3252 10
369 3261 9
370 3270 9
371 3278 8
372 3288 10
373 3297 9
374 3307 10
375 3316 9
376 3326 10
377 3334 8
378 3344 10
379 3354 10
380 3363 9
381 3373 10
382 3382 9
383 3392 10
384 3402 10
385 3410 8
386 3419 9
387 3429 10
388 3438 9
389 3448 10
390 3455 7
391 3464 9
392 3473 9
393 3481 8
394 3490 9
395 3499 9
396 3508 9
397 3517 9
398 3527 10
399 3536 9
400 3546 10
401 3555 9
402 3563 8
403 3570 7
404 3579 9
405 3587 8
406 3596 9
407 3606 10
408 3614 8
409 3623 9
410 3633 10
411 3643 10
412 3652 9
413 3661 9
414 3670 9
415 3678 8
416 3686 8
417 3696 10
418 3705 9
419 3714 9
420 3724 10
421 3733 9
422 3742 9
423 3750 8
424 3760 10
425 3768 8
426 3777 9
427 3786 9
428 3796 10
429 3806 10
430 3814 8
431 3822 8
432 3832 10
433 3842 10
434 3852 10
435 3861 9
436 3871 10
437 3881 10
438 3890 9
439 3897 7
440 3907 10
441 3916 9
442 3925 9
443 3935 10
444 3943 8
445 3951 8
446 3960 9
447 3968 8
448 3976 8
449 3986 10
450 3994 8
451 4002 8
452 4012 10
453 4022 10
454 4032 10
455 4041 9
456 4051 10
457 4059 8
458 4069 10
459 4078 9
460 4086 8
461 4094 8
462 4103 9
463 4112 9
464 4121 9
465 4131 10
466 4141 10
467 4149 8
468 4157 8
469 4165 8
470 4175 10
471 4184 9
472 4193 9
473 4203 10
474 4212 9
475 4222 10
476 4232 10
477 4241 9
478 4249 8
479 4258 9
480 4268 10
481 4277 9
482 4285 8
483 4294 9
484 4303 9
485 4312 9
486 4321 9
487 4329 8
488 4339 10
489 4348 9
490 4357 9
491 4367 10
492 4377 10
493 4387 10
494 4397 10
495 4407 10
496 4416 9
497 4425 9
498 4434 9
499 4443 9
500 4452 9
