1 7 7
2 12 5
3 21 9
4 27 6
5 33 6
6 40 7
7 48 8
8 55 7
9 62 7
10 68 6
11 75 7
12 79 4
13 86 7
14 95 9
15 102 7
16 112 10
17 121 9
18 130 9
19 139 9
20 147 8
21 154 7
22 162 8
23 170 8
24 179 9
25 189 10
26 193 4
27 203 10
28 213 10
29 223 10
30 232 9
31 242 10
32 252 10
33 261 9
34 268 7
35 276 8
36 284 8
37 290 6
38 299 9
39 307 8
40 316 9
41 326 10
42 333 7
43 342 9
44 351 9
45 361 10
46 368 7
47 377 9
48 387 10
49 395 8
50 403 8
51 411 8
52 420 9
53 428 8
54 435 7
55 444 9
56 454 10
57 462 8
58 469 7
59 477 8
60 484 7
61 494 10
62 502 8
63 509 7
64 515 6
65 524 9
66 532 8
67 541 9
68 550 9
69 559 9
70 568 9
71 576 8
72 585 9
73 592 7
74 601 9
75 609 8
76 618 9
77 628 10
78 637 9
79 647 10
80 656 9
81 663 7
82 672 9
83 680 8
84 690 10
85 696 6
86 705 9
87 713 8
88 721 8
89 731 10
90 740 9
91 749 9
92 756 7
93 765 9
94 774 9
95 782 8
96 790 8
97 800 10
98 807 7
99 817 10
100 827 10
101 834 7
102 843 9
103 851 8
104 858 7
105 867 9
106 876 9
107 885 9
108 894 9
109 903 9
110 910 7
111 920 10
112 930 10
113 939 9
114 948 9
115 958 10
116 968 10
117 977 9
118 987 10
119 996 9
120 1005 9
121 1015 10
122 1022 7
123 1031 9
124 1040 9
125 1050 10
126 1060 10
127 1069 9
128 1077 8
129 1087 10
130 1097 10
131 1107 10
132 1117 10
133 1127 10
134 1137 10
135 1146 9
136 1155 9
137 1163 8
138 1173 10
139 1180 7
140 1190 10
141 1199 9
142 1208 9
143 1216 8
144 1226 10
145 1235 9
146 1244 9
147 1254 10
148 1264 10
149 1274 10
150 1283 9
151 1292 9
152 1300 8
153 1309 9
154 1318 9
155 1327 9
156 1335 8
157 1344 9
158 1354 10
159 1364 10
160 1373 9
161 1380 7
162 1388 8
163 1398 10
164 1404 6
165 1414 10
166 1422 8
167 1431 9
168 1441 10
169 1450 9
170 1459 9
171 1469 10
172 1478 9
173 1488 10
174 1498 10
175 1508 10
176 1518 10
177 1527 9
178 1537 10
179 1547 10
180 1554 7
181 1564 10
182 1573 9
183 1582 9
184 1590 8
185 1599 9
186 1609 10
187 1618 9
188 1628 10
189 1638 10
190 1648 10
191 1656 8
192 1666 10
193 1676 10
194 1686 10
195 1696 10
196 1705 9
197 1714 9
198 1721 7
199 1731 10
200 1740 9
201 1749 9
202 1757 8
203 1767 10
204 1775 8
205 1785 10
206 1794 9
207 1802 8
208 1811 9
209 1821 10
210 1831 10
211 1839 8
212 1849 10
213 1858 9
214 1868 10
215 1878 10
216 1888 10
217 1898 10
218 1907 9
219 1914 7
220 1924 10
221 1934 10
222 1943 9
223 1953 10
224 1962 9
225 1972 10
226 1982 10
227 1991 9
228 2001 10
229 2011 10
230 2021 10
231 2030 9
232 2040 10
233 2050 10
234 2058 8
235 2067 9
236 2076 9
237 2084 8
238 2092 8
239 2101 9
240 2111 10
241 2120 9
242 2130 10
243 2139 9
244 2149 10
245 2159 10
246 2169 10
247 2178 9
248 2188 10
249 2198 10
250 2205 7
251 2214 9
252 2224 10
253 2230 6
254 2240 10
255 2250 10
256 2260 10
257 2270 10
258 2280 10
259 2289 9
260 2296 7
261 2306 10
262 2316 10
263 2326 10
264 2336 10
265 2345 9
266 2352 7
267 2362 10
268 2371 9
269 2381 10
270 2390 9
271 2399 9
272 2407 8
273 2417 10
274 2427 10
275 2435 8
276 2445 10
277 2455 10
278 2465 10
279 2474 9
280 2484 10
281 2494 10
282 2504 10
283 2513 9
284 2523 10
285 2532 9
286 2541 9
287 2551 10
288 2559 8
289 2569 10
290 2578 9
291 2588 10
292 2597 9
293 2607 10
294 2616 9
295 2626 10
296 2633 7
297 2643 10
298 2653 10
299 2662 9
300 2671 9
301 2679 8
302 2689 10
303 2697 8
304 2706 9
305 2716 10
306 2725 9
307 2735 10
308 2745 10
309 2754 9
310 2764 10
311 2774 10
312 2783 9
313 2792 9
314 2801 9
315 2810 9
316 2820 10
317 2829 9
318 2839 10
319 2848 9
320 2858 10
321 2868 10
322 2878 10
323 2887 9
324 2896 9
325 2906 10
326 2915 9
327 2924 9
328 2933 9
329 2942 9
330 2952 10
331 2962 10
332 2971 9
333 2980 9
334 2989 9
335 2998 9
336 3006 8
337 3015 9
338 3025 10
339 3034 9
340 3044 10
341 3053 9
342 3061 8
343 3071 10
344 3081 10
345 3089 8
346 3099 10
347 3108 9
348 3117 9
349 3125 8
350 3134 9
351 3143 9
352 3151 8
353 3160 9
354 3170 10
355 3180 10
356 3188 8
357 3198 10
358 3207 9
359 3216 9
360 3224 8
361 3232 8
362 3242 10
363 3252 10
364 3261 9
365 3268 7
366 3277 9
367 3286 9
368 3296 10
369 3304 8
370 3314 10
371 3321 7
372 3329 8
373 3337 8
374 3347 10
375 3356 9
376 3364 8
377 3374 10
378 3383 9
379 3391 8
380 3400 9
381 3409 9
382 3417 8
383 3427 10
384 3437 10
385 3446 9
386 3456 10
387 3465 9
388 3475 10
389 3485 10
390 3495 10
391 3504 9
392 3513 9
393 3523 10
394 3533 10
395 3540 7
396 3549 9
397 3559 10
398 3569 10
399 3577 8
400 3586 9
401 3596 10
402 3605 9
403 3613 8
404 3623 10
405 3632 9
406 3641 9
407 3649 8
408 3659 10
409 3668 9
410 3678 10
411 3686 8
412 3696 10
413 3706 10
414 3716 10
415 3723 7
416 3733 10
417 3741 8
418 3750 9
419 3759 9
420 3768 9
421 3776 8
422 3785 9
423 3794 9
424 3804 10
425 3813 9
426 3823 10
427 3831 8
428 3839 8
429 3846 7
430 3856 10
431 3865 9
432 3875 10
433 3883 8
434 3891 8
435 3899 8
436 3909 10
437 3917 8
438 3926 9
439 3936 10
440 3945 9
441 3954 9
442 3964 10
443 3973 9
444 3983 10
445 3992 9
446 4000 8
447 4010 10
448 4019 9
449 4029 10
450 4039 10
451 4049 10
452 4057 8
453 4066 9
454 4075 9
455 4085 10
456 4094 9
457 4103 9
458 4111 8
459 4121 10
460 4129 8
461 4139 10
462 4149 10
463 4159 10
464 4167 8
465 4177 10
466 4186 9
467 4195 9
468 4205 10
469 4215 10
470 4223 8
471 4232 9
472 4240 8
473 4250 10
474 4259 9
475 4268 9
476 4278 10
477 4288 10
478 4298 10
479 4308 10
480 4318 10
481 4328 10
482 4337 9
483 4346 9
484 4356 10
485 4366 10
486 4376 10
487 4386 10
488 4396 10
489 4406 10
490 4415 9
491 4425 10
492 4435 10
493 4443 8
494 4452 9
495 4461 9
496 4470 9
497 4479 9
498 4489 10
499 4499 10
500 4508 9
