1 4 4
2 11 7
3 17 6
4 23 6
5 29 6
6 34 5
7 39 5
8 47 8
9 53 6
10 60 7
11 67 7
12 72 5
13 82 10
14 90 8
15 96 6
16 103 7
17 112 9
18 119 7
19 125 6
20 132 7
21 138 6
22 147 9
23 154 7
24 160 6
25 168 8
26 178 10
27 187 9
28 194 7
29 202 8
30 211 9
31 217 6
32 225 8
33 233 8
34 242 9
35 252 10
36 259 7
37 268 9
38 275 7
39 283 8
40 290 7
41 297 7
42 306 9
43 316 10
44 325 9
45 334 9
46 341 7
47 351 10
48 361 10
49 369 8
50 377 8
51 385 8
52 394 9
53 404 10
54 411 7
55 420 9
56 429 9
57 438 9
58 444 6
59 452 8
60 462 10
61 471 9
62 480 9
63 489 9
64 497 8
65 506 9
66 514 8
67 524 10
68 533 9
69 542 9
70 551 9
71 559 8
72 568 9
73 575 7
74 584 9
75 592 8
76 600 8
77 610 10
78 619 9
79 628 9
80 636 8
81 645 9
82 655 10
83 664 9
84 673 9
85 681 8
86 690 9
87 700 10
88 709 9
89 719 10
90 728 9
91 734 6
92 742 8
93 751 9
94 761 10
95 771 10
96 781 10
97 790 9
98 798 8
99 806 8
100 815 9
101 825 10
102 832 7
103 841 9
104 850 9
105 860 10
106 869 9
107 877 8
108 886 9
109 895 9
110 903 8
111 910 7
112 918 8
113 927 9
114 933 6
115 942 9
116 951 9
117 959 8
118 967 8
119 977 10
120 986 9
121 996 10
122 1005 9
123 1015 10
124 1024 9
125 1032 8
126 1042 10
127 1050 8
128 1060 10
129 1068 8
130 1078 10
131 1085 7
132 1095 10
133 1104 9
134 1114 10
135 1124 10
136 1131 7
137 1139 8
138 1149 10
139 1158 9
140 1167 9
141 1177 10
142 1187 10
143 1195 8
144 1204 9
145 1214 10
146 1222 8
147 1232 10
148 1241 9
149 1250 9
150 1259 9
151 1267 8
152 1276 9
153 1283 7
154 1293 10
155 1303 10
156 1310 7
157 1319 9
158 1329 10
159 1338 9
160 1347 9
161 1356 9
162 1364 8
163 1374 10
164 1384 10
165 1394 10
166 1403 9
167 1412 9
168 1422 10
169 1431 9
170 1440 9
171 1448 8
172 1458 10
173 1468 10
174 1478 10
175 1485 7
176 1495 10
177 1504 9
178 1513 9
179 1521 8
180 1530 9
181 1540 10
182 1547 7
183 1557 10
184 1566 9
185 1575 9
186 1583 8
187 1593 10
188 1603 10
189 1613 10
190 1623 10
191 1632 9
192 1642 10
193 1652 10
194 1662 10
195 1671 9
196 1679 8
197 1687 8
198 1697 10
199 1706 9
200 1715 9
201 1725 10
202 1733 8
203 1742 9
204 1751 9
205 1760 9
206 1769 9
207 1777 8
208 1786 9
209 1796 10
210 1805 9
211 1813 8
212 1822 9
213 1831 9
214 1840 9
215 1849 9
216 1857 8
217 1866 9
218 1875 9
219 1884 9
220 1894 10
221 1904 10
222 1914 10
223 1924 10
224 1933 9
225 1942 9
226 1952 10
227 1961 9
228 1971 10
229 1980 9
230 1988 8
231 1997 9
232 2007 10
233 2016 9
234 2026 10
235 2035 9
236 2044 9
237 2054 10
238 2061 7
239 2069 8
240 2079 10
241 2089 10
242 2097 8
243 2107 10
244 2116 9
245 2124 8
246 2133 9
247 2142 9
248 2151 9
249 2161 10
250 2170 9
251 2178 8
252 2187 9
253 2197 10
254 2205 8
255 2214 9
256 2223 9
257 2233 10
258 2242 9
259 2251 9
260 2259 8
261 2268 9
262 2277 9
263 2285 8
264 2294 9
265 2304 10
266 2314 10
267 2323 9
268 2333 10
269 2342 9
270 2351 9
271 2361 10
272 2371 10
273 2381 10
274 2389 8
275 2398 9
276 2407 9
277 2417 10
278 2427 10
279 2437 10
280 2447 10
281 2456 9
282 2465 9
283 2474 9
284 2484 10
285 2494 10
286 2503 9
287 2512 9
288 2522 10
289 2531 9
290 2540 9
291 2550 10
292 2559 9
293 2569 10
294 2579 10
295 2589 10
296 2599 10
297 2608 9
298 2618 10
299 2627 9
300 2636 9
301 2645 9
302 2655 10
303 2665 10
304 2672 7
305 2682 10
306 2692 10
307 2701 9
308 2710 9
309 2719 9
310 2729 10
311 2739 10
312 2749 10
313 2759 10
314 2769 10
315 2778 9
316 2787 9
317 2797 10
318 2804 7
319 2814 10
320 2823 9
321 2832 9
322 2842 10
323 2850 8
324 2859 9
325 2866 7
326 2875 9
327 2884 9
328 2894 10
329 2904 10
330 2913 9
331 2923 10
332 2933 10
333 2941 8
334 2949 8
335 2958 9
336 2968 10
337 2975 7
338 2984 9
339 2994 10
340 3004 10
341 3013 9
342 3023 10
343 3033 10
344 3043 10
345 3053 10
346 3063 10
347 3073 10
348 3082 9
349 3092 10
350 3101 9
351 3110 9
352 3119 9
353 3129 10
354 3139 10
355 3149 10
356 3159 10
357 3168 9
358 3178 10
359 3187 9
360 3197 10
361 3206 9
362 3216 10
363 3226 10
364 3236 10
365 3245 9
366 3254 9
367 3263 9
368 3270 7
369 3280 10
370 3290 10
371 3298 8
372 3307 9
373 3316 9
374 3326 10
375 3335 9
376 3344 9
377 3354 10
378 3364 10
379 3374 10
380 3384 10
381 3394 10
382 3404 10
383 3414 10
384 3423 9
385 3433 10
386 3441 8
387 3450 9
388 3460 10
389 3470 10
390 3479 9
391 3488 9
392 3496 8
393 3505 9
394 3515 10
395 3525 10
396 3533 8
397 3543 10
398 3553 10
399 3561 8
400 3569 8
401 3578 9
402 3588 10
403 3597 9
404 3606 9
405 3615 9
406 3624 9
407 3633 9
408 3643 10
409 3651 8
410 3661 10
411 3671 10
412 3681 10
413 3691 10
414 3701 10
415 3708 7
416 3717 9
417 3727 10
418 3737 10
419 3746 9
420 3756 10
421 3765 9
422 3775 10
423 3785 10
424 3795 10
425 3804 9
426 3814 10
427 3822 8
428 3832 10
429 3841 9
430 3851 10
431 3860 9
432 3870 10
433 3879 9
434 3889 10
435 3898 9
436 3908 10
437 3917 9
438 3926 9
439 3935 9
440 3945 10
441 3955 10
442 3964 9
443 3973 9
444 3982 9
445 3991 9
446 4000 9
447 4010 10
448 4019 9
449 4027 8
450 4037 10
451 4046 9
452 4056 10
453 4066 10
454 4075 9
455 4085 10
456 4093 8
457 4103 10
458 4113 10
459 4122 9
460 4129 7
461 4138 9
462 4148 10
463 4157 9
464 4167 10
465 4176 9
466 4186 10
467 4196 10
468 4204 8
469 4213 9
470 4223 10
471 4233 10
472 4242 9
473 4252 10
474 4261 9
475 4270 9
476 4280 10
477 4289 9
478 4299 10
479 4307 8
480 4316 9
481 4324 8
482 4333 9
483 4341 8
484 4350 9
485 4359 9
486 4367 8
487 4377 10
488 4387 10
489 4396 9
490 4405 9
491 4415 10
492 4425 10
493 4434 9
494 4442 8
495 4450 8
496 4460 10
497 4469 9
498 4479 10
499 4488 9
500 4496 8
