1 4 4
2 10 6
3 17 7
4 22 5
5 31 9
6 36 5
7 42 6
8 47 5
9 55 8
10 60 5
11 67 7
12 75 8
13 83 8
14 91 8
15 99 8
16 107 8
17 116 9
18 124 8
19 133 9
20 139 6
21 146 7
22 155 9
23 163 8
24 170 7
25 178 8
26 185 7
27 194 9
28 201 7
29 208 7
30 217 9
31 225 8
32 230 5
33 238 8
34 245 7
35 254 9
36 262 8
37 270 8
38 278 8
39 287 9
40 297 10
41 306 9
42 315 9
43 323 8
44 331 8
45 341 10
46 350 9
47 357 7
48 367 10
49 374 7
50 383 9
51 390 7
52 399 9
53 408 9
54 418 10
55 427 9
56 437 10
57 445 8
58 453 8
59 461 8
60 468 7
61 477 9
62 486 9
63 493 7
64 502 9
65 511 9
66 519 8
67 528 9
68 534 6
69 540 6
70 549 9
71 559 10
72 569 10
73 577 8
74 587 10
75 596 9
76 606 10
77 614 8
78 621 7
79 630 9
80 638 8
81 646 8
82 655 9
83 665 10
84 675 10
85 685 10
86 694 9
87 703 9
88 712 9
89 719 7
90 728 9
91 736 8
92 743 7
93 752 9
94 762 10
95 771 9
96 780 9
97 789 9
98 799 10
99 808 9
100 816 8
101 826 10
102 835 9
103 844 9
104 851 7
105 858 7
106 868 10
107 876 8
108 885 9
109 895 10
110 904 9
111 912 8
112 922 10
113 931 9
114 940 9
115 947 7
116 955 8
117 964 9
118 972 8
119 982 10
120 991 9
121 1001 10
122 1011 10
123 1019 8
124 1029 10
125 1039 10
126 1049 10
127 1058 9
128 1068 10
129 1075 7
130 1084 9
131 1094 10
132 1104 10
133 1112 8
134 1121 9
135 1130 9
136 1138 8
137 1148 10
138 1158 10
139 1168 10
140 1178 10
141 1186 8
142 1194 8
143 1204 10
144 1214 10
145 1223 9
146 1231 8
147 1239 8
148 1249 10
149 1258 9
150 1267 9
151 1276 9
152 1286 10
153 1296 10
154 1306 10
155 1316 10
156 1326 10
157 1336 10
158 1346 10
159 1356 10
160 1365 9
161 1375 10
162 1384 9
163 1394 10
164 1403 9
165 1413 10
166 1422 9
167 1432 10
168 1440 8
169 1449 9
170 1458 9
171 1466 8
172 1475 9
173 1485 10
174 1494 9
175 1503 9
176 1512 9
177 1520 8
178 1530 10
179 1539 9
180 1549 10
181 1556 7
182 1564 8
183 1573 9
184 1583 10
185 1592 9
186 1600 8
187 1610 10
188 1619 9
189 1628 9
190 1638 10
191 1648 10
192 1658 10
193 1667 9
194 1677 10
195 1687 10
196 1695 8
197 1705 10
198 1714 9
199 1724 10
200 1734 10
201 1743 9
202 1752 9
203 1762 10
204 1771 9
205 1781 10
206 1790 9
207 1799 9
208 1808 9
209 1817 9
210 1826 9
211 1834 8
212 1842 8
213 1851 9
214 1860 9
215 1870 10
216 1879 9
217 1888 9
218 1896 8
219 1906 10
220 1916 10
221 1926 10
222 1936 10
223 1946 10
224 1955 9
225 1965 10
226 1973 8
227 1981 8
228 1989 8
229 1998 9
230 2008 10
231 2018 10
232 2027 9
233 2036 9
234 2046 10
235 2054 8
236 2063 9
237 2072 9
238 2081 9
239 2090 9
240 2099 9
241 2108 9
242 2118 10
243 2126 8
244 2134 8
245 2142 8
246 2150 8
247 2158 8
248 2167 9
249 2176 9
250 2183 7
251 2193 10
252 2202 9
253 2210 8
254 2219 9
255 2229 10
256 2239 10
257 2248 9
258 2257 9
259 2266 9
260 2273 7
261 2282 9
262 2291 9
263 2300 9
264 2309 9
265 2319 10
266 2328 9
267 2337 9
268 2343 6
269 2353 10
270 2361 8
271 2370 9
272 2378 8
273 2388 10
274 2396 8
275 2406 10
276 2416 10
277 2426 10
278 2436 10
279 2445 9
280 2455 10
281 2464 9
282 2473 9
283 2483 10
284 2493 10
285 2501 8
286 2510 9
287 2519 9
288 2528 9
289 2538 10
290 2545 7
291 2554 9
292 2564 10
293 2574 10
294 2583 9
295 2593 10
296 2603 10
297 2612 9
298 2622 10
299 2630 8
300 2640 10
301 2650 10
302 2660 10
303 2670 10
304 2679 9
305 2687 8
306 2695 8
307 2705 10
308 2714 9
309 2723 9
310 2731 8
311 2741 10
312 2751 10
313 2761 10
314 2769 8
315 2778 9
316 2787 9
317 2796 9
318 2805 9
319 2815 10
320 2825 10
321 2834 9
322 2843 9
323 2853 10
324 2863 10
325 2871 8
326 2880 9
327 2888 8
328 2896 8
329 2906 10
330 2913 7
331 2923 10
332 2933 10
333 2943 10
334 2953 10
335 2962 9
336 2971 9
337 2979 8
338 2989 10
339 2999 10
340 3008 9
341 3017 9
342 3027 10
343 3036 9
344 3045 9
345 3054 9
346 3064 10
347 3074 10
348 3083 9
349 3092 9
350 3100 8
351 3108 8
352 3115 7
353 3125 10
354 3135 10
355 3145 10
356 3155 10
357 3164 9
358 3173 9
359 3183 10
360 3193 10
361 3202 9
362 3211 9
363 3221 10
364 3231 10
365 3241 10
366 3250 9
367 3258 8
368 3267 9
369 3277 10
370 3284 7
371 3292 8
372 3299 7
373 3308 9
374 3316 8
375 3326 10
376 3336 10
377 3346 10
378 3354 8
379 3363 9
380 3372 9
381 3380 8
382 3390 10
383 3400 10
384 3409 9
385 3417 8
386 3427 10
387 3437 10
388 3446 9
389 3454 8
390 3463 9
391 3472 9
392 3482 10
393 3490 8
394 3499 9
395 3508 9
396 3516 8
397 3526 10
398 3536 10
399 3545 9
400 3554 9
401 3562 8
402 3572 10
403 3581 9
404 3590 9
405 3599 9
406 3608 9
407 3616 8
408 3623 7
409 3633 10
410 3641 8
411 3651 10
412 3661 10
413 3670 9
414 3679 9
415 3688 9
416 3698 10
417 3708 10
418 3718 10
419 3727 9
420 3737 10
421 3746 9
422 3755 9
423 3765 10
424 3773 8
425 3783 10
426 3791 8
427 3800 9
428 3808 8
429 3816 8
430 3825 9
431 3834 9
432 3843 9
433 3852 9
434 3859 7
435 3868 9
436 3878 10
437 3888 10
438 3897 9
439 3906 9
440 3916 10
441 3924 8
442 3933 9
443 3942 9
444 3951 9
445 3960 9
446 3969 9
447 3978 9
448 3986 8
449 3995 9
450 4005 10
451 4013 8
452 4023 10
453 4031 8
454 4041 10
455 4051 10
456 4060 9
457 4069 9
458 4079 10
459 4088 9
460 4096 8
461 4104 8
462 4111 7
463 4120 9
464 4128 8
465 4137 9
466 4147 10
467 4157 10
468 4166 9
469 4176 10
470 4185 9
471 4194 9
472 4204 10
473 4212 8
474 4218 6
475 4228 10
476 4237 9
477 4247 10
478 4256 9
479 4266 10
480 4275 9
481 4285 10
482 4294 9
483 4304 10
484 4313 9
485 4322 9
486 4332 10
487 4339 7
488 4349 10
489 4358 9
490 4367 9
491 4377 10
492 4387 10
493 4396 9
494 4405 9
495 4415 10
496 4424 9
497 4433 9
498 4442 9
499 4451 9
500 4461 10
