1 6 6
2 13 7
3 18 5
4 24 6
5 30 6
6 37 7
7 43 6
8 49 6
9 54 5
10 60 6
11 68 8
12 76 8
13 82 6
14 89 7
15 98 9
16 101 3
17 109 8
18 116 7
19 121 5
20 130 9
21 137 7
22 144 7
23 153 9
24 163 10
25 171 8
26 181 10
27 188 7
28 197 9
29 207 10
30 214 7
31 222 8
32 231 9
33 240 9
34 246 6
35 254 8
36 264 10
37 270 6
38 280 10
39 287 7
40 296 9
41 305 9
42 312 7
43 321 9
44 329 8
45 339 10
46 349 10
47 357 8
48 365 8
49 372 7
50 381 9
51 391 10
52 400 9
53 408 8
54 415 7
55 424 9
56 433 9
57 441 8
58 449 8
59 458 9
60 467 9
61 476 9
62 486 10
63 494 8
64 503 9
65 513 10
66 522 9
67 530 8
68 537 7
69 545 8
70 555 10
71 565 10
72 574 9
73 583 9
74 592 9
75 601 9
76 611 10
77 620 9
78 630 10
79 640 10
80 650 10
81 658 8
82 667 9
83 674 7
84 681 7
85 687 6
86 696 9
87 706 10
88 715 9
89 725 10
90 735 10
91 745 10
92 753 8
93 762 9
94 769 7
95 778 9
96 788 10
97 798 10
98 808 10
99 816 8
100 825 9
101 835 10
102 843 8
103 852 9
104 862 10
105 871 9
106 878 7
107 888 10
108 898 10
109 906 8
110 916 10
111 925 9
112 933 8
113 940 7
114 948 8
115 957 9
116 966 9
117 975 9
118 983 8
119 993 10
120 1002 9
121 1009 7
122 1019 10
123 1028 9
124 1036 8
125 1045 9
126 1054 9
127 1063 9
128 1073 10
129 1082 9
130 1091 9
131 1100 9
132 1110 10
133 1118 8
134 1128 10
135 1137 9
136 1146 9
137 1156 10
138 1165 9
139 1174 9
140 1183 9
141 1192 9
142 1201 9
143 1211 10
144 1220 9
145 1230 10
146 1239 9
147 1249 10
148 1258 9
149 1268 10
150 1278 10
151 1287 9
152 1295 8
153 1304 9
154 1313 9
155 1322 9
156 1330 8
157 1340 10
158 1350 10
159 1359 9
160 1369 10
161 1378 9
162 1388 10
163 1398 10
164 1408 10
165 1416 8
166 1426 10
167 1436 10
168 1445 9
169 1455 10
170 1464 9
171 1474 10
172 1484 10
173 1491 7
174 1499 8
175 1509 10
176 1518 9
177 1527 9
178 1536 9
179 1545 9
180 1555 10
181 1564 9
182 1574 10
183 1584 10
184 1594 10
185 1601 7
186 1608 7
187 1617 9
188 1627 10
189 1637 10
190 1646 9
191 1655 9
192 1661 6
193 1669 8
194 1675 6
195 1683 8
196 1691 8
197 1701 10
198 1710 9
199 1719 9
200 1729 10
201 1739 10
202 1748 9
203 1757 9
204 1767 10
205 1777 10
206 1786 9
207 1795 9
208 1805 10
209 1814 9
210 1824 10
211 1833 9
212 1842 9
213 1851 9
214 1860 9
215 1869 9
216 1878 9
217 1885 7
218 1895 10
219 1904 9
220 1913 9
221 1922 9
222 1930 8
223 1939 9
224 1948 9
225 1957 9
226 1967 10
227 1976 9
228 1984 8
229 1994 10
230 2004 10
231 2014 10
232 2024 10
233 2033 9
234 2043 10
235 2053 10
236 2063 10
237 2073 10
238 2083 10
239 2092 9
240 2100 8
241 2109 9
242 2119 10
243 2129 10
244 2138 9
245 2147 9
246 2157 10
247 2167 10
248 2176 9
249 2185 9
250 2195 10
251 2204 9
252 2214 10
253 2222 8
254 2230 8
255 2240 10
256 2249 9
257 2258 9
258 2268 10
259 2276 8
260 2286 10
261 2296 10
262 2305 9
263 2313 8
264 2322 9
265 2332 10
266 2340 8
267 2350 10
268 2358 8
269 2367 9
270 2377 10
271 2387 10
272 2397 10
273 2407 10
274 2416 9
275 2426 10
276 2436 10
277 2445 9
278 2454 9
279 2463 9
280 2473 10
281 2482 9
282 2492 10
283 2501 9
284 2509 8
285 2516 7
286 2525 9
287 2534 9
288 2543 9
289 2552 9
290 2561 9
291 2571 10
292 2581 10
293 2589 8
294 2598 9
295 2607 9
296 2617 10
297 2626 9
298 2636 10
299 2646 10
300 2654 8
301 2664 10
302 2673 9
303 2683 10
304 2693 10
305 2703 10
306 2712 9
307 2722 10
308 2731 9
309 2741 10
310 2751 10
311 2761 10
312 2770 9
313 2779 9
314 2787 8
315 2796 9
316 2805 9
317 2815 10
318 2824 9
319 2834 10
320 2844 10
321 2853 9
322 2863 10
323 2871 8
324 2879 8
325 2887 8
326 2895 8
327 2905 10
328 2914 9
329 2922 8
330 2931 9
331 2940 9
332 2950 10
333 2959 9
334 2968 9
335 2977 9
336 2986 9
337 2996 10
338 3003 7
339 3013 10
340 3022 9
341 3032 10
342 3042 10
343 3051 9
344 3061 10
345 3071 10
346 3079 8
347 3087 8
348 3096 9
349 3105 9
350 3114 9
351 3122 8
352 3132 10
353 3142 10
354 3150 8
355 3159 9
356 3169 10
357 3179 10
358 3188 9
359 3197 9
360 3207 10
361 3215 8
362 3224 9
363 3233 9
364 3242 9
365 3252 10
366 3261 9
367 3268 7
368 3275 7
369 3283 8
370 3292 9
371 3301 9
372 3310 9
373 3319 9
374 3328 9
375 3338 10
376 3348 10
377 3356 8
378 3366 10
379 3376 10
380 3385 9
381 3395 10
382 3405 10
383 3414 9
384 3424 10
385 3432 8
386 3442 10
387 3450 8
388 3460 10
389 3469 9
390 3479 10
391 3489 10
392 3498 9
393 3508 10
394 3518 10
395 3528 10
396 3538 10
397 3548 10
398 3558 10
399 3566 8
400 3576 10
401 3586 10
402 3596 10
403 3605 9
404 3614 9
405 3624 10
406 3632 8
407 3642 10
408 3651 9
409 3660 9
410 3667 7
411 3676 9
412 3685 9
413 3694 9
414 3703 9
415 3713 10
416 3723 10
417 3733 10
418 3742 9
419 3752 10
420 3760 8
421 3769 9
422 3778 9
423 3787 9
424 3797 10
425 3807 10
426 3817 10
427 3826 9
428 3834 8
429 3844 10
430 3854 10
431 3863 9
432 3873 10
433 3883 10
434 3893 10
435 3902 9
436 3912 10
437 3922 10
438 3931 9
439 3939 8
440 3948 9
441 3956 8
442 3966 10
443 3976 10
444 3986 10
445 3996 10
446 4005 9
447 4014 9
448 4024 10
449 4034 10
450 4043 9
451 4051 8
452 4060 9
453 4070 10
454 4080 10
455 4090 10
456 4099 9
457 4109 10
458 4119 10
459 4129 10
460 4137 8
461 4145 8
462 4154 9
463 4164 10
464 4174 10
465 4183 9
466 4191 8
467 4200 9
468 4210 10
469 4218 8
470 4227 9
471 4237 10
472 4245 8
473 4255 10
474 4265 10
475 4274 9
476 4283 9
477 4291 8
478 4301 10
479 4311 10
480 4321 10
481 4329 8
482 4338 9
483 4348 10
484 4356 8
485 4366 10
486 4374 8
487 4384 10
488 4393 9
489 4401 8
490 4411 10
491 4421 10
492 4430 9
493 4439 9
494 4448 9
495 4457 9
496 4467 10
497 4476 9
498 4485 9
499 4495 10
500 4504 9
