1 5 5
2 9 4
3 19 10
4 24 5
5 31 7
6 37 6
7 44 7
8 51 7
9 59 8
10 69 10
11 75 6
12 85 10
13 93 8
14 101 8
15 111 10
16 119 8
17 126 7
18 134 8
19 140 6
20 145 5
21 155 10
22 164 9
23 173 9
24 180 7
25 189 9
26 197 8
27 205 8
28 213 8
29 223 10
30 232 9
31 240 8
32 248 8
33 257 9
34 264 7
35 273 9
36 281 8
37 288 7
38 295 7
39 305 10
40 313 8
41 321 8
42 329 8
43 338 9
44 348 10
45 358 10
46 367 9
47 376 9
48 385 9
49 392 7
50 402 10
51 409 7
52 419 10
53 425 6
54 433 8
55 439 6
56 448 9
57 456 8
58 465 9
59 475 10
60 482 7
61 489 7
62 499 10
63 507 8
64 516 9
65 523 7
66 531 8
67 541 10
68 549 8
69 557 8
70 566 9
71 576 10
72 584 8
73 594 10
74 602 8
75 608 6
76 616 8
77 625 9
78 635 10
79 645 10
80 654 9
81 662 8
82 668 6
83 676 8
84 686 10
85 695 9
86 704 9
87 711 7
88 719 8
89 728 9
90 737 9
91 747 10
92 757 10
93 765 8
94 774 9
95 784 10
96 794 10
97 804 10
98 810 6
99 818 8
100 825 7
101 834 9
102 844 10
103 853 9
104 863 10
105 872 9
106 882 10
107 891 9
108 901 10
109 908 7
110 917 9
111 927 10
112 937 10
113 946 9
114 954 8
115 963 9
116 971 8
117 980 9
118 989 9
119 997 8
120 1006 9
121 1014 8
122 1024 10
123 1032 8
124 1040 8
125 1048 8
126 1057 9
127 1065 8
128 1075 10
129 1082 7
130 1089 7
131 1097 8
132 1106 9
133 1116 10
134 1125 9
135 1135 10
136 1143 8
137 1153 10
138 1163 10
139 1172 9
140 1179 7
141 1188 9
142 1196 8
143 1205 9
144 1213 8
145 1221 8
146 1230 9
147 1240 10
148 1250 10
149 1258 8
150 1266 8
151 1275 9
152 1285 10
153 1294 9
154 1301 7
155 1311 10
156 1320 9
157 1329 9
158 1337 8
159 1343 6
160 1351 8
161 1361 10
162 1371 10
163 1381 10
164 1390 9
165 1400 10
166 1408 8
167 1417 9
168 1426 9
169 1436 10
170 1446 10
171 1456 10
172 1466 10
173 1475 9
174 1483 8
175 1493 10
176 1502 9
177 1511 9
178 1521 10
179 1531 10
180 1540 9
181 1549 9
182 1558 9
183 1568 10
184 1578 10
185 1585 7
186 1595 10
187 1605 10
188 1613 8
189 1622 9
190 1632 10
191 1641 9
192 1651 10
193 1659 8
194 1668 9
195 1678 10
196 1686 8
197 1696 10
198 1704 8
199 1714 10
200 1722 8
201 1731 9
202 1740 9
203 1749 9
204 1758 9
205 1767 9
206 1776 9
207 1785 9
208 1794 9
209 1803 9
210 1811 8
211 1820 9
212 1830 10
213 1839 9
214 1849 10
215 1857 8
216 1865 8
217 1873 8
218 1883 10
219 1892 9
220 1900 8
221 1908 8
222 1918 10
223 1927 9
224 1937 10
225 1946 9
226 1956 10
227 1965 9
228 1975 10
229 1985 10
230 1994 9
231 2003 9
232 2013 10
233 2022 9
234 2031 9
235 2041 10
236 2048 7
237 2055 7
238 2063 8
239 2071 8
240 2081 10
241 2091 10
242 2098 7
243 2107 9
244 2116 9
245 2125 9
246 2134 9
247 2143 9
248 2153 10
249 2162 9
250 2172 10
251 2181 9
252 2190 9
253 2200 10
254 2208 8
255 2217 9
256 2225 8
257 2234 9
258 2243 9
259 2253 10
260 2262 9
261 2271 9
262 2281 10
263 2289 8
264 2299 10
265 2307 8
266 2316 9
267 2325 9
268 2333 8
269 2343 10
270 2353 10
271 2362 9
272 2372 10
273 2381 9
274 2391 10
275 2401 10
276 2410 9
277 2419 9
278 2428 9
279 2437 9
280 2446 9
281 2454 8
282 2464 10
283 2474 10
284 2482 8
285 2491 9
286 2501 10
287 2509 8
288 2517 8
289 2526 9
290 2536 10
291 2546 10
292 2556 10
293 2565 9
294 2573 8
295 2583 10
296 2593 10
297 2603 10
298 2613 10
299 2623 10
300 2632 9
301 2642 10
302 2651 9
303 2660 9
304 2668 8
305 2676 8
306 2686 10
307 2694 8
308 2703 9
309 2711 8
310 2720 9
311 2729 9
312 2738 9
313 2747 9
314 2756 9
315 2765 9
316 2773 8
317 2780 7
318 2788 8
319 2796 8
320 2806 10
321 2816 10
322 2825 9
323 2833 8
324 2843 10
325 2852 9
326 2862 10
327 2871 9
328 2881 10
329 2890 9
330 2900 10
331 2909 9
332 2919 10
333 2925 6
334 2934 9
335 2943 9
336 2952 9
337 2962 10
338 2972 10
339 2981 9
340 2991 10
341 2998 7
342 3006 8
343 3015 9
344 3023 8
345 3031 8
346 3039 8
347 3049 10
348 3058 9
349 3066 8
350 3075 9
351 3085 10
352 3093 8
353 3103 10
354 3113 10
355 3123 10
356 3133 10
357 3143 10
358 3153 10
359 3162 9
360 3172 10
361 3182 10
362 3192 10
363 3202 10
364 3212 10
365 3222 10
366 3232 10
367 3242 10
368 3251 9
369 3261 10
370 3269 8
371 3278 9
372 3288 10
373 3298 10
374 3307 9
375 3317 10
376 3326 9
377 3336 10
378 3345 9
379 3355 10
380 3365 10
381 3375 10
382 3385 10
383 3394 9
384 3404 10
385 3412 8
386 3421 9
387 3431 10
388 3441 10
389 3451 10
390 3461 10
391 3471 10
392 3481 10
393 3488 7
394 3497 9
395 3506 9
396 3514 8
397 3523 9
398 3532 9
399 3541 9
400 3547 6
401 3556 9
402 3566 10
403 3576 10
404 3586 10
405 3596 10
406 3606 10
407 3614 8
408 3624 10
409 3631 7
410 3641 10
411 3650 9
412 3659 9
413 3668 9
414 3676 8
415 3685 9
416 3695 10
417 3703 8
418 3713 10
419 3720 7
420 3729 9
421 3739 10
422 3749 10
423 3759 10
424 3768 9
425 3778 10
426 3787 9
427 3795 8
428 3804 9
429 3814 10
430 3822 8
431 3832 10
432 3839 7
433 3849 10
434 3859 10
435 3867 8
436 3877 10
437 3886 9
438 3894 8
439 3903 9
440 3912 9
441 3921 9
442 3927 6
443 3935 8
444 3942 7
445 3949 7
446 3959 10
447 3967 8
448 3975 8
449 3984 9
450 3994 10
451 4003 9
452 4012 9
453 4021 9
454 4031 10
455 4041 10
456 4050 9
457 4060 10
458 4070 10
459 4079 9
460 4089 10
461 4098 9
462 4107 9
463 4115 8
464 4124 9
465 4133 9
466 4142 9
467 4152 10
468 4161 9
469 4170 9
470 4179 9
471 4189 10
472 4199 10
473 4209 10
474 4219 10
475 4229 10
476 4237 8
477 4247 10
478 4256 9
479 4264 8
480 4273 9
481 4283 10
482 4292 9
483 4302 10
484 4312 10
485 4321 9
486 4329 8
487 4338 9
488 4347 9
489 4354 7
490 4363 9
491 4372 9
492 4382 10
493 4390 8
494 4399 9
495 4409 10
496 4418 9
497 4427 9
498 4437 10
499 4446 9
500 4456 10
