1 5 5
2 11 6
3 16 5
4 24 8
5 32 8
6 39 7
7 46 7
8 54 8
9 62 8
10 68 6
11 74 6
12 81 7
13 90 9
14 98 8
15 103 5
16 110 7
17 118 8
18 127 9
19 136 9
20 145 9
21 154 9
22 162 8
23 172 10
24 181 9
25 190 9
26 198 8
27 208 10
28 218 10
29 226 8
30 234 8
31 243 9
32 252 9
33 260 8
34 267 7
35 276 9
36 286 10
37 295 9
38 304 9
39 313 9
40 322 9
41 331 9
42 337 6
43 345 8
44 351 6
45 356 5
46 366 10
47 376 10
48 385 9
49 392 7
50 400 8
51 408 8
52 416 8
53 424 8
54 432 8
55 441 9
56 449 8
57 457 8
58 466 9
59 475 9
60 483 8
61 492 9
62 501 9
63 510 9
64 519 9
65 526 7
66 535 9
67 542 7
68 550 8
69 559 9
70 568 9
71 576 8
72 586 10
73 594 8
74 602 8
75 610 8
76 619 9
77 629 10
78 638 9
79 645 7
80 654 9
81 661 7
82 670 9
83 678 8
84 687 9
85 696 9
86 705 9
87 712 7
88 720 8
89 730 10
90 740 10
91 750 10
92 758 8
93 767 9
94 776 9
95 786 10
96 795 9
97 804 9
98 811 7
99 820 9
100 829 9
101 838 9
102 846 8
103 854 8
104 861 7
105 870 9
106 880 10
107 890 10
108 900 10
109 910 10
110 919 9
111 927 8
112 936 9
113 943 7
114 953 10
115 962 9
116 972 10
117 981 9
118 991 10
119 999 8
120 1009 10
121 1018 9
122 1027 9
123 1036 9
124 1045 9
125 1055 10
126 1062 7
127 1069 7
128 1078 9
129 1087 9
130 1093 6
131 1102 9
132 1111 9
133 1119 8
134 1129 10
135 1137 8
136 1146 9
137 1153 7
138 1162 9
139 1170 8
140 1180 10
141 1187 7
142 1197 10
143 1207 10
144 1216 9
145 1224 8
146 1233 9
147 1239 6
148 1246 7
149 1256 10
150 1265 9
151 1275 10
152 1284 9
153 1293 9
154 1302 9
155 1312 10
156 1320 8
157 1327 7
158 1337 10
159 1347 10
160 1356 9
161 1365 9
162 1374 9
163 1384 10
164 1394 10
165 1403 9
166 1412 9
167 1422 10
168 1431 9
169 1440 9
170 1450 10
171 1457 7
172 1466 9
173 1475 9
174 1484 9
175 1493 9
176 1501 8
177 1508 7
178 1518 10
179 1526 8
180 1534 8
181 1544 10
182 1554 10
183 1562 8
184 1572 10
185 1582 10
186 1592 10
187 1602 10
188 1611 9
189 1621 10
190 1628 7
191 1636 8
192 1645 9
193 1654 9
194 1663 9
195 1673 10
196 1681 8
197 1687 6
198 1696 9
199 1705 9
200 1714 9
201 1724 10
202 1732 8
203 1740 8
204 1750 10
205 1759 9
206 1768 9
207 1777 9
208 1787 10
209 1795 8
210 1805 10
211 1813 8
212 1823 10
213 1832 9
214 1841 9
215 1851 10
216 1860 9
217 1869 9
218 1879 10
219 1887 8
220 1897 10
221 1907 10
222 1916 9
223 1924 8
224 1932 8
225 1942 10
226 1952 10
227 1961 9
228 1970 9
229 1980 10
230 1990 10
231 1999 9
232 2009 10
233 2017 8
234 2026 9
235 2035 9
236 2044 9
237 2054 10
238 2064 10
239 2072 8
240 2081 9
241 2090 9
242 2099 9
243 2108 9
244 2117 9
245 2125 8
246 2134 9
247 2142 8
248 2152 10
249 2161 9
250 2170 9
251 2178 8
252 2186 8
253 2194 8
254 2203 9
255 2211 8
256 2221 10
257 2230 9
258 2238 8
259 2247 9
260 2256 9
261 2266 10
262 2275 9
263 2285 10
264 2295 10
265 2305 10
266 2313 8
267 2323 10
268 2332 9
269 2341 9
270 2351 10
271 2361 10
272 2371 10
273 2378 7
274 2388 10
275 2397 9
276 2406 9
277 2414 8
278 2423 9
279 2433 10
280 2442 9
281 2452 10
282 2461 9
283 2470 9
284 2479 9
285 2489 10
286 2498 9
287 2507 9
288 2515 8
289 2525 10
290 2535 10
291 2543 8
292 2553 10
293 2562 9
294 2569 7
295 2579 10
296 2588 9
297 2597 9
298 2606 9
299 2616 10
300 2624 8
301 2631 7
302 2640 9
303 2649 9
304 2659 10
305 2668 9
306 2678 10
307 2688 10
308 2698 10
309 2704 6
310 2713 9
311 2723 10
312 2731 8
313 2741 10
314 2748 7
315 2757 9
316 2765 8
317 2775 10
318 2784 9
319 2794 10
320 2803 9
321 2811 8
322 2821 10
323 2831 10
324 2841 10
325 2849 8
326 2859 10
327 2868 9
328 2876 8
329 2886 10
330 2895 9
331 2904 9
332 2913 9
333 2923 10
334 2933 10
335 2943 10
336 2953 10
337 2962 9
338 2972 10
339 2981 9
340 2990 9
341 2999 9
342 3009 10
343 3019 10
344 3029 10
345 3038 9
346 3047 9
347 3056 9
348 3066 10
349 3075 9
350 3084 9
351 3094 10
352 3104 10
353 3111 7
354 3121 10
355 3131 10
356 3141 10
357 3151 10
358 3161 10
359 3170 9
360 3180 10
361 3189 9
362 3197 8
363 3206 9
364 3215 9
365 3224 9
366 3234 10
367 3243 9
368 3250 7
369 3260 10
370 3269 9
371 3278 9
372 3287 9
373 3297 10
374 3307 10
375 3317 10
376 3326 9
377 3336 10
378 3343 7
379 3352 9
380 3361 9
381 3370 9
382 3380 10
383 3389 9
384 3397 8
385 3404 7
386 3413 9
387 3423 10
388 3433 10
389 3441 8
390 3450 9
391 3460 10
392 3469 9
393 3478 9
394 3488 10
395 3496 8
396 3505 9
397 3515 10
398 3524 9
399 3532 8
400 3542 10
401 3552 10
402 3561 9
403 3570 9
404 3580 10
405 3588 8
406 3597 9
407 3606 9
408 3615 9
409 3624 9
410 3634 10
411 3644 10
412 3654 10
413 3664 10
414 3673 9
415 3681 8
416 3690 9
417 3699 9
418 3707 8
419 3716 9
420 3725 9
421 3734 9
422 3743 9
423 3751 8
424 3760 9
425 3769 9
426 3779 10
427 3788 9
428 3798 10
429 3806 8
430 3816 10
431 3825 9
432 3834 9
433 3842 8
434 3851 9
435 3860 9
436 3867 7
437 3876 9
438 3884 8
439 3894 10
440 3902 8
441 3912 10
442 3921 9
443 3930 9
444 3940 10
445 3948 8
446 3958 10
447 3968 10
448 3977 9
449 3987 10
450 3995 8
451 4004 9
452 4012 8
453 4021 9
454 4030 9
455 4038 8
456 4047 9
457 4055 8
458 4062 7
459 4070 8
460 4080 10
461 4090 10
462 4097 7
463 4106 9
464 4115 9
465 4125 10
466 4135 10
467 4145 10
468 4152 7
469 4162 10
470 4171 9
471 4181 10
472 4189 8
473 4197 8
474 4206 9
475 4214 8
476 4223 9
477 4232 9
478 4242 10
479 4251 9
480 4260 9
481 4269 9
482 4279 10
483 4289 10
484 4297 8
485 4305 8
486 4314 9
487 4323 9
488 4332 9
489 4342 10
490 4349 7
491 4359 10
492 4368 9
493 4377 9
494 4385 8
495 4394 9
496 4404 10
497 4413 9
498 4422 9
499 4432 10
500 4441 9
