1 4 4
2 6 2
3 13 7
4 22 9
5 29 7
6 34 5
7 39 5
8 46 7
9 54 8
10 59 5
11 65 6
12 72 7
13 75 3
14 84 9
15 93 9
16 101 8
17 109 8
18 117 8
19 126 9
20 133 7
21 143 10
22 151 8
23 158 7
24 167 9
25 177 10
26 184 7
27 192 8
28 200 8
29 207 7
30 217 10
31 227 10
32 235 8
33 243 8
34 252 9
35 262 10
36 271 9
37 280 9
38 289 9
39 298 9
40 306 8
41 315 9
42 323 8
43 333 10
44 342 9
45 350 8
46 357 7
47 365 8
48 372 7
49 379 7
50 387 8
51 396 9
52 406 10
53 415 9
54 425 10
55 434 9
56 441 7
57 451 10
58 461 10
59 469 8
60 477 8
61 486 9
62 494 8
63 502 8
64 511 9
65 519 8
66 529 10
67 539 10
68 548 9
69 555 7
70 565 10
71 574 9
72 582 8
73 591 9
74 599 8
75 607 8
76 615 8
77 625 10
78 635 10
79 642 7
80 649 7
81 658 9
82 666 8
83 675 9
84 682 7
85 690 8
86 700 10
87 710 10
88 720 10
89 728 8
90 737 9
91 747 10
92 757 10
93 766 9
94 775 9
95 785 10
96 795 10
97 804 9
98 813 9
99 822 9
100 831 9
101 839 8
102 848 9
103 857 9
104 867 10
105 876 9
106 884 8
107 893 9
108 902 9
109 908 6
110 918 10
111 928 10
112 938 10
113 948 10
114 957 9
115 965 8
116 974 9
117 984 10
118 994 10
119 1003 9
120 1011 8
121 1019 8
122 1028 9
123 1037 9
124 1046 9
125 1056 10
126 1065 9
127 1073 8
128 1083 10
129 1093 10
130 1103 10
131 1113 10
132 1123 10
133 1133 10
134 1143 10
135 1153 10
136 1163 10
137 1172 9
138 1182 10
139 1192 10
140 1202 10
141 1211 9
142 1219 8
143 1229 10
144 1237 8
145 1247 10
146 1254 7
147 1263 9
148 1272 9
149 1281 9
150 1288 7
151 1297 9
152 1305 8
153 1315 10
154 1324 9
155 1332 8
156 1339 7
157 1348 9
158 1357 9
159 1366 9
160 1373 7
161 1383 10
162 1391 8
163 1401 10
164 1410 9
165 1417 7
166 1426 9
167 1436 10
168 1445 9
169 1455 10
170 1464 9
171 1473 9
172 1482 9
173 1491 9
174 1500 9
175 1510 10
176 1519 9
177 1529 10
178 1538 9
179 1546 8
180 1556 10
181 1566 10
182 1575 9
183 1583 8
184 1591 8
185 1600 9
186 1610 10
187 1619 9
188 1625 6
189 1632 7
190 1642 10
191 1652 10
192 1660 8
193 1668 8
194 1677 9
195 1687 10
196 1696 9
197 1705 9
198 1714 9
199 1724 10
200 1732 8
201 1741 9
202 1751 10
203 1759 8
204 1769 10
205 1778 9
206 1787 9
207 1796 9
208 1804 8
209 1814 10
210 1823 9
211 1830 7
212 1840 10
213 1848 8
214 1857 9
215 1865 8
216 1875 10
217 1885 10
218 1893 8
219 1902 9
220 1911 9
221 1919 8
222 1927 8
223 1937 10
224 1945 8
225 1953 8
226 1963 10
227 1973 10
228 1981 8
229 1990 9
230 1999 9
231 2007 8
232 2016 9
233 2026 10
234 2035 9
235 2045 10
236 2053 8
237 2062 9
238 2072 10
239 2082 10
240 2092 10
241 2100 8
242 2110 10
243 2118 8
244 2127 9
245 2135 8
246 2144 9
247 2152 8
248 2162 10
249 2172 10
250 2181 9
251 2191 10
252 2201 10
253 2210 9
254 2218 8
255 2227 9
256 2236 9
257 2245 9
258 2253 8
259 2263 10
260 2273 10
261 2282 9
262 2290 8
263 2298 8
264 2308 10
265 2318 10
266 2328 10
267 2336 8
268 2343 7
269 2353 10
270 2360 7
271 2368 8
272 2376 8
273 2385 9
274 2395 10
275 2405 10
276 2414 9
277 2424 10
278 2432 8
279 2440 8
280 2446 6
281 2456 10
282 2466 10
283 2475 9
284 2485 10
285 2495 10
286 2505 10
287 2515 10
288 2525 10
289 2534 9
290 2544 10
291 2551 7
292 2561 10
293 2569 8
294 2579 10
295 2586 7
296 2596 10
297 2606 10
298 2614 8
299 2624 10
300 2634 10
301 2644 10
302 2654 10
303 2664 10
304 2674 10
305 2682 8
306 2690 8
307 2700 10
308 2707 7
309 2717 10
310 2727 10
311 2737 10
312 2745 8
313 2754 9
314 2764 10
315 2773 9
316 2783 10
317 2793 10
318 2803 10
319 2813 10
320 2823 10
321 2832 9
322 2842 10
323 2852 10
324 2862 10
325 2871 9
326 2880 9
327 2890 10
328 2900 10
329 2908 8
330 2918 10
331 2926 8
332 2934 8
333 2944 10
334 2954 10
335 2964 10
336 2973 9
337 2981 8
338 2989 8
339 2999 10
340 3008 9
341 3017 9
342 3025 8
343 3035 10
344 3045 10
345 3054 9
346 3063 9
347 3073 10
348 3081 8
349 3090 9
350 3099 9
351 3109 10
352 3118 9
353 3128 10
354 3137 9
355 3147 10
356 3156 9
357 3166 10
358 3174 8
359 3184 10
360 3193 9
361 3200 7
362 3210 10
363 3219 9
364 3229 10
365 3238 9
366 3247 9
367 3257 10
368 3265 8
369 3274 9
370 3282 8
371 3292 10
372 3301 9
373 3309 8
374 3319 10
375 3327 8
376 3336 9
377 3343 7
378 3353 10
379 3363 10
380 3373 10
381 3383 10
382 3393 10
383 3402 9
384 3409 7
385 3418 9
386 3425 7
387 3434 9
388 3443 9
389 3453 10
390 3462 9
391 3470 8
392 3480 10
393 3489 9
394 3497 8
395 3507 10
396 3515 8
397 3523 8
398 3532 9
399 3542 10
400 3550 8
401 3560 10
402 3568 8
403 3578 10
404 3588 10
405 3596 8
406 3605 9
407 3614 9
408 3622 8
409 3632 10
410 3642 10
411 3652 10
412 3662 10
413 3669 7
414 3678 9
415 3688 10
416 3698 10
417 3706 8
418 3715 9
419 3724 9
420 3733 9
421 3741 8
422 3749 8
423 3757 8
424 3767 10
425 3775 8
426 3785 10
427 3794 9
428 3802 8
429 3812 10
430 3821 9
431 3831 10
432 3840 9
433 3850 10
434 3860 10
435 3868 8
436 3878 10
437 3888 10
438 3898 10
439 3905 7
440 3915 10
441 3925 10
442 3934 9
443 3944 10
444 3954 10
445 3964 10
446 3974 10
447 3983 9
448 3991 8
449 4001 10
450 4011 10
451 4021 10
452 4031 10
453 4041 10
454 4050 9
455 4059 9
456 4069 10
457 4078 9
458 4086 8
459 4095 9
460 4105 10
461 4112 7
462 4122 10
463 4131 9
464 4141 10
465 4150 9
466 4158 8
467 4166 8
468 4175 9
469 4184 9
470 4193 9
471 4202 9
472 4212 10
473 4222 10
474 4231 9
475 4241 10
476 4251 10
477 4261 10
478 4270 9
479 4280 10
480 4289 9
481 4298 9
482 4308 10
483 4318 10
484 4327 9
485 4337 10
486 4346 9
487 4356 10
488 4365 9
489 4375 10
490 4384 9
491 4393 9
492 4402 9
493 4411 9
494 4420 9
495 4430 10
496 4439 9
497 4448 9
498 4457 9
499 4467 10
500 4476 9
