1 6 6
2 10 4
3 16 6
4 21 5
5 29 8
6 35 6
7 39 4
8 46 7
9 52 6
10 58 6
11 64 6
12 71 7
13 77 6
14 86 9
15 95 9
16 103 8
17 111 8
18 116 5
19 122 6
20 130 8
21 138 8
22 145 7
23 152 7
24 160 8
25 169 9
26 178 9
27 186 8
28 195 9
29 202 7
30 211 9
31 219 8
32 227 8
33 233 6
34 242 9
35 252 10
36 260 8
37 267 7
38 275 8
39 283 8
40 290 7
41 300 10
42 307 7
43 316 9
44 326 10
45 335 9
46 344 9
47 354 10
48 364 10
49 374 10
50 384 10
51 389 5
52 399 10
53 405 6
54 415 10
55 424 9
56 432 8
57 441 9
58 450 9
59 458 8
60 467 9
61 471 4
62 479 8
63 487 8
64 496 9
65 504 8
66 512 8
67 522 10
68 530 8
69 539 9
70 548 9
71 555 7
72 564 9
73 573 9
74 582 9
75 591 9
76 601 10
77 611 10
78 619 8
79 628 9
80 635 7
81 645 10
82 652 7
83 659 7
84 667 8
85 675 8
86 683 8
87 692 9
88 702 10
89 711 9
90 721 10
91 731 10
92 740 9
93 747 7
94 757 10
95 764 7
96 774 10
97 781 7
98 790 9
99 796 6
100 804 8
101 812 8
102 821 9
103 830 9
104 839 9
105 847 8
106 856 9
107 866 10
108 874 8
109 882 8
110 891 9
111 898 7
112 908 10
113 916 8
114 924 8
115 934 10
116 943 9
117 953 10
118 963 10
119 971 8
120 980 9
121 989 9
122 998 9
123 1008 10
124 1018 10
125 1026 8
126 1036 10
127 1043 7
128 1052 9
129 1061 9
130 1069 8
131 1076 7
132 1085 9
133 1093 8
134 1101 8
135 1110 9
136 1119 9
137 1128 9
138 1135 7
139 1143 8
140 1152 9
141 1160 8
142 1169 9
143 1175 6
144 1185 10
145 1193 8
146 1202 9
147 1211 9
148 1221 10
149 1229 8
150 1237 8
151 1247 10
152 1255 8
153 1263 8
154 1272 9
155 1281 9
156 1290 9
157 1299 9
158 1308 9
159 1317 9
160 1327 10
161 1337 10
162 1346 9
163 1355 9
164 1363 8
165 1372 9
166 1379 7
167 1388 9
168 1396 8
169 1406 10
170 1415 9
171 1424 9
172 1434 10
173 1444 10
174 1453 9
175 1460 7
176 1469 9
177 1479 10
178 1488 9
179 1496 8
180 1505 9
181 1514 9
182 1523 9
183 1532 9
184 1541 9
185 1551 10
186 1561 10
187 1570 9
188 1579 9
189 1589 10
190 1597 8
191 1606 9
192 1616 10
193 1626 10
194 1635 9
195 1645 10
196 1652 7
197 1662 10
198 1671 9
199 1680 9
200 1690 10
201 1698 8
202 1706 8
203 1713 7
204 1722 9
205 1732 10
206 1741 9
207 1751 10
208 1761 10
209 1770 9
210 1779 9
211 1788 9
212 1796 8
213 1803 7
214 1812 9
215 1821 9
216 1831 10
217 1840 9
218 1850 10
219 1860 10
220 1870 10
221 1879 9
222 1887 8
223 1897 10
224 1904 7
225 1912 8
226 1919 7
227 1928 9
228 1937 9
229 1946 9
230 1954 8
231 1963 9
232 1973 10
233 1983 10
234 1992 9
235 1999 7
236 2009 10
237 2017 8
238 2025 8
239 2034 9
240 2044 10
241 2054 10
242 2063 9
243 2072 9
244 2082 10
245 2091 9
246 2099 8
247 2109 10
248 2117 8
249 2125 8
250 2133 8
251 2141 8
252 2151 10
253 2160 9
254 2169 9
255 2178 9
256 2187 9
257 2195 8
258 2203 8
259 2213 10
260 2222 9
261 2231 9
262 2241 10
263 2250 9
264 2259 9
265 2268 9
266 2276 8
267 2283 7
268 2293 10
269 2302 9
270 2310 8
271 2318 8
272 2327 9
273 2336 9
274 2345 9
275 2355 10
276 2365 10
277 2374 9
278 2384 10
279 2393 9
280 2403 10
281 2412 9
282 2422 10
283 2432 10
284 2442 10
285 2450 8
286 2459 9
287 2467 8
288 2476 9
289 2485 9
290 2495 10
291 2505 10
292 2515 10
293 2525 10
294 2534 9
295 2544 10
296 2553 9
297 2561 8
298 2570 9
299 2579 9
300 2587 8
301 2596 9
302 2606 10
303 2615 9
304 2625 10
305 2635 10
306 2645 10
307 2655 10
308 2665 10
309 2675 10
310 2684 9
311 2691 7
312 2701 10
313 2707 6
314 2717 10
315 2727 10
316 2736 9
317 2744 8
318 2753 9
319 2762 9
320 2772 10
321 2782 10
322 2791 9
323 2801 10
324 2810 9
325 2819 9
326 2828 9
327 2836 8
328 2846 10
329 2855 9
330 2865 10
331 2875 10
332 2883 8
333 2893 10
334 2901 8
335 2910 9
336 2917 7
337 2926 9
338 2936 10
339 2946 10
340 2956 10
341 2966 10
342 2976 10
343 2986 10
344 2996 10
345 3004 8
346 3014 10
347 3024 10
348 3032 8
349 3041 9
350 3051 10
351 3059 8
352 3068 9
353 3078 10
354 3088 10
355 3098 10
356 3105 7
357 3115 10
358 3125 10
359 3134 9
360 3143 9
361 3153 10
362 3162 9
363 3171 9
364 3180 9
365 3189 9
366 3198 9
367 3207 9
368 3215 8
369 3224 9
370 3231 7
371 3240 9
372 3249 9
373 3259 10
374 3268 9
375 3277 9
376 3286 9
377 3292 6
378 3302 10
379 3312 10
380 3322 10
381 3331 9
382 3340 9
383 3349 9
384 3359 10
385 3369 10
386 3379 10
387 3386 7
388 3396 10
389 3405 9
390 3414 9
391 3423 9
392 3433 10
393 3442 9
394 3450 8
395 3459 9
396 3469 10
397 3479 10
398 3487 8
399 3496 9
400 3505 9
401 3514 9
402 3524 10
403 3534 10
404 3542 8
405 3552 10
406 3561 9
407 3571 10
408 3579 8
409 3588 9
410 3597 9
411 3607 10
412 3617 10
413 3625 8
414 3635 10
415 3644 9
416 3653 9
417 3663 10
418 3672 9
419 3682 10
420 3691 9
421 3699 8
422 3709 10
423 3719 10
424 3729 10
425 3738 9
426 3748 10
427 3757 9
428 3767 10
429 3776 9
430 3785 9
431 3795 10
432 3803 8
433 3811 8
434 3821 10
435 3830 9
436 3839 9
437 3848 9
438 3854 6
439 3863 9
440 3872 9
441 3882 10
442 3892 10
443 3902 10
444 3911 9
445 3920 9
446 3929 9
447 3936 7
448 3945 9
449 3952 7
450 3961 9
451 3970 9
452 3978 8
453 3986 8
454 3994 8
455 4002 8
456 4011 9
457 4021 10
458 4030 9
459 4040 10
460 4050 10
461 4060 10
462 4068 8
463 4078 10
464 4087 9
465 4097 10
466 4105 8
467 4115 10
468 4125 10
469 4134 9
470 4144 10
471 4154 10
472 4163 9
473 4172 9
474 4180 8
475 4190 10
476 4199 9
477 4208 9
478 4217 9
479 4227 10
480 4236 9
481 4245 9
482 4253 8
483 4262 9
484 4272 10
485 4281 9
486 4291 10
487 4301 10
488 4310 9
489 4319 9
490 4329 10
491 4338 9
492 4348 10
493 4356 8
494 4366 10
495 4375 9
496 4383 8
497 4392 9
498 4401 9
499 4410 9
500 4420 10
