1 7 7
2 14 7
3 22 8
4 29 7
5 34 5
6 42 8
7 50 8
8 60 10
9 68 8
10 74 6
11 82 8
12 89 7
13 96 7
14 105 9
15 113 8
16 121 8
17 130 9
18 138 8
19 147 9
20 156 9
21 166 10
22 173 7
23 179 6
24 188 9
25 197 9
26 206 9
27 213 7
28 222 9
29 229 7
30 236 7
31 244 8
32 251 7
33 260 9
34 268 8
35 276 8
36 285 9
37 294 9
38 301 7
39 308 7
40 317 9
41 326 9
42 335 9
43 344 9
44 353 9
45 363 10
46 372 9
47 382 10
48 392 10
49 400 8
50 410 10
51 418 8
52 427 9
53 434 7
54 443 9
55 451 8
56 461 10
57 471 10
58 480 9
59 489 9
60 498 9
61 506 8
62 515 9
63 525 10
64 534 9
65 543 9
66 552 9
67 561 9
68 570 9
69 579 9
70 588 9
71 597 9
72 607 10
73 615 8
74 624 9
75 633 9
76 641 8
77 649 8
78 658 9
79 667 9
80 673 6
81 682 9
82 690 8
83 699 9
84 708 9
85 718 10
86 726 8
87 735 9
88 744 9
89 754 10
90 763 9
91 772 9
92 781 9
93 785 4
94 792 7
95 801 9
96 810 9
97 819 9
98 828 9
99 837 9
100 844 7
101 852 8
102 861 9
103 871 10
104 877 6
105 885 8
106 893 8
107 901 8
108 911 10
109 919 8
110 926 7
111 935 9
112 943 8
113 952 9
114 962 10
115 970 8
116 980 10
117 989 9
118 997 8
119 1006 9
120 1015 9
121 1024 9
122 1034 10
123 1043 9
124 1051 8
125 1059 8
126 1069 10
127 1077 8
128 1087 10
129 1097 10
130 1106 9
131 1116 10
132 1126 10
133 1134 8
134 1143 9
135 1152 9
136 1161 9
137 1170 9
138 1180 10
139 1188 8
140 1198 10
141 1206 8
142 1214 8
143 1223 9
144 1232 9
145 1241 9
146 1251 10
147 1259 8
148 1267 8
149 1277 10
150 1287 10
151 1297 10
152 1306 9
153 1314 8
154 1322 8
155 1331 9
156 1340 9
157 1350 10
158 1358 8
159 1367 9
160 1377 10
161 1386 9
162 1395 9
163 1405 10
164 1415 10
165 1423 8
166 1431 8
167 1441 10
168 1450 9
169 1460 10
170 1469 9
171 1477 8
172 1487 10
173 1496 9
174 1506 10
175 1515 9
176 1525 10
177 1534 9
178 1541 7
179 1550 9
180 1558 8
181 1568 10
182 1577 9
183 1585 8
184 1595 10
185 1604 9
186 1613 9
187 1623 10
188 1631 8
189 1641 10
190 1650 9
191 1659 9
192 1668 9
193 1676 8
194 1686 10
195 1696 10
196 1703 7
197 1711 8
198 1721 10
199 1731 10
200 1740 9
201 1749 9
202 1758 9
203 1768 10
204 1778 10
205 1788 10
206 1795 7
207 1805 10
208 1814 9
209 1823 9
210 1830 7
211 1840 10
212 1849 9
213 1858 9
214 1867 9
215 1876 9
216 1886 10
217 1893 7
218 1902 9
219 1912 10
220 1919 7
221 1928 9
222 1938 10
223 1947 9
224 1957 10
225 1966 9
226 1975 9
227 1984 9
228 1992 8
229 2002 10
230 2011 9
231 2020 9
232 2029 9
233 2038 9
234 2047 9
235 2056 9
236 2064 8
237 2071 7
238 2080 9
239 2090 10
240 2095 5
241 2105 10
242 2115 10
243 2125 10
244 2135 10
245 2143 8
246 2153 10
247 2161 8
248 2170 9
249 2180 10
250 2190 10
251 2200 10
252 2209 9
253 2219 10
254 2228 9
255 2238 10
256 2248 10
257 2258 10
258 2267 9
259 2275 8
260 2283 8
261 2293 10
262 2302 9
263 2311 9
264 2321 10
265 2331 10
266 2340 9
267 2349 9
268 2359 10
269 2369 10
270 2379 10
271 2389 10
272 2398 9
273 2407 9
274 2417 10
275 2427 10
276 2436 9
277 2446 10
278 2456 10
279 2465 9
280 2474 9
281 2482 8
282 2491 9
283 2499 8
284 2508 9
285 2516 8
286 2525 9
287 2533 8
288 2541 8
289 2550 9
290 2559 9
291 2568 9
292 2578 10
293 2588 10
294 2598 10
295 2607 9
296 2617 10
297 2626 9
298 2634 8
299 2644 10
300 2654 10
301 2663 9
302 2671 8
303 2680 9
304 2690 10
305 2700 10
306 2710 10
307 2720 10
308 2729 9
309 2739 10
310 2749 10
311 2758 9
312 2766 8
313 2775 9
314 2784 9
315 2794 10
316 2803 9
317 2811 8
318 2820 9
319 2829 9
320 2839 10
321 2846 7
322 2855 9
323 2862 7
324 2870 8
325 2879 9
326 2888 9
327 2897 9
328 2907 10
329 2916 9
330 2926 10
331 2935 9
332 2944 9
333 2954 10
334 2964 10
335 2973 9
336 2982 9
337 2992 10
338 3002 10
339 3012 10
340 3022 10
341 3032 10
342 3040 8
343 3050 10
344 3058 8
345 3068 10
346 3078 10
347 3087 9
348 3096 9
349 3106 10
350 3115 9
351 3124 9
352 3130 6
353 3140 10
354 3148 8
355 3157 9
356 3167 10
357 3177 10
358 3186 9
359 3196 10
360 3206 10
361 3214 8
362 3222 8
363 3229 7
364 3238 9
365 3247 9
366 3256 9
367 3265 9
368 3275 10
369 3285 10
370 3293 8
371 3303 10
372 3313 10
373 3321 8
374 3330 9
375 3339 9
376 3348 9
377 3357 9
378 3367 10
379 3375 8
380 3384 9
381 3394 10
382 3402 8
383 3411 9
384 3419 8
385 3429 10
386 3438 9
387 3448 10
388 3456 8
389 3466 10
390 3474 8
391 3482 8
392 3492 10
393 3502 10
394 3508 6
395 3516 8
396 3524 8
397 3534 10
398 3544 10
399 3554 10
400 3562 8
401 3570 8
402 3580 10
403 3589 9
404 3599 10
405 3608 9
406 3616 8
407 3626 10
408 3636 10
409 3646 10
410 3655 9
411 3665 10
412 3674 9
413 3684 10
414 3691 7
415 3701 10
416 3710 9
417 3720 10
418 3728 8
419 3738 10
420 3746 8
421 3756 10
422 3765 9
423 3774 9
424 3784 10
425 3794 10
426 3804 10
427 3813 9
428 3823 10
429 3832 9
430 3841 9
431 3850 9
432 3860 10
433 3869 9
434 3877 8
435 3886 9
436 3895 9
437 3905 10
438 3912 7
439 3922 10
440 3932 10
441 3941 9
442 3951 10
443 3960 9
444 3969 9
445 3979 10
446 3987 8
447 3997 10
448 4007 10
449 4017 10
450 4027 10
451 4037 10
452 4047 10
453 4056 9
454 4065 9
455 4075 10
456 4085 10
457 4095 10
458 4104 9
459 4114 10
460 4124 10
461 4133 9
462 4143 10
463 4151 8
464 4158 7
465 4167 9
466 4175 8
467 4183 8
468 4192 9
469 4202 10
470 4212 10
471 4221 9
472 4229 8
473 4239 10
474 4249 10
475 4259 10
476 4269 10
477 4278 9
478 4286 8
479 4295 9
480 4304 9
481 4313 9
482 4321 8
483 4329 8
484 4339 10
485 4349 10
486 4359 10
487 4368 9
488 4376 8
489 4384 8
490 4394 10
491 4404 10
492 4414 10
493 4423 9
494 4433 10
495 4442 9
496 4450 8
497 4459 9
498 4469 10
499 4479 10
500 4486 7
