1 6 6
2 15 9
3 25 10
4 31 6
5 40 9
6 45 5
7 53 8
8 60 7
9 67 7
10 74 7
11 82 8
12 90 8
13 98 8
14 106 8
15 114 8
16 121 7
17 129 8
18 135 6
19 141 6
20 151 10
21 159 8
22 168 9
23 177 9
24 187 10
25 197 10
26 207 10
27 215 8
28 222 7
29 232 10
30 242 10
31 249 7
32 256 7
33 265 9
34 274 9
35 282 8
36 291 9
37 297 6
38 305 8
39 311 6
40 318 7
41 325 7
42 332 7
43 341 9
44 350 9
45 359 9
46 366 7
47 375 9
48 384 9
49 393 9
50 403 10
51 411 8
52 421 10
53 431 10
54 438 7
55 446 8
56 455 9
57 463 8
58 472 9
59 481 9
60 488 7
61 495 7
62 503 8
63 512 9
64 521 9
65 527 6
66 536 9
67 545 9
68 554 9
69 562 8
70 570 8
71 579 9
72 589 10
73 599 10
74 607 8
75 616 9
76 626 10
77 636 10
78 644 8
79 653 9
80 663 10
81 671 8
82 679 8
83 688 9
84 696 8
85 704 8
86 713 9
87 720 7
88 728 8
89 736 8
90 744 8
91 753 9
92 762 9
93 772 10
94 780 8
95 789 9
96 799 10
97 807 8
98 816 9
99 826 10
100 834 8
101 843 9
102 853 10
103 861 8
104 871 10
105 879 8
106 888 9
107 897 9
108 906 9
109 916 10
110 926 10
111 935 9
112 942 7
113 952 10
114 962 10
115 971 9
116 980 9
117 990 10
118 998 8
119 1008 10
120 1017 9
121 1027 10
122 1036 9
123 1042 6
124 1051 9
125 1061 10
126 1070 9
127 1079 9
128 1088 9
129 1096 8
130 1106 10
131 1115 9
132 1124 9
133 1133 9
134 1143 10
135 1153 10
136 1163 10
137 1173 10
138 1183 10
139 1191 8
140 1201 10
141 1209 8
142 1219 10
143 1227 8
144 1236 9
145 1246 10
146 1256 10
147 1265 9
148 1274 9
149 1284 10
150 1294 10
151 1303 9
152 1312 9
153 1322 10
154 1332 10
155 1341 9
156 1350 9
157 1358 8
158 1367 9
159 1376 9
160 1385 9
161 1393 8
162 1401 8
163 1411 10
164 1421 10
165 1430 9
166 1439 9
167 1448 9
168 1458 10
169 1468 10
170 1477 9
171 1485 8
172 1495 10
173 1503 8
174 1511 8
175 1520 9
176 1529 9
177 1539 10
178 1548 9
179 1556 8
180 1565 9
181 1574 9
182 1584 10
183 1594 10
184 1604 10
185 1613 9
186 1623 10
187 1632 9
188 1641 9
189 1651 10
190 1660 9
191 1670 10
192 1680 10
193 1689 9
194 1698 9
195 1708 10
196 1718 10
197 1727 9
198 1737 10
199 1746 9
200 1755 9
201 1763 8
202 1771 8
203 1780 9
204 1789 9
205 1798 9
206 1806 8
207 1815 9
208 1824 9
209 1833 9
210 1841 8
211 1848 7
212 1857 9
213 1867 10
214 1876 9
215 1886 10
216 1896 10
217 1903 7
218 1912 9
219 1921 9
220 1931 10
221 1941 10
222 1948 7
223 1958 10
224 1967 9
225 1976 9
226 1985 9
227 1994 9
228 2004 10
229 2012 8
230 2020 8
231 2028 8
232 2036 8
233 2045 9
234 2055 10
235 2064 9
236 2073 9
237 2083 10
238 2093 10
239 2103 10
240 2113 10
241 2122 9
242 2132 10
243 2142 10
244 2151 9
245 2161 10
246 2170 9
247 2179 9
248 2188 9
249 2198 10
250 2207 9
251 2216 9
252 2225 9
253 2233 8
254 2243 10
255 2252 9
256 2262 10
257 2272 10
258 2282 10
259 2291 9
260 2299 8
261 2309 10
262 2318 9
263 2327 9
264 2336 9
265 2345 9
266 2355 10
267 2365 10
268 2375 10
269 2385 10
270 2394 9
271 2404 10
272 2414 10
273 2423 9
274 2433 10
275 2442 9
276 2452 10
277 2461 9
278 2471 10
279 2481 10
280 2490 9
281 2497 7
282 2507 10
283 2517 10
284 2527 10
285 2537 10
286 2546 9
287 2555 9
288 2564 9
289 2573 9
290 2583 10
291 2592 9
292 2602 10
293 2612 10
294 2621 9
295 2630 9
296 2639 9
297 2649 10
298 2658 9
299 2667 9
300 2676 9
301 2686 10
302 2694 8
303 2704 10
304 2714 10
305 2723 9
306 2732 9
307 2741 9
308 2750 9
309 2759 9
310 2766 7
311 2774 8
312 2783 9
313 2791 8
314 2800 9
315 2808 8
316 2818 10
317 2827 9
318 2837 10
319 2846 9
320 2856 10
321 2863 7
322 2872 9
323 2881 9
324 2890 9
325 2898 8
326 2906 8
327 2915 9
328 2924 9
329 2934 10
330 2943 9
331 2953 10
332 2963 10
333 2973 10
334 2980 7
335 2988 8
336 2997 9
337 3006 9
338 3015 9
339 3024 9
340 3032 8
341 3041 9
342 3050 9
343 3060 10
344 3069 9
345 3079 10
346 3089 10
347 3097 8
348 3107 10
349 3116 9
350 3125 9
351 3134 9
352 3144 10
353 3154 10
354 3164 10
355 3173 9
356 3183 10
357 3190 7
358 3200 10
359 3208 8
360 3217 9
361 3226 9
362 3236 10
363 3245 9
364 3253 8
365 3260 7
366 3268 8
367 3276 8
368 3284 8
369 3294 10
370 3303 9
371 3312 9
372 3321 9
373 3329 8
374 3337 8
375 3347 10
376 3355 8
377 3362 7
378 3372 10
379 3382 10
380 3391 9
381 3400 9
382 3407 7
383 3416 9
384 3424 8
385 3434 10
386 3442 8
387 3450 8
388 3460 10
389 3469 9
390 3478 9
391 3487 9
392 3495 8
393 3504 9
394 3514 10
395 3523 9
396 3532 9
397 3541 9
398 3550 9
399 3558 8
400 3567 9
401 3577 10
402 3586 9
403 3596 10
404 3605 9
405 3614 9
406 3624 10
407 3634 10
408 3644 10
409 3653 9
410 3663 10
411 3673 10
412 3683 10
413 3692 9
414 3702 10
415 3712 10
416 3720 8
417 3730 10
418 3738 8
419 3746 8
420 3756 10
421 3765 9
422 3774 9
423 3784 10
424 3794 10
425 3803 9
426 3812 9
427 3820 8
428 3829 9
429 3838 9
430 3848 10
431 3858 10
432 3867 9
433 3875 8
434 3883 8
435 3891 8
436 3900 9
437 3910 10
438 3919 9
439 3928 9
440 3938 10
441 3947 9
442 3957 10
443 3967 10
444 3977 10
445 3986 9
446 3993 7
447 4003 10
448 4013 10
449 4021 8
450 4031 10
451 4039 8
452 4048 9
453 4057 9
454 4067 10
455 4075 8
456 4084 9
457 4094 10
458 4104 10
459 4114 10
460 4124 10
461 4134 10
462 4143 9
463 4153 10
464 4161 8
465 4170 9
466 4179 9
467 4189 10
468 4198 9
469 4206 8
470 4215 9
471 4225 10
472 4235 10
473 4245 10
474 4254 9
475 4263 9
476 4273 10
477 4282 9
478 4292 10
479 4301 9
480 4310 9
481 4320 10
482 4330 10
483 4338 8
484 4348 10
485 4357 9
486 4367 10
487 4377 10
488 4387 10
489 4396 9
490 4406 10
491 4416 10
492 4425 9
493 4435 10
494 4445 10
495 4455 10
496 4465 10
497 4475 10
498 4484 9
499 4494 10
500 4504 10
