1 2 2
2 8 6
3 13 5
4 20 7
5 24 4
6 30 6
7 37 7
8 42 5
9 50 8
10 56 6
11 63 7
12 69 6
13 76 7
14 82 6
15 87 5
16 95 8
17 101 6
18 109 8
19 117 8
20 124 7
21 133 9
22 142 9
23 151 9
24 158 7
25 166 8
26 174 8
27 181 7
28 188 7
29 198 10
30 206 8
31 213 7
32 222 9
33 231 9
34 237 6
35 243 6
36 253 10
37 262 9
38 269 7
39 277 8
40 284 7
41 294 10
42 304 10
43 314 10
44 321 7
45 329 8
46 336 7
47 344 8
48 353 9
49 361 8
50 368 7
51 377 9
52 384 7
53 393 9
54 400 7
55 410 10
56 419 9
57 429 10
58 437 8
59 447 10
60 456 9
61 465 9
62 473 8
63 480 7
64 489 9
65 498 9
66 506 8
67 514 8
68 524 10
69 533 9
70 541 8
71 550 9
72 559 9
73 566 7
74 575 9
75 583 8
76 593 10
77 602 9
78 609 7
79 619 10
80 627 8
81 635 8
82 642 7
83 650 8
84 659 9
85 669 10
86 679 10
87 688 9
88 698 10
89 706 8
90 716 10
91 726 10
92 735 9
93 744 9
94 754 10
95 763 9
96 771 8
97 778 7
98 787 9
99 797 10
100 806 9
101 814 8
102 823 9
103 833 10
104 842 9
105 849 7
106 858 9
107 868 10
108 876 8
109 884 8
110 893 9
111 901 8
112 911 10
113 920 9
114 929 9
115 938 9
116 948 10
117 958 10
118 966 8
119 974 8
120 981 7
121 989 8
122 999 10
123 1007 8
124 1017 10
125 1027 10
126 1035 8
127 1044 9
128 1054 10
129 1064 10
130 1072 8
131 1082 10
132 1091 9
133 1099 8
134 1109 10
135 1117 8
136 1127 10
137 1136 9
138 1145 9
139 1155 10
140 1164 9
141 1173 9
142 1182 9
143 1191 9
144 1201 10
145 1210 9
146 1220 10
147 1229 9
148 1239 10
149 1249 10
150 1258 9
151 1268 10
152 1278 10
153 1288 10
154 1298 10
155 1306 8
156 1315 9
157 1325 10
158 1334 9
159 1344 10
160 1354 10
161 1362 8
162 1369 7
163 1379 10
164 1388 9
165 1398 10
166 1408 10
167 1417 9
168 1427 10
169 1436 9
170 1446 10
171 1456 10
172 1464 8
173 1473 9
174 1480 7
175 1490 10
176 1499 9
177 1509 10
178 1518 9
179 1528 10
180 1538 10
181 1546 8
182 1554 8
183 1562 8
184 1571 9
185 1581 10
186 1590 9
187 1599 9
188 1609 10
189 1618 9
190 1627 9
191 1635 8
192 1645 10
193 1653 8
194 1662 9
195 1672 10
196 1680 8
197 1690 10
198 1700 10
199 1708 8
200 1716 8
201 1724 8
202 1733 9
203 1742 9
204 1752 10
205 1761 9
206 1769 8
207 1778 9
208 1787 9
209 1797 10
210 1807 10
211 1816 9
212 1825 9
213 1835 10
214 1844 9
215 1852 8
216 1862 10
217 1869 7
218 1878 9
219 1887 9
220 1895 8
221 1905 10
222 1915 10
223 1925 10
224 1935 10
225 1944 9
226 1954 10
227 1963 9
228 1973 10
229 1983 10
230 1992 9
231 2002 10
232 2011 9
233 2021 10
234 2028 7
235 2038 10
236 2047 9
237 2057 10
238 2066 9
239 2076 10
240 2086 10
241 2094 8
242 2104 10
243 2114 10
244 2123 9
245 2133 10
246 2143 10
247 2152 9
248 2162 10
249 2171 9
250 2178 7
251 2187 9
252 2195 8
253 2204 9
254 2214 10
255 2224 10
256 2232 8
257 2241 9
258 2250 9
259 2260 10
260 2270 10
261 2276 6
262 2286 10
263 2295 9
264 2304 9
265 2312 8
266 2321 9
267 2329 8
268 2339 10
269 2348 9
270 2358 10
271 2366 8
272 2375 9
273 2384 9
274 2394 10
275 2401 7
276 2410 9
277 2419 9
278 2428 9
279 2437 9
280 2446 9
281 2455 9
282 2464 9
283 2474 10
284 2483 9
285 2493 10
286 2503 10
287 2513 10
288 2522 9
289 2532 10
290 2540 8
291 2547 7
292 2555 8
293 2564 9
294 2574 10
295 2584 10
296 2593 9
297 2602 9
298 2611 9
299 2621 10
300 2631 10
301 2640 9
302 2650 10
303 2660 10
304 2670 10
305 2678 8
306 2687 9
307 2696 9
308 2705 9
309 2713 8
310 2722 9
311 2731 9
312 2741 10
313 2750 9
314 2760 10
315 2769 9
316 2779 10
317 2788 9
318 2798 10
319 2808 10
320 2818 10
321 2826 8
322 2836 10
323 2844 8
324 2849 5
325 2859 10
326 2868 9
327 2878 10
328 2888 10
329 2895 7
330 2904 9
331 2914 10
332 2924 10
333 2934 10
334 2944 10
335 2954 10
336 2962 8
337 2971 9
338 2981 10
339 2991 10
340 3001 10
341 3011 10
342 3020 9
343 3030 10
344 3040 10
345 3050 10
346 3059 9
347 3068 9
348 3077 9
349 3087 10
350 3097 10
351 3107 10
352 3115 8
353 3124 9
354 3134 10
355 3142 8
356 3151 9
357 3160 9
358 3169 9
359 3179 10
360 3188 9
361 3197 9
362 3206 9
363 3215 9
364 3223 8
365 3233 10
366 3241 8
367 3249 8
368 3257 8
369 3266 9
370 3275 9
371 3282 7
372 3291 9
373 3300 9
374 3309 9
375 3318 9
376 3328 10
377 3338 10
378 3348 10
379 3357 9
380 3367 10
381 3377 10
382 3387 10
383 3397 10
384 3407 10
385 3417 10
386 3425 8
387 3435 10
388 3444 9
389 3454 10
390 3464 10
391 3474 10
392 3484 10
393 3493 9
394 3503 10
395 3513 10
396 3521 8
397 3531 10
398 3541 10
399 3550 9
400 3559 9
401 3569 10
402 3578 9
403 3585 7
404 3594 9
405 3604 10
406 3614 10
407 3624 10
408 3634 10
409 3644 10
410 3653 9
411 3661 8
412 3671 10
413 3681 10
414 3690 9
415 3700 10
416 3709 9
417 3718 9
418 3726 8
419 3736 10
420 3745 9
421 3755 10
422 3765 10
423 3775 10
424 3785 10
425 3795 10
426 3802 7
427 3809 7
428 3818 9
429 3828 10
430 3838 10
431 3847 9
432 3857 10
433 3866 9
434 3875 9
435 3884 9
436 3892 8
437 3902 10
438 3911 9
439 3919 8
440 3929 10
441 3938 9
442 3947 9
443 3957 10
444 3967 10
445 3977 10
446 3986 9
447 3995 9
448 4005 10
449 4015 10
450 4025 10
451 4035 10
452 4045 10
453 4054 9
454 4064 10
455 4074 10
456 4083 9
457 4092 9
458 4102 10
459 4111 9
460 4120 9
461 4130 10
462 4140 10
463 4150 10
464 4159 9
465 4166 7
466 4176 10
467 4186 10
468 4196 10
469 4206 10
470 4215 9
471 4225 10
472 4235 10
473 4244 9
474 4253 9
475 4263 10
476 4271 8
477 4280 9
478 4289 9
479 4298 9
480 4308 10
481 4316 8
482 4325 9
483 4335 10
484 4343 8
485 4353 10
486 4362 9
487 4372 10
488 4382 10
489 4391 9
490 4401 10
491 4410 9
492 4418 8
493 4426 8
494 4435 9
495 4443 8
496 4453 10
497 4462 9
498 4469 7
499 4478 9
500 4486 8
