1 8 8
2 14 6
3 18 4
4 25 7
5 30 5
6 39 9
7 46 7
8 52 6
9 59 7
10 65 6
11 73 8
12 83 10
13 90 7
14 97 7
15 105 8
16 111 6
17 119 8
18 125 6
19 133 8
20 138 5
21 148 10
22 157 9
23 162 5
24 171 9
25 181 10
26 191 10
27 200 9
28 208 8
29 215 7
30 223 8
31 232 9
32 242 10
33 251 9
34 259 8
35 268 9
36 278 10
37 288 10
38 297 9
39 306 9
40 315 9
41 325 10
42 335 10
43 345 10
44 354 9
45 362 8
46 370 8
47 378 8
48 387 9
49 396 9
50 405 9
51 413 8
52 422 9
53 432 10
54 440 8
55 450 10
56 459 9
57 468 9
58 476 8
59 485 9
60 494 9
61 503 9
62 513 10
63 522 9
64 531 9
65 540 9
66 548 8
67 558 10
68 567 9
69 575 8
70 583 8
71 592 9
72 599 7
73 607 8
74 616 9
75 624 8
76 634 10
77 642 8
78 652 10
79 662 10
80 671 9
81 679 8
82 688 9
83 698 10
84 708 10
85 718 10
86 727 9
87 735 8
88 743 8
89 752 9
90 760 8
91 768 8
92 778 10
93 788 10
94 796 8
95 804 8
96 813 9
97 823 10
98 832 9
99 840 8
100 847 7
101 856 9
102 866 10
103 875 9
104 885 10
105 892 7
106 900 8
107 908 8
108 916 8
109 926 10
110 934 8
111 943 9
112 952 9
113 961 9
114 970 9
115 979 9
116 988 9
117 994 6
118 1004 10
119 1014 10
120 1023 9
121 1030 7
122 1037 7
123 1047 10
124 1055 8
125 1065 10
126 1072 7
127 1082 10
128 1092 10
129 1101 9
130 1111 10
131 1121 10
132 1130 9
133 1140 10
134 1150 10
135 1160 10
136 1169 9
137 1178 9
138 1187 9
139 1195 8
140 1205 10
141 1214 9
142 1224 10
143 1234 10
144 1243 9
145 1252 9
146 1259 7
147 1269 10
148 1276 7
149 1286 10
150 1296 10
151 1306 10
152 1314 8
153 1324 10
154 1334 10
155 1343 9
156 1352 9
157 1361 9
158 1370 9
159 1379 9
160 1387 8
161 1396 9
162 1404 8
163 1414 10
164 1421 7
165 1430 9
166 1438 8
167 1447 9
168 1457 10
169 1466 9
170 1474 8
171 1482 8
172 1490 8
173 1497 7
174 1507 10
175 1516 9
176 1525 9
177 1533 8
178 1541 8
179 1548 7
180 1557 9
181 1565 8
182 1573 8
183 1582 9
184 1592 10
185 1602 10
186 1610 8
187 1618 8
188 1626 8
189 1636 10
190 1643 7
191 1653 10
192 1662 9
193 1672 10
194 1681 9
195 1691 10
196 1701 10
197 1711 10
198 1720 9
199 1730 10
200 1740 10
201 1748 8
202 1756 8
203 1765 9
204 1774 9
205 1784 10
206 1794 10
207 1802 8
208 1811 9
209 1820 9
210 1830 10
211 1839 9
212 1849 10
213 1858 9
214 1866 8
215 1876 10
216 1886 10
217 1896 10
218 1906 10
219 1915 9
220 1923 8
221 1932 9
222 1941 9
223 1951 10
224 1961 10
225 1970 9
226 1980 10
227 1989 9
228 1998 9
229 2007 9
230 2015 8
231 2024 9
232 2034 10
233 2044 10
234 2051 7
235 2060 9
236 2069 9
237 2077 8
238 2087 10
239 2095 8
240 2104 9
241 2112 8
242 2119 7
243 2128 9
244 2137 9
245 2146 9
246 2156 10
247 2163 7
248 2172 9
249 2181 9
250 2189 8
251 2198 9
252 2208 10
253 2218 10
254 2228 10
255 2237 9
256 2247 10
257 2256 9
258 2266 10
259 2276 10
260 2285 9
261 2295 10
262 2304 9
263 2314 10
264 2323 9
265 2332 9
266 2341 9
267 2350 9
268 2357 7
269 2366 9
270 2376 10
271 2385 9
272 2395 10
273 2402 7
274 2412 10
275 2421 9
276 2429 8
277 2438 9
278 2447 9
279 2457 10
280 2465 8
281 2475 10
282 2484 9
283 2494 10
284 2503 9
285 2513 10
286 2521 8
287 2529 8
288 2539 10
289 2549 10
290 2559 10
291 2567 8
292 2577 10
293 2587 10
294 2596 9
295 2605 9
296 2615 10
297 2625 10
298 2635 10
299 2645 10
300 2654 9
301 2663 9
302 2673 10
303 2681 8
304 2691 10
305 2700 9
306 2710 10
307 2719 9
308 2729 10
309 2739 10
310 2748 9
311 2758 10
312 2766 8
313 2775 9
314 2785 10
315 2795 10
316 2801 6
317 2811 10
318 2819 8
319 2828 9
320 2835 7
321 2843 8
322 2853 10
323 2863 10
324 2870 7
325 2880 10
326 2889 9
327 2899 10
328 2908 9
329 2916 8
330 2925 9
331 2932 7
332 2942 10
333 2951 9
334 2961 10
335 2971 10
336 2979 8
337 2989 10
338 2999 10
339 3009 10
340 3019 10
341 3028 9
342 3038 10
343 3047 9
344 3057 10
345 3066 9
346 3076 10
347 3086 10
348 3095 9
349 3105 10
350 3115 10
351 3124 9
352 3133 9
353 3143 10
354 3153 10
355 3163 10
356 3171 8
357 3181 10
358 3190 9
359 3200 10
360 3209 9
361 3219 10
362 3227 8
363 3236 9
364 3244 8
365 3254 10
366 3261 7
367 3271 10
368 3280 9
369 3289 9
370 3299 10
371 3308 9
372 3317 9
373 3327 10
374 3337 10
375 3346 9
376 3356 10
377 3365 9
378 3373 8
379 3382 9
380 3392 10
381 3400 8
382 3410 10
383 3419 9
384 3428 9
385 3437 9
386 3446 9
387 3455 9
388 3464 9
389 3474 10
390 3483 9
391 3493 10
392 3503 10
393 3513 10
394 3522 9
395 3532 10
396 3542 10
397 3552 10
398 3561 9
399 3570 9
400 3580 10
401 3590 10
402 3599 9
403 3607 8
404 3613 6
405 3623 10
406 3632 9
407 3642 10
408 3651 9
409 3660 9
410 3670 10
411 3680 10
412 3690 10
413 3699 9
414 3709 10
415 3719 10
416 3728 9
417 3738 10
418 3748 10
419 3756 8
420 3764 8
421 3774 10
422 3784 10
423 3790 6
424 3800 10
425 3810 10
426 3820 10
427 3830 10
428 3840 10
429 3850 10
430 3860 10
431 3870 10
432 3880 10
433 3889 9
434 3898 9
435 3908 10
436 3918 10
437 3927 9
438 3936 9
439 3945 9
440 3955 10
441 3963 8
442 3973 10
443 3981 8
444 3990 9
445 4000 10
446 4010 10
447 4017 7
448 4026 9
449 4036 10
450 4045 9
451 4055 10
452 4064 9
453 4072 8
454 4082 10
455 4092 10
456 4101 9
457 4109 8
458 4118 9
459 4128 10
460 4138 10
461 4147 9
462 4156 9
463 4165 9
464 4174 9
465 4184 10
466 4192 8
467 4201 9
468 4211 10
469 4220 9
470 4230 10
471 4239 9
472 4247 8
473 4257 10
474 4266 9
475 4275 9
476 4285 10
477 4295 10
478 4305 10
479 4315 10
480 4323 8
481 4332 9
482 4342 10
483 4352 10
484 4361 9
485 4371 10
486 4380 9
487 4388 8
488 4398 10
489 4408 10
490 4417 9
491 4425 8
492 4434 9
493 4444 10
494 4454 10
495 4464 10
496 4474 10
497 4484 10
498 4493 9
499 4502 9
500 4510 8
