1 3 3
2 7 4
3 13 6
4 19 6
5 24 5
6 30 6
7 37 7
8 43 6
9 49 6
10 57 8
11 64 7
12 72 8
13 81 9
14 87 6
15 94 7
16 103 9
17 112 9
18 119 7
19 127 8
20 134 7
21 141 7
22 146 5
23 155 9
24 163 8
25 172 9
26 179 7
27 187 8
28 194 7
29 202 8
30 212 10
31 220 8
32 230 10
33 238 8
34 247 9
35 256 9
36 264 8
37 274 10
38 282 8
39 292 10
40 300 8
41 309 9
42 319 10
43 328 9
44 336 8
45 346 10
46 354 8
47 363 9
48 371 8
49 381 10
50 391 10
51 401 10
52 411 10
53 418 7
54 427 9
55 437 10
56 446 9
57 456 10
58 466 10
59 475 9
60 484 9
61 490 6
62 499 9
63 508 9
64 518 10
65 527 9
66 536 9
67 546 10
68 556 10
69 565 9
70 574 9
71 584 10
72 593 9
73 602 9
74 609 7
75 617 8
76 625 8
77 633 8
78 640 7
79 648 8
80 657 9
81 665 8
82 673 8
83 682 9
84 692 10
85 701 9
86 710 9
87 717 7
88 726 9
89 733 7
90 742 9
91 749 7
92 759 10
93 768 9
94 776 8
95 783 7
96 791 8
97 800 9
98 810 10
99 818 8
100 826 8
101 835 9
102 844 9
103 854 10
104 863 9
105 872 9
106 882 10
107 890 8
108 897 7
109 905 8
110 914 9
111 922 8
112 930 8
113 937 7
114 945 8
115 954 9
116 964 10
117 973 9
118 981 8
119 988 7
120 996 8
121 1006 10
122 1014 8
123 1023 9
124 1031 8
125 1040 9
126 1050 10
127 1060 10
128 1069 9
129 1079 10
130 1088 9
131 1096 8
132 1105 9
133 1113 8
134 1120 7
135 1129 9
136 1136 7
137 1146 10
138 1155 9
139 1165 10
140 1174 9
141 1184 10
142 1194 10
143 1202 8
144 1209 7
145 1219 10
146 1228 9
147 1234 6
148 1244 10
149 1251 7
150 1258 7
151 1268 10
152 1278 10
153 1287 9
154 1295 8
155 1304 9
156 1314 10
157 1324 10
158 1334 10
159 1343 9
160 1351 8
161 1361 10
162 1371 10
163 1380 9
164 1390 10
165 1400 10
166 1409 9
167 1418 9
168 1424 6
169 1434 10
170 1443 9
171 1453 10
172 1460 7
173 1469 9
174 1479 10
175 1487 8
176 1495 8
177 1504 9
178 1514 10
179 1524 10
180 1533 9
181 1543 10
182 1553 10
183 1561 8
184 1571 10
185 1580 9
186 1590 10
187 1600 10
188 1609 9
189 1617 8
190 1626 9
191 1636 10
192 1646 10
193 1655 9
194 1665 10
195 1675 10
196 1685 10
197 1694 9
198 1703 9
199 1713 10
200 1723 10
201 1733 10
202 1742 9
203 1752 10
204 1762 10
205 1771 9
206 1780 9
207 1790 10
208 1800 10
209 1810 10
210 1820 10
211 1830 10
212 1840 10
213 1848 8
214 1857 9
215 1867 10
216 1874 7
217 1883 9
218 1893 10
219 1902 9
220 1910 8
221 1919 9
222 1929 10
223 1937 8
224 1946 9
225 1956 10
226 1964 8
227 1974 10
228 1984 10
229 1992 8
230 2000 8
231 2010 10
232 2020 10
233 2029 9
234 2037 8
235 2046 9
236 2056 10
237 2066 10
238 2073 7
239 2082 9
240 2091 9
241 2101 10
242 2111 10
243 2118 7
244 2126 8
245 2134 8
246 2143 9
247 2152 9
248 2160 8
249 2169 9
250 2179 10
251 2187 8
252 2196 9
253 2205 9
254 2214 9
255 2224 10
256 2233 9
257 2243 10
258 2252 9
259 2262 10
260 2270 8
261 2280 10
262 2289 9
263 2299 10
264 2307 8
265 2315 8
266 2325 10
267 2332 7
268 2342 10
269 2351 9
270 2361 10
271 2370 9
272 2379 9
273 2389 10
274 2398 9
275 2406 8
276 2416 10
277 2425 9
278 2435 10
279 2445 10
280 2454 9
281 2464 10
282 2474 10
283 2483 9
284 2493 10
285 2503 10
286 2512 9
287 2522 10
288 2531 9
289 2541 10
290 2551 10
291 2559 8
292 2569 10
293 2578 9
294 2588 10
295 2598 10
296 2606 8
297 2615 9
298 2624 9
299 2634 10
300 2644 10
301 2652 8
302 2662 10
303 2671 9
304 2680 9
305 2689 9
306 2699 10
307 2708 9
308 2718 10
309 2727 9
310 2737 10
311 2746 9
312 2756 10
313 2766 10
314 2774 8
315 2784 10
316 2792 8
317 2802 10
318 2808 6
319 2818 10
320 2828 10
321 2837 9
322 2845 8
323 2854 9
324 2864 10
325 2872 8
326 2882 10
327 2891 9
328 2900 9
329 2910 10
330 2919 9
331 2928 9
332 2938 10
333 2948 10
334 2958 10
335 2967 9
336 2976 9
337 2983 7
338 2993 10
339 3002 9
340 3012 10
341 3022 10
342 3032 10
343 3040 8
344 3047 7
345 3057 10
346 3066 9
347 3073 7
348 3078 5
349 3087 9
350 3097 10
351 3107 10
352 3116 9
353 3126 10
354 3135 9
355 3144 9
356 3154 10
357 3163 9
358 3172 9
359 3180 8
360 3189 9
361 3198 9
362 3207 9
363 3217 10
364 3224 7
365 3234 10
366 3244 10
367 3253 9
368 3262 9
369 3271 9
370 3279 8
371 3288 9
372 3297 9
373 3306 9
374 3316 10
375 3325 9
376 3334 9
377 3342 8
378 3352 10
379 3361 9
380 3369 8
381 3378 9
382 3387 9
383 3396 9
384 3405 9
385 3412 7
386 3422 10
387 3432 10
388 3440 8
389 3450 10
390 3459 9
391 3469 10
392 3478 9
393 3487 9
394 3496 9
395 3505 9
396 3514 9
397 3524 10
398 3534 10
399 3542 8
400 3551 9
401 3561 10
402 3570 9
403 3580 10
404 3588 8
405 3597 9
406 3605 8
407 3615 10
408 3625 10
409 3634 9
410 3641 7
411 3647 6
412 3657 10
413 3666 9
414 3676 10
415 3684 8
416 3694 10
417 3703 9
418 3713 10
419 3723 10
420 3733 10
421 3743 10
422 3752 9
423 3761 9
424 3770 9
425 3777 7
426 3786 9
427 3796 10
428 3805 9
429 3815 10
430 3824 9
431 3834 10
432 3844 10
433 3853 9
434 3862 9
435 3871 9
436 3880 9
437 3888 8
438 3897 9
439 3906 9
440 3915 9
441 3925 10
442 3935 10
443 3945 10
444 3954 9
445 3964 10
446 3974 10
447 3984 10
448 3994 10
449 4003 9
450 4012 9
451 4022 10
452 4031 9
453 4040 9
454 4048 8
455 4058 10
456 4068 10
457 4078 10
458 4086 8
459 4096 10
460 4106 10
461 4115 9
462 4124 9
463 4133 9
464 4142 9
465 4151 9
466 4161 10
467 4171 10
468 4181 10
469 4190 9
470 4200 10
471 4208 8
472 4216 8
473 4225 9
474 4234 9
475 4244 10
476 4253 9
477 4263 10
478 4273 10
479 4281 8
480 4291 10
481 4301 10
482 4311 10
483 4319 8
484 4329 10
485 4339 10
486 4348 9
487 4357 9
488 4367 10
489 4376 9
490 4385 9
491 4395 10
492 4405 10
493 4415 10
494 4425 10
495 4433 8
496 4442 9
497 4452 10
498 4461 9
499 4470 9
500 4479 9
