1 5 5
2 13 8
3 20 7
4 23 3
5 30 7
6 35 5
7 40 5
8 47 7
9 53 6
10 58 5
11 66 8
12 72 6
13 78 6
14 84 6
15 93 9
16 99 6
17 108 9
18 115 7
19 122 7
20 130 8
21 136 6
22 145 9
23 154 9
24 162 8
25 170 8
26 177 7
27 186 9
28 193 7
29 203 10
30 210 7
31 217 7
32 226 9
33 236 10
34 242 6
35 250 8
36 259 9
37 269 10
38 278 9
39 286 8
40 296 10
41 305 9
42 314 9
43 323 9
44 333 10
45 341 8
46 351 10
47 360 9
48 370 10
49 377 7
50 386 9
51 395 9
52 403 8
53 411 8
54 420 9
55 429 9
56 437 8
57 447 10
58 456 9
59 466 10
60 475 9
61 484 9
62 492 8
63 502 10
64 510 8
65 520 10
66 526 6
67 535 9
68 544 9
69 553 9
70 561 8
71 570 9
72 580 10
73 588 8
74 597 9
75 604 7
76 613 9
77 621 8
78 631 10
79 640 9
80 648 8
81 656 8
82 665 9
83 674 9
84 683 9
85 692 9
86 700 8
87 710 10
88 720 10
89 729 9
90 738 9
91 746 8
92 754 8
93 763 9
94 771 8
95 781 10
96 790 9
97 798 8
98 807 9
99 817 10
100 827 10
101 835 8
102 842 7
103 851 9
104 859 8
105 869 10
106 878 9
107 886 8
108 894 8
109 904 10
110 914 10
111 924 10
112 933 9
113 942 9
114 950 8
115 959 9
116 967 8
117 975 8
118 985 10
119 995 10
120 1005 10
121 1015 10
122 1025 10
123 1035 10
124 1043 8
125 1053 10
126 1062 9
127 1072 10
128 1082 10
129 1092 10
130 1100 8
131 1110 10
132 1119 9
133 1128 9
134 1137 9
135 1145 8
136 1154 9
137 1162 8
138 1172 10
139 1181 9
140 1190 9
141 1199 9
142 1205 6
143 1214 9
144 1224 10
145 1233 9
146 1242 9
147 1252 10
148 1259 7
149 1268 9
150 1278 10
151 1286 8
152 1296 10
153 1305 9
154 1315 10
155 1325 10
156 1332 7
157 1340 8
158 1350 10
159 1359 9
160 1368 9
161 1377 9
162 1386 9
163 1396 10
164 1406 10
165 1416 10
166 1425 9
167 1435 10
168 1445 10
169 1454 9
170 1463 9
171 1472 9
172 1482 10
173 1492 10
174 1502 10
175 1511 9
176 1520 9
177 1528 8
178 1537 9
179 1547 10
180 1556 9
181 1566 10
182 1575 9
183 1585 10
184 1591 6
185 1599 8
186 1609 10
187 1618 9
188 1627 9
189 1635 8
190 1644 9
191 1654 10
192 1663 9
193 1670 7
194 1679 9
195 1687 8
196 1696 9
197 1705 9
198 1713 8
199 1723 10
200 1731 8
201 1740 9
202 1750 10
203 1760 10
204 1770 10
205 1779 9
206 1788 9
207 1798 10
208 1807 9
209 1817 10
210 1826 9
211 1836 10
212 1844 8
213 1854 10
214 1863 9
215 1873 10
216 1883 10
217 1892 9
218 1901 9
219 1910 9
220 1920 10
221 1928 8
222 1938 10
223 1948 10
224 1956 8
225 1965 9
226 1975 10
227 1985 10
228 1994 9
229 2003 9
230 2011 8
231 2021 10
232 2030 9
233 2040 10
234 2049 9
235 2058 9
236 2067 9
237 2077 10
238 2087 10
239 2096 9
240 2106 10
241 2116 10
242 2126 10
243 2134 8
244 2144 10
245 2153 9
246 2162 9
247 2172 10
248 2181 9
249 2191 10
250 2201 10
251 2210 9
252 2220 10
253 2230 10
254 2240 10
255 2248 8
256 2257 9
257 2266 9
258 2275 9
259 2284 9
260 2292 8
261 2301 9
262 2310 9
263 2319 9
264 2329 10
265 2339 10
266 2347 8
267 2356 9
268 2366 10
269 2373 7
270 2383 10
271 2392 9
272 2401 9
273 2411 10
274 2419 8
275 2427 8
276 2436 9
277 2446 10
278 2455 9
279 2465 10
280 2474 9
281 2484 10
282 2493 9
283 2502 9
284 2511 9
285 2520 9
286 2528 8
287 2537 9
288 2547 10
289 2557 10
290 2566 9
291 2574 8
292 2583 9
293 2593 10
294 2603 10
295 2611 8
296 2620 9
297 2629 9
298 2639 10
299 2648 9
300 2657 9
301 2667 10
302 2676 9
303 2686 10
304 2695 9
305 2702 7
306 2712 10
307 2721 9
308 2731 10
309 2739 8
310 2747 8
311 2757 10
312 2765 8
313 2773 8
314 2782 9
315 2791 9
316 2800 9
317 2809 9
318 2819 10
319 2829 10
320 2838 9
321 2848 10
322 2858 10
323 2868 10
324 2878 10
325 2886 8
326 2894 8
327 2904 10
328 2914 10
329 2923 9
330 2933 10
331 2943 10
332 2952 9
333 2959 7
334 2969 10
335 2979 10
336 2989 10
337 2997 8
338 3007 10
339 3017 10
340 3027 10
341 3036 9
342 3046 10
343 3056 10
344 3064 8
345 3073 9
346 3082 9
347 3091 9
348 3099 8
349 3109 10
350 3119 10
351 3127 8
352 3136 9
353 3143 7
354 3152 9
355 3161 9
356 3170 9
357 3179 9
358 3188 9
359 3197 9
360 3207 10
361 3216 9
362 3225 9
363 3235 10
364 3245 10
365 3255 10
366 3265 10
367 3274 9
368 3283 9
369 3292 9
370 3302 10
371 3312 10
372 3321 9
373 3331 10
374 3341 10
375 3351 10
376 3360 9
377 3369 9
378 3377 8
379 3387 10
380 3395 8
381 3405 10
382 3413 8
383 3423 10
384 3433 10
385 3440 7
386 3450 10
387 3460 10
388 3469 9
389 3479 10
390 3487 8
391 3497 10
392 3507 10
393 3516 9
394 3526 10
395 3535 9
396 3543 8
397 3551 8
398 3561 10
399 3571 10
400 3580 9
401 3589 9
402 3598 9
403 3607 9
404 3617 10
405 3627 10
406 3636 9
407 3644 8
408 3653 9
409 3662 9
410 3671 9
411 3681 10
412 3691 10
413 3699 8
414 3708 9
415 3718 10
416 3728 10
417 3736 8
418 3745 9
419 3752 7
420 3760 8
421 3768 8
422 3778 10
423 3786 8
424 3795 9
425 3805 10
426 3814 9
427 3823 9
428 3833 10
429 3843 10
430 3853 10
431 3863 10
432 3872 9
433 3881 9
434 3890 9
435 3900 10
436 3909 9
437 3918 9
438 3928 10
439 3937 9
440 3947 10
441 3956 9
442 3965 9
443 3974 9
444 3984 10
445 3993 9
446 4001 8
447 4010 9
448 4020 10
449 4028 8
450 4038 10
451 4046 8
452 4054 8
453 4063 9
454 4073 10
455 4082 9
456 4092 10
457 4102 10
458 4112 10
459 4122 10
460 4130 8
461 4138 8
462 4148 10
463 4158 10
464 4168 10
465 4176 8
466 4185 9
467 4194 9
468 4203 9
469 4212 9
470 4222 10
471 4231 9
472 4239 8
473 4249 10
474 4257 8
475 4267 10
476 4277 10
477 4287 10
478 4296 9
479 4305 9
480 4314 9
481 4324 10
482 4333 9
483 4342 9
484 4351 9
485 4361 10
486 4371 10
487 4381 10
488 4391 10
489 4400 9
490 4409 9
491 4419 10
492 4428 9
493 4437 9
494 4446 9
495 4456 10
496 4466 10
497 4476 10
498 4486 10
499 4494 8
500 4503 9
