1 3 3
2 9 6
3 17 8
4 23 6
5 27 4
6 32 5
7 41 9
8 46 5
9 54 8
10 60 6
11 68 8
12 77 9
13 86 9
14 95 9
15 103 8
16 112 9
17 119 7
18 126 7
19 134 8
20 141 7
21 148 7
22 155 7
23 162 7
24 171 9
25 178 7
26 187 9
27 197 10
28 207 10
29 216 9
30 226 10
31 234 8
32 243 9
33 253 10
34 261 8
35 271 10
36 278 7
37 285 7
38 294 9
39 303 9
40 313 10
41 322 9
42 331 9
43 339 8
44 347 8
45 356 9
46 365 9
47 372 7
48 381 9
49 389 8
50 399 10
51 408 9
52 416 8
53 425 9
54 434 9
55 443 9
56 451 8
57 459 8
58 468 9
59 476 8
60 486 10
61 495 9
62 503 8
63 512 9
64 522 10
65 531 9
66 537 6
67 546 9
68 554 8
69 562 8
70 571 9
71 581 10
72 591 10
73 600 9
74 610 10
75 618 8
76 627 9
77 636 9
78 645 9
79 654 9
80 663 9
81 671 8
82 679 8
83 688 9
84 698 10
85 707 9
86 714 7
87 724 10
88 733 9
89 741 8
90 750 9
91 758 8
92 767 9
93 775 8
94 785 10
95 794 9
96 804 10
97 814 10
98 823 9
99 830 7
100 840 10
101 850 10
102 859 9
103 867 8
104 873 6
105 879 6
106 889 10
107 899 10
108 907 8
109 916 9
110 924 8
111 933 9
112 942 9
113 952 10
114 961 9
115 969 8
116 979 10
117 986 7
118 995 9
119 1005 10
120 1014 9
121 1023 9
122 1030 7
123 1038 8
124 1046 8
125 1056 10
126 1062 6
127 1071 9
128 1080 9
129 1090 10
130 1098 8
131 1108 10
132 1117 9
133 1127 10
134 1136 9
135 1144 8
136 1154 10
137 1164 10
138 1174 10
139 1183 9
140 1192 9
141 1200 8
142 1208 8
143 1217 9
144 1227 10
145 1236 9
146 1246 10
147 1256 10
148 1266 10
149 1273 7
150 1282 9
151 1291 9
152 1299 8
153 1307 8
154 1314 7
155 1324 10
156 1329 5
157 1338 9
158 1346 8
159 1355 9
160 1365 10
161 1374 9
162 1383 9
163 1392 9
164 1401 9
165 1407 6
166 1417 10
167 1426 9
168 1436 10
169 1445 9
170 1454 9
171 1464 10
172 1473 9
173 1481 8
174 1491 10
175 1500 9
176 1510 10
177 1519 9
178 1529 10
179 1539 10
180 1547 8
181 1556 9
182 1564 8
183 1573 9
184 1582 9
185 1592 10
186 1602 10
187 1611 9
188 1619 8
189 1627 8
190 1635 8
191 1642 7
192 1652 10
193 1662 10
194 1670 8
195 1677 7
196 1687 10
197 1697 10
198 1707 10
199 1716 9
200 1726 10
201 1735 9
202 1744 9
203 1752 8
204 1762 10
205 1771 9
206 1781 10
207 1790 9
208 1799 9
209 1808 9
210 1815 7
211 1824 9
212 1833 9
213 1843 10
214 1852 9
215 1859 7
216 1869 10
217 1879 10
218 1887 8
219 1896 9
220 1906 10
221 1915 9
222 1923 8
223 1932 9
224 1942 10
225 1952 10
226 1962 10
227 1972 10
228 1980 8
229 1990 10
230 1999 9
231 2006 7
232 2015 9
233 2024 9
234 2034 10
235 2043 9
236 2053 10
237 2062 9
238 2072 10
239 2082 10
240 2089 7
241 2098 9
242 2108 10
243 2118 10
244 2125 7
245 2134 9
246 2143 9
247 2152 9
248 2160 8
249 2170 10
250 2179 9
251 2188 9
252 2197 9
253 2206 9
254 2216 10
255 2226 10
256 2236 10
257 2246 10
258 2255 9
259 2265 10
260 2275 10
261 2282 7
262 2292 10
263 2300 8
264 2310 10
265 2320 10
266 2329 9
267 2339 10
268 2348 9
269 2358 10
270 2366 8
271 2374 8
272 2383 9
273 2393 10
274 2402 9
275 2412 10
276 2421 9
277 2431 10
278 2440 9
279 2449 9
280 2458 9
281 2467 9
282 2477 10
283 2485 8
284 2493 8
285 2501 8
286 2510 9
287 2520 10
288 2529 9
289 2537 8
290 2546 9
291 2554 8
292 2564 10
293 2574 10
294 2584 10
295 2593 9
296 2603 10
297 2612 9
298 2621 9
299 2631 10
300 2641 10
301 2650 9
302 2660 10
303 2669 9
304 2679 10
305 2687 8
306 2697 10
307 2705 8
308 2713 8
309 2722 9
310 2732 10
311 2741 9
312 2750 9
313 2759 9
314 2769 10
315 2779 10
316 2788 9
317 2796 8
318 2805 9
319 2812 7
320 2822 10
321 2831 9
322 2841 10
323 2851 10
324 2859 8
325 2869 10
326 2879 10
327 2888 9
328 2896 8
329 2906 10
330 2916 10
331 2926 10
332 2935 9
333 2945 10
334 2954 9
335 2964 10
336 2973 9
337 2983 10
338 2992 9
339 3001 9
340 3011 10
341 3021 10
342 3031 10
343 3041 10
344 3050 9
345 3060 10
346 3069 9
347 3076 7
348 3084 8
349 3093 9
350 3103 10
351 3112 9
352 3122 10
353 3132 10
354 3141 9
355 3149 8
356 3157 8
357 3167 10
358 3177 10
359 3185 8
360 3195 10
361 3202 7
362 3211 9
363 3221 10
364 3231 10
365 3239 8
366 3248 9
367 3256 8
368 3265 9
369 3275 10
370 3283 8
371 3292 9
372 3301 9
373 3311 10
374 3320 9
375 3329 9
376 3339 10
377 3347 8
378 3356 9
379 3365 9
380 3373 8
381 3383 10
382 3393 10
383 3401 8
384 3411 10
385 3421 10
386 3430 9
387 3440 10
388 3450 10
389 3459 9
390 3469 10
391 3479 10
392 3488 9
393 3496 8
394 3505 9
395 3515 10
396 3524 9
397 3534 10
398 3544 10
399 3554 10
400 3564 10
401 3574 10
402 3583 9
403 3593 10
404 3602 9
405 3612 10
406 3621 9
407 3630 9
408 3639 9
409 3649 10
410 3659 10
411 3669 10
412 3678 9
413 3688 10
414 3697 9
415 3706 9
416 3715 9
417 3724 9
418 3733 9
419 3743 10
420 3752 9
421 3762 10
422 3771 9
423 3779 8
424 3787 8
425 3796 9
426 3804 8
427 3814 10
428 3824 10
429 3834 10
430 3843 9
431 3853 10
432 3862 9
433 3872 10
434 3881 9
435 3890 9
436 3900 10
437 3908 8
438 3918 10
439 3926 8
440 3936 10
441 3945 9
442 3955 10
443 3964 9
444 3972 8
445 3981 9
446 3988 7
447 3996 8
448 4004 8
449 4013 9
450 4022 9
451 4031 9
452 4037 6
453 4046 9
454 4056 10
455 4066 10
456 4075 9
457 4083 8
458 4093 10
459 4101 8
460 4110 9
461 4117 7
462 4127 10
463 4135 8
464 4144 9
465 4153 9
466 4162 9
467 4171 9
468 4180 9
469 4188 8
470 4198 10
471 4207 9
472 4217 10
473 4225 8
474 4235 10
475 4244 9
476 4254 10
477 4263 9
478 4273 10
479 4282 9
480 4291 9
481 4301 10
482 4310 9
483 4317 7
484 4325 8
485 4334 9
486 4344 10
487 4353 9
488 4362 9
489 4371 9
490 4380 9
491 4389 9
492 4399 10
493 4409 10
494 4418 9
495 4427 9
496 4436 9
497 4446 10
498 4456 10
499 4465 9
500 4475 10
