1 6 6
2 11 5
3 14 3
4 20 6
5 26 6
6 34 8
7 40 6
8 45 5
9 51 6
10 56 5
11 63 7
12 71 8
13 78 7
14 87 9
15 94 7
16 103 9
17 110 7
18 120 10
19 127 7
20 135 8
21 143 8
22 152 9
23 161 9
24 170 9
25 176 6
26 184 8
27 191 7
28 198 7
29 207 9
30 212 5
31 221 9
32 230 9
33 238 8
34 246 8
35 252 6
36 261 9
37 270 9
38 278 8
39 287 9
40 293 6
41 301 8
42 309 8
43 316 7
44 324 8
45 330 6
46 340 10
47 350 10
48 359 9
49 367 8
50 375 8
51 385 10
52 391 6
53 399 8
54 407 8
55 416 9
56 425 9
57 434 9
58 442 8
59 452 10
60 462 10
61 471 9
62 480 9
63 489 9
64 497 8
65 506 9
66 516 10
67 525 9
68 533 8
69 539 6
70 547 8
71 555 8
72 563 8
73 572 9
74 582 10
75 592 10
76 598 6
77 608 10
78 618 10
79 628 10
80 637 9
81 645 8
82 652 7
83 661 9
84 669 8
85 677 8
86 686 9
87 694 8
88 702 8
89 712 10
90 721 9
91 729 8
92 739 10
93 748 9
94 756 8
95 766 10
96 774 8
97 782 8
98 789 7
99 797 8
100 807 10
101 817 10
102 825 8
103 835 10
104 845 10
105 855 10
106 864 9
107 873 9
108 882 9
109 892 10
110 901 9
111 909 8
112 917 8
113 927 10
114 937 10
115 946 9
116 956 10
117 964 8
118 972 8
119 981 9
120 990 9
121 1000 10
122 1009 9
123 1019 10
124 1028 9
125 1036 8
126 1046 10
127 1054 8
128 1063 9
129 1072 9
130 1082 10
131 1091 9
132 1100 9
133 1110 10
134 1119 9
135 1129 10
136 1137 8
137 1146 9
138 1156 10
139 1166 10
140 1174 8
141 1184 10
142 1193 9
143 1202 9
144 1211 9
145 1219 8
146 1228 9
147 1236 8
148 1244 8
149 1253 9
150 1262 9
151 1272 10
152 1281 9
153 1291 10
154 1300 9
155 1309 9
156 1318 9
157 1327 9
158 1335 8
159 1345 10
160 1355 10
161 1363 8
162 1373 10
163 1382 9
164 1392 10
165 1402 10
166 1410 8
167 1419 9
168 1429 10
169 1438 9
170 1448 10
171 1457 9
172 1465 8
173 1474 9
174 1484 10
175 1493 9
176 1502 9
177 1512 10
178 1521 9
179 1531 10
180 1541 10
181 1550 9
182 1558 8
183 1567 9
184 1576 9
185 1586 10
186 1596 10
187 1605 9
188 1615 10
189 1625 10
190 1635 10
191 1645 10
192 1654 9
193 1664 10
194 1674 10
195 1684 10
196 1693 9
197 1702 9
198 1712 10
199 1722 10
200 1731 9
201 1741 10
202 1749 8
203 1758 9
204 1767 9
205 1776 9
206 1785 9
207 1794 9
208 1803 9
209 1813 10
210 1823 10
211 1833 10
212 1843 10
213 1853 10
214 1862 9
215 1871 9
216 1880 9
217 1889 9
218 1899 10
219 1907 8
220 1916 9
221 1926 10
222 1933 7
223 1940 7
224 1950 10
225 1960 10
226 1970 10
227 1980 10
228 1989 9
229 1998 9
230 2007 9
231 2017 10
232 2027 10
233 2037 10
234 2046 9
235 2055 9
236 2065 10
237 2075 10
238 2084 9
239 2094 10
240 2102 8
241 2111 9
242 2119 8
243 2129 10
244 2137 8
245 2145 8
246 2155 10
247 2165 10
248 2173 8
249 2182 9
250 2192 10
251 2201 9
252 2211 10
253 2221 10
254 2231 10
255 2241 10
256 2251 10
257 2261 10
258 2271 10
259 2280 9
260 2288 8
261 2297 9
262 2306 9
263 2314 8
264 2324 10
265 2333 9
266 2343 10
267 2352 9
268 2361 9
269 2370 9
270 2380 10
271 2390 10
272 2400 10
273 2406 6
274 2415 9
275 2423 8
276 2429 6
277 2437 8
278 2446 9
279 2454 8
280 2463 9
281 2473 10
282 2483 10
283 2493 10
284 2503 10
285 2513 10
286 2523 10
287 2531 8
288 2540 9
289 2549 9
290 2559 10
291 2569 10
292 2579 10
293 2588 9
294 2598 10
295 2607 9
296 2617 10
297 2627 10
298 2637 10
299 2647 10
300 2655 8
301 2665 10
302 2674 9
303 2684 10
304 2694 10
305 2703 9
306 2712 9
307 2722 10
308 2731 9
309 2741 10
310 2750 9
311 2759 9
312 2768 9
313 2777 9
314 2785 8
315 2795 10
316 2803 8
317 2812 9
318 2822 10
319 2832 10
320 2842 10
321 2851 9
322 2861 10
323 2870 9
324 2879 9
325 2888 9
326 2896 8
327 2904 8
328 2914 10
329 2924 10
330 2934 10
331 2943 9
332 2952 9
333 2962 10
334 2971 9
335 2980 9
336 2990 10
337 2999 9
338 3009 10
339 3017 8
340 3025 8
341 3033 8
342 3043 10
343 3052 9
344 3062 10
345 3071 9
346 3081 10
347 3090 9
348 3099 9
349 3106 7
350 3115 9
351 3125 10
352 3134 9
353 3143 9
354 3153 10
355 3162 9
356 3170 8
357 3180 10
358 3188 8
359 3196 8
360 3206 10
361 3214 8
362 3223 9
363 3233 10
364 3242 9
365 3252 10
366 3262 10
367 3271 9
368 3281 10
369 3290 9
370 3299 9
371 3307 8
372 3317 10
373 3327 10
374 3336 9
375 3346 10
376 3356 10
377 3365 9
378 3375 10
379 3384 9
380 3394 10
381 3404 10
382 3413 9
383 3422 9
384 3431 9
385 3439 8
386 3448 9
387 3458 10
388 3468 10
389 3477 9
390 3486 9
391 3495 9
392 3502 7
393 3512 10
394 3521 9
395 3531 10
396 3541 10
397 3551 10
398 3560 9
399 3569 9
400 3578 9
401 3587 9
402 3595 8
403 3604 9
404 3611 7
405 3619 8
406 3629 10
407 3638 9
408 3647 9
409 3656 9
410 3665 9
411 3673 8
412 3682 9
413 3692 10
414 3702 10
415 3712 10
416 3722 10
417 3732 10
418 3742 10
419 3752 10
420 3761 9
421 3771 10
422 3779 8
423 3788 9
424 3797 9
425 3806 9
426 3816 10
427 3824 8
428 3832 8
429 3841 9
430 3850 9
431 3860 10
432 3869 9
433 3879 10
434 3889 10
435 3899 10
436 3908 9
437 3918 10
438 3928 10
439 3938 10
440 3947 9
441 3955 8
442 3965 10
443 3975 10
444 3984 9
445 3994 10
446 4004 10
447 4013 9
448 4021 8
449 4030 9
450 4040 10
451 4048 8
452 4057 9
453 4065 8
454 4074 9
455 4083 9
456 4093 10
457 4103 10
458 4113 10
459 4122 9
460 4131 9
461 4139 8
462 4149 10
463 4159 10
464 4168 9
465 4178 10
466 4188 10
467 4198 10
468 4208 10
469 4218 10
470 4228 10
471 4238 10
472 4248 10
473 4258 10
474 4268 10
475 4277 9
476 4287 10
477 4296 9
478 4306 10
479 4315 9
480 4324 9
481 4332 8
482 4342 10
483 4351 9
484 4361 10
485 4370 9
486 4378 8
487 4385 7
488 4394 9
489 4403 9
490 4412 9
491 4422 10
492 4432 10
493 4441 9
494 4450 9
495 4459 9
496 4467 8
497 4477 10
498 4487 10
499 4496 9
500 4505 9
