1 4 4
2 9 5
3 14 5
4 20 6
5 26 6
6 33 7
7 39 6
8 45 6
9 49 4
10 57 8
11 66 9
12 70 4
13 78 8
14 86 8
15 93 7
16 101 8
17 109 8
18 116 7
19 124 8
20 130 6
21 136 6
22 141 5
23 148 7
24 158 10
25 166 8
26 173 7
27 182 9
28 191 9
29 199 8
30 207 8
31 216 9
32 225 9
33 233 8
34 242 9
35 249 7
36 256 7
37 266 10
38 276 10
39 285 9
40 294 9
41 302 8
42 311 9
43 320 9
44 330 10
45 339 9
46 346 7
47 355 9
48 362 7
49 371 9
50 381 10
51 391 10
52 401 10
53 411 10
54 420 9
55 429 9
56 438 9
57 446 8
58 455 9
59 463 8
60 472 9
61 482 10
62 492 10
63 500 8
64 508 8
65 517 9
66 527 10
67 536 9
68 545 9
69 553 8
70 563 10
71 572 9
72 581 9
73 591 10
74 601 10
75 611 10
76 621 10
77 630 9
78 638 8
79 647 9
80 656 9
81 666 10
82 676 10
83 685 9
84 695 10
85 703 8
86 711 8
87 721 10
88 730 9
89 739 9
90 747 8
91 757 10
92 764 7
93 773 9
94 783 10
95 791 8
96 801 10
97 810 9
98 820 10
99 828 8
100 836 8
101 844 8
102 852 8
103 861 9
104 870 9
105 880 10
106 889 9
107 898 9
108 908 10
109 914 6
110 922 8
111 931 9
112 940 9
113 949 9
114 959 10
115 968 9
116 978 10
117 987 9
118 996 9
119 1006 10
120 1016 10
121 1026 10
122 1035 9
123 1043 8
124 1050 7
125 1057 7
126 1066 9
127 1075 9
128 1082 7
129 1091 9
130 1099 8
131 1108 9
132 1117 9
133 1127 10
134 1136 9
135 1145 9
136 1152 7
137 1159 7
138 1169 10
139 1177 8
140 1186 9
141 1194 8
142 1202 8
143 1210 8
144 1219 9
145 1228 9
146 1238 10
147 1247 9
148 1257 10
149 1267 10
150 1275 8
151 1280 5
152 1289 9
153 1299 10
154 1307 8
155 1316 9
156 1324 8
157 1334 10
158 1342 8
159 1350 8
160 1359 9
161 1367 8
162 1375 8
163 1384 9
164 1394 10
165 1404 10
166 1413 9
167 1421 8
168 1431 10
169 1441 10
170 1450 9
171 1460 10
172 1468 8
173 1477 9
174 1486 9
175 1495 9
176 1504 9
177 1514 10
178 1524 10
179 1534 10
180 1543 9
181 1550 7
182 1560 10
183 1570 10
184 1579 9
185 1588 9
186 1598 10
187 1607 9
188 1615 8
189 1623 8
190 1632 9
191 1642 10
192 1652 10
193 1662 10
194 1670 8
195 1679 9
196 1689 10
197 1698 9
198 1707 9
199 1715 8
200 1724 9
201 1733 9
202 1742 9
203 1751 9
204 1761 10
205 1770 9
206 1779 9
207 1789 10
208 1797 8
209 1807 10
210 1817 10
211 1827 10
212 1837 10
213 1847 10
214 1857 10
215 1866 9
216 1875 9
217 1883 8
218 1892 9
219 1902 10
220 1911 9
221 1920 9
222 1930 10
223 1938 8
224 1947 9
225 1955 8
226 1963 8
227 1973 10
228 1983 10
229 1993 10
230 2000 7
231 2009 9
232 2018 9
233 2028 10
234 2035 7
235 2045 10
236 2055 10
237 2063 8
238 2072 9
239 2081 9
240 2091 10
241 2101 10
242 2109 8
243 2117 8
244 2127 10
245 2136 9
246 2144 8
247 2153 9
248 2162 9
249 2171 9
250 2181 10
251 2191 10
252 2201 10
253 2211 10
254 2219 8
255 2228 9
256 2238 10
257 2248 10
258 2258 10
259 2267 9
260 2277 10
261 2285 8
262 2294 9
263 2304 10
264 2311 7
265 2318 7
266 2327 9
267 2335 8
268 2343 8
269 2352 9
270 2361 9
271 2370 9
272 2378 8
273 2386 8
274 2392 6
275 2401 9
276 2410 9
277 2420 10
278 2430 10
279 2439 9
280 2448 9
281 2458 10
282 2467 9
283 2476 9
284 2486 10
285 2496 10
286 2506 10
287 2515 9
288 2525 10
289 2534 9
290 2544 10
291 2554 10
292 2562 8
293 2571 9
294 2580 9
295 2589 9
296 2599 10
297 2609 10
298 2617 8
299 2626 9
300 2635 9
301 2645 10
302 2655 10
303 2665 10
304 2674 9
305 2684 10
306 2694 10
307 2703 9
308 2711 8
309 2720 9
310 2729 9
311 2737 8
312 2746 9
313 2755 9
314 2765 10
315 2774 9
316 2783 9
317 2792 9
318 2799 7
319 2807 8
320 2815 8
321 2824 9
322 2834 10
323 2842 8
324 2850 8
325 2859 9
326 2866 7
327 2874 8
328 2883 9
329 2893 10
330 2902 9
331 2910 8
332 2920 10
333 2930 10
334 2939 9
335 2948 9
336 2958 10
337 2966 8
338 2975 9
339 2981 6
340 2989 8
341 2999 10
342 3009 10
343 3019 10
344 3027 8
345 3036 9
346 3045 9
347 3055 10
348 3064 9
349 3072 8
350 3082 10
351 3091 9
352 3101 10
353 3111 10
354 3120 9
355 3128 8
356 3138 10
357 3147 9
358 3156 9
359 3164 8
360 3171 7
361 3179 8
362 3187 8
363 3197 10
364 3205 8
365 3214 9
366 3224 10
367 3233 9
368 3243 10
369 3253 10
370 3261 8
371 3271 10
372 3281 10
373 3290 9
374 3300 10
375 3309 9
376 3317 8
377 3327 10
378 3335 8
379 3344 9
380 3354 10
381 3364 10
382 3374 10
383 3382 8
384 3392 10
385 3401 9
386 3410 9
387 3419 9
388 3428 9
389 3437 9
390 3446 9
391 3453 7
392 3463 10
393 3471 8
394 3481 10
395 3491 10
396 3501 10
397 3510 9
398 3520 10
399 3529 9
400 3536 7
401 3544 8
402 3554 10
403 3564 10
404 3573 9
405 3581 8
406 3589 8
407 3598 9
408 3608 10
409 3618 10
410 3628 10
411 3638 10
412 3648 10
413 3657 9
414 3665 8
415 3673 8
416 3681 8
417 3689 8
418 3699 10
419 3707 8
420 3717 10
421 3725 8
422 3734 9
423 3744 10
424 3753 9
425 3762 9
426 3771 9
427 3781 10
428 3790 9
429 3800 10
430 3807 7
431 3816 9
432 3824 8
433 3834 10
434 3843 9
435 3850 7
436 3859 9
437 3869 10
438 3878 9
439 3887 9
440 3897 10
441 3906 9
442 3916 10
443 3925 9
444 3935 10
445 3943 8
446 3953 10
447 3961 8
448 3970 9
449 3980 10
450 3989 9
451 3997 8
452 4007 10
453 4016 9
454 4026 10
455 4036 10
456 4043 7
457 4053 10
458 4062 9
459 4072 10
460 4082 10
461 4090 8
462 4099 9
463 4108 9
464 4117 9
465 4127 10
466 4134 7
467 4142 8
468 4151 9
469 4160 9
470 4170 10
471 4179 9
472 4186 7
473 4196 10
474 4206 10
475 4215 9
476 4225 10
477 4234 9
478 4244 10
479 4254 10
480 4263 9
481 4272 9
482 4281 9
483 4289 8
484 4296 7
485 4306 10
486 4316 10
487 4325 9
488 4334 9
489 4344 10
490 4353 9
491 4362 9
492 4372 10
493 4380 8
494 4390 10
495 4399 9
496 4409 10
497 4419 10
498 4428 9
499 4436 8
500 4446 10
