1 4 4
2 10 6
3 17 7
4 23 6
5 29 6
6 36 7
7 41 5
8 47 6
9 52 5
10 57 5
11 61 4
12 67 6
13 73 6
14 79 6
15 86 7
16 92 6
17 101 9
18 109 8
19 117 8
20 125 8
21 132 7
22 137 5
23 145 8
24 154 9
25 161 7
26 170 9
27 178 8
28 186 8
29 194 8
30 200 6
31 210 10
32 219 9
33 226 7
34 235 9
35 245 10
36 253 8
37 260 7
38 267 7
39 276 9
40 285 9
41 292 7
42 301 9
43 311 10
44 317 6
45 326 9
46 334 8
47 343 9
48 352 9
49 359 7
50 366 7
51 374 8
52 382 8
53 390 8
54 397 7
55 404 7
56 413 9
57 422 9
58 429 7
59 436 7
60 445 9
61 454 9
62 462 8
63 470 8
64 479 9
65 487 8
66 494 7
67 504 10
68 514 10
69 523 9
70 533 10
71 542 9
72 549 7
73 559 10
74 566 7
75 575 9
76 585 10
77 595 10
78 605 10
79 613 8
80 623 10
81 632 9
82 640 8
83 650 10
84 660 10
85 668 8
86 676 8
87 686 10
88 695 9
89 705 10
90 712 7
91 722 10
92 728 6
93 736 8
94 745 9
95 755 10
96 761 6
97 771 10
98 779 8
99 788 9
100 796 8
101 805 9
102 812 7
103 822 10
104 831 9
105 840 9
106 849 9
107 858 9
108 867 9
109 876 9
110 884 8
111 891 7
112 901 10
113 910 9
114 918 8
115 927 9
116 936 9
117 944 8
118 954 10
119 962 8
120 970 8
121 978 8
122 988 10
123 997 9
124 1007 10
125 1016 9
126 1026 10
127 1035 9
128 1043 8
129 1053 10
130 1061 8
131 1071 10
132 1081 10
133 1088 7
134 1098 10
135 1108 10
136 1118 10
137 1127 9
138 1136 9
139 1145 9
140 1155 10
141 1165 10
142 1175 10
143 1183 8
144 1190 7
145 1197 7
146 1205 8
147 1214 9
148 1222 8
149 1231 9
150 1241 10
151 1251 10
152 1261 10
153 1270 9
154 1279 9
155 1287 8
156 1297 10
157 1306 9
158 1313 7
159 1320 7
160 1329 9
161 1339 10
162 1348 9
163 1356 8
164 1366 10
165 1376 10
166 1386 10
167 1396 10
168 1406 10
169 1414 8
170 1424 10
171 1432 8
172 1440 8
173 1449 9
174 1458 9
175 1468 10
176 1476 8
177 1484 8
178 1492 8
179 1502 10
180 1511 9
181 1519 8
182 1528 9
183 1537 9
184 1546 9
185 1556 10
186 1566 10
187 1576 10
188 1585 9
189 1595 10
190 1605 10
191 1615 10
192 1625 10
193 1634 9
194 1644 10
195 1654 10
196 1663 9
197 1673 10
198 1683 10
199 1692 9
200 1701 9
201 1710 9
202 1720 10
203 1729 9
204 1738 9
205 1746 8
206 1754 8
207 1762 8
208 1772 10
209 1782 10
210 1792 10
211 1801 9
212 1810 9
213 1820 10
214 1829 9
215 1839 10
216 1849 10
217 1859 10
218 1869 10
219 1879 10
220 1889 10
221 1898 9
222 1908 10
223 1917 9
224 1925 8
225 1933 8
226 1941 8
227 1951 10
228 1958 7
229 1967 9
230 1975 8
231 1985 10
232 1993 8
233 2001 8
234 2010 9
235 2019 9
236 2028 9
237 2038 10
238 2046 8
239 2056 10
240 2065 9
241 2074 9
242 2083 9
243 2092 9
244 2101 9
245 2108 7
246 2118 10
247 2128 10
248 2137 9
249 2146 9
250 2156 10
251 2166 10
252 2174 8
253 2184 10
254 2193 9
255 2200 7
256 2210 10
257 2219 9
258 2228 9
259 2236 8
260 2246 10
261 2255 9
262 2263 8
263 2272 9
264 2282 10
265 2292 10
266 2302 10
267 2310 8
268 2319 9
269 2329 10
270 2337 8
271 2346 9
272 2355 9
273 2362 7
274 2370 8
275 2379 9
276 2388 9
277 2398 10
278 2407 9
279 2416 9
280 2425 9
281 2435 10
282 2445 10
283 2454 9
284 2463 9
285 2473 10
286 2481 8
287 2490 9
288 2500 10
289 2508 8
290 2518 10
291 2528 10
292 2537 9
293 2547 10
294 2556 9
295 2564 8
296 2574 10
297 2584 10
298 2594 10
299 2601 7
300 2611 10
301 2620 9
302 2629 9
303 2639 10
304 2647 8
305 2657 10
306 2665 8
307 2675 10
308 2681 6
309 2690 9
310 2697 7
311 2706 9
312 2716 10
313 2726 10
314 2735 9
315 2744 9
316 2754 10
317 2762 8
318 2771 9
319 2781 10
320 2791 10
321 2799 8
322 2808 9
323 2818 10
324 2827 9
325 2837 10
326 2847 10
327 2857 10
328 2865 8
329 2875 10
330 2882 7
331 2890 8
332 2899 9
333 2908 9
334 2917 9
335 2926 9
336 2936 10
337 2945 9
338 2954 9
339 2963 9
340 2973 10
341 2983 10
342 2992 9
343 3001 9
344 3010 9
345 3017 7
346 3025 8
347 3035 10
348 3044 9
349 3051 7
350 3061 10
351 3070 9
352 3080 10
353 3088 8
354 3097 9
355 3107 10
356 3115 8
357 3123 8
358 3133 10
359 3141 8
360 3150 9
361 3160 10
362 3169 9
363 3178 9
364 3187 9
365 3196 9
366 3205 9
367 3214 9
368 3224 10
369 3234 10
370 3243 9
371 3251 8
372 3260 9
373 3270 10
374 3278 8
375 3287 9
376 3297 10
377 3306 9
378 3316 10
379 3326 10
380 3336 10
381 3346 10
382 3355 9
383 3364 9
384 3373 9
385 3381 8
386 3390 9
387 3400 10
388 3410 10
389 3419 9
390 3428 9
391 3437 9
392 3447 10
393 3457 10
394 3467 10
395 3477 10
396 3484 7
397 3493 9
398 3502 9
399 3512 10
400 3521 9
401 3531 10
402 3541 10
403 3550 9
404 3559 9
405 3568 9
406 3576 8
407 3586 10
408 3596 10
409 3605 9
410 3614 9
411 3622 8
412 3632 10
413 3642 10
414 3651 9
415 3661 10
416 3669 8
417 3678 9
418 3687 9
419 3694 7
420 3702 8
421 3712 10
422 3722 10
423 3730 8
424 3738 8
425 3747 9
426 3755 8
427 3765 10
428 3775 10
429 3783 8
430 3793 10
431 3803 10
432 3811 8
433 3820 9
434 3829 9
435 3837 8
436 3847 10
437 3857 10
438 3864 7
439 3874 10
440 3884 10
441 3894 10
442 3902 8
443 3912 10
444 3921 9
445 3930 9
446 3939 9
447 3949 10
448 3958 9
449 3965 7
450 3974 9
451 3984 10
452 3992 8
453 4000 8
454 4010 10
455 4018 8
456 4028 10
457 4037 9
458 4047 10
459 4057 10
460 4067 10
461 4077 10
462 4086 9
463 4095 9
464 4105 10
465 4114 9
466 4123 9
467 4132 9
468 4140 8
469 4150 10
470 4160 10
471 4170 10
472 4179 9
473 4188 9
474 4198 10
475 4206 8
476 4214 8
477 4222 8
478 4232 10
479 4241 9
480 4249 8
481 4258 9
482 4267 9
483 4277 10
484 4284 7
485 4293 9
486 4302 9
487 4310 8
488 4319 9
489 4328 9
490 4338 10
491 4347 9
492 4356 9
493 4364 8
494 4373 9
495 4382 9
496 4391 9
497 4401 10
498 4409 8
499 4419 10
500 4427 8
