1 3 3
2 7 4
3 14 7
4 21 7
5 26 5
6 32 6
7 40 8
8 48 8
9 55 7
10 63 8
11 69 6
12 76 7
13 83 7
14 91 8
15 99 8
16 106 7
17 111 5
18 119 8
19 128 9
20 135 7
21 142 7
22 151 9
23 159 8
24 166 7
25 174 8
26 183 9
27 191 8
28 200 9
29 209 9
30 217 8
31 227 10
32 232 5
33 240 8
34 248 8
35 257 9
36 265 8
37 272 7
38 281 9
39 289 8
40 297 8
41 306 9
42 314 8
43 319 5
44 326 7
45 336 10
46 346 10
47 352 6
48 360 8
49 367 7
50 375 8
51 383 8
52 391 8
53 401 10
54 411 10
55 419 8
56 428 9
57 436 8
58 446 10
59 455 9
60 465 10
61 475 10
62 482 7
63 491 9
64 499 8
65 505 6
66 515 10
67 524 9
68 533 9
69 542 9
70 552 10
71 560 8
72 568 8
73 577 9
74 587 10
75 597 10
76 606 9
77 615 9
78 621 6
79 631 10
80 640 9
81 648 8
82 656 8
83 664 8
84 671 7
85 681 10
86 689 8
87 699 10
88 708 9
89 718 10
90 727 9
91 737 10
92 744 7
93 753 9
94 760 7
95 768 8
96 778 10
97 787 9
98 794 7
99 803 9
100 812 9
101 820 8
102 828 8
103 836 8
104 844 8
105 852 8
106 862 10
107 870 8
108 879 9
109 888 9
110 898 10
111 906 8
112 913 7
113 923 10
114 933 10
115 942 9
116 952 10
117 961 9
118 970 9
119 978 8
120 988 10
121 996 8
122 1004 8
123 1013 9
124 1021 8
125 1029 8
126 1038 9
127 1048 10
128 1056 8
129 1066 10
130 1072 6
131 1080 8
132 1089 9
133 1099 10
134 1108 9
135 1116 8
136 1123 7
137 1131 8
138 1141 10
139 1149 8
140 1155 6
141 1163 8
142 1173 10
143 1183 10
144 1192 9
145 1201 9
146 1208 7
147 1218 10
148 1225 7
149 1234 9
150 1244 10
151 1253 9
152 1261 8
153 1269 8
154 1278 9
155 1284 6
156 1294 10
157 1303 9
158 1313 10
159 1323 10
160 1333 10
161 1341 8
162 1350 9
163 1360 10
164 1370 10
165 1378 8
166 1385 7
167 1395 10
168 1403 8
169 1410 7
170 1419 9
171 1429 10
172 1437 8
173 1447 10
174 1454 7
175 1462 8
176 1472 10
177 1481 9
178 1489 8
179 1498 9
180 1508 10
181 1516 8
182 1525 9
183 1534 9
184 1544 10
185 1554 10
186 1563 9
187 1573 10
188 1581 8
189 1590 9
190 1598 8
191 1608 10
192 1618 10
193 1626 8
194 1636 10
195 1645 9
196 1655 10
197 1665 10
198 1675 10
199 1685 10
200 1695 10
201 1704 9
202 1713 9
203 1721 8
204 1727 6
205 1736 9
206 1744 8
207 1754 10
208 1761 7
209 1769 8
210 1778 9
211 1788 10
212 1798 10
213 1807 9
214 1816 9
215 1825 9
216 1833 8
217 1841 8
218 1849 8
219 1858 9
220 1868 10
221 1878 10
222 1888 10
223 1898 10
224 1907 9
225 1916 9
226 1925 9
227 1933 8
228 1942 9
229 1952 10
230 1960 8
231 1970 10
232 1979 9
233 1988 9
234 1998 10
235 2008 10
236 2017 9
237 2027 10
238 2037 10
239 2047 10
240 2055 8
241 2062 7
242 2072 10
243 2081 9
244 2091 10
245 2100 9
246 2109 9
247 2118 9
248 2126 8
249 2136 10
250 2145 9
251 2154 9
252 2163 9
253 2173 10
254 2182 9
255 2191 9
256 2201 10
257 2210 9
258 2219 9
259 2228 9
260 2238 10
261 2246 8
262 2256 10
263 2266 10
264 2275 9
265 2285 10
266 2295 10
267 2303 8
268 2312 9
269 2319 7
270 2328 9
271 2338 10
272 2346 8
273 2354 8
274 2363 9
275 2371 8
276 2381 10
277 2391 10
278 2401 10
279 2409 8
280 2418 9
281 2427 9
282 2437 10
283 2447 10
284 2456 9
285 2465 9
286 2473 8
287 2482 9
288 2491 9
289 2500 9
290 2510 10
291 2519 9
292 2527 8
293 2537 10
294 2547 10
295 2554 7
296 2563 9
297 2573 10
298 2583 10
299 2593 10
300 2603 10
301 2613 10
302 2622 9
303 2631 9
304 2639 8
305 2648 9
306 2656 8
307 2666 10
308 2674 8
309 2683 9
310 2693 10
311 2702 9
312 2711 9
313 2721 10
314 2730 9
315 2739 9
316 2749 10
317 2756 7
318 2764 8
319 2774 10
320 2783 9
321 2793 10
322 2800 7
323 2807 7
324 2817 10
325 2826 9
326 2835 9
327 2844 9
328 2853 9
329 2863 10
330 2870 7
331 2879 9
332 2887 8
333 2897 10
334 2906 9
335 2915 9
336 2923 8
337 2932 9
338 2942 10
339 2950 8
340 2959 9
341 2968 9
342 2978 10
343 2987 9
344 2995 8
345 3004 9
346 3013 9
347 3022 9
348 3030 8
349 3040 10
350 3048 8
351 3057 9
352 3067 10
353 3076 9
354 3085 9
355 3094 9
356 3103 9
357 3112 9
358 3120 8
359 3130 10
360 3140 10
361 3149 9
362 3159 10
363 3167 8
364 3176 9
365 3185 9
366 3193 8
367 3203 10
368 3212 9
369 3219 7
370 3228 9
371 3238 10
372 3246 8
373 3256 10
374 3264 8
375 3273 9
376 3282 9
377 3292 10
378 3302 10
379 3309 7
380 3319 10
381 3328 9
382 3337 9
383 3346 9
384 3353 7
385 3363 10
386 3372 9
387 3381 9
388 3390 9
389 3399 9
390 3408 9
391 3418 10
392 3428 10
393 3437 9
394 3446 9
395 3455 9
396 3464 9
397 3472 8
398 3482 10
399 3490 8
400 3499 9
401 3509 10
402 3518 9
403 3528 10
404 3536 8
405 3545 9
406 3555 10
407 3565 10
408 3573 8
409 3582 9
410 3590 8
411 3600 10
412 3610 10
413 3620 10
414 3630 10
415 3638 8
416 3646 8
417 3655 9
418 3665 10
419 3675 10
420 3685 10
421 3694 9
422 3701 7
423 3711 10
424 3720 9
425 3730 10
426 3740 10
427 3750 10
428 3759 9
429 3768 9
430 3778 10
431 3788 10
432 3794 6
433 3803 9
434 3812 9
435 3821 9
436 3831 10
437 3841 10
438 3851 10
439 3858 7
440 3866 8
441 3876 10
442 3886 10
443 3895 9
444 3904 9
445 3913 9
446 3923 10
447 3932 9
448 3940 8
449 3949 9
450 3959 10
451 3967 8
452 3976 9
453 3985 9
454 3995 10
455 4004 9
456 4014 10
457 4024 10
458 4034 10
459 4044 10
460 4053 9
461 4063 10
462 4072 9
463 4082 10
464 4091 9
465 4101 10
466 4111 10
467 4119 8
468 4129 10
469 4138 9
470 4146 8
471 4155 9
472 4163 8
473 4172 9
474 4181 9
475 4190 9
476 4198 8
477 4207 9
478 4215 8
479 4225 10
480 4235 10
481 4245 10
482 4254 9
483 4264 10
484 4273 9
485 4281 8
486 4291 10
487 4301 10
488 4311 10
489 4321 10
490 4330 9
491 4338 8
492 4348 10
493 4358 10
494 4367 9
495 4376 9
496 4386 10
497 4396 10
498 4406 10
499 4415 9
500 4424 9
