1 6 6
2 13 7
3 16 3
4 23 7
5 31 8
6 36 5
7 42 6
8 49 7
9 56 7
10 64 8
11 71 7
12 76 5
13 81 5
14 87 6
15 96 9
16 102 6
17 110 8
18 116 6
19 126 10
20 133 7
21 142 9
22 151 9
23 159 8
24 166 7
25 174 8
26 181 7
27 188 7
28 196 8
29 204 8
30 212 8
31 221 9
32 229 8
33 238 9
34 247 9
35 255 8
36 263 8
37 270 7
38 280 10
39 290 10
40 299 9
41 306 7
42 316 10
43 324 8
44 333 9
45 341 8
46 351 10
47 356 5
48 363 7
49 370 7
50 379 9
51 388 9
52 394 6
53 401 7
54 410 9
55 418 8
56 427 9
57 435 8
58 443 8
59 452 9
60 461 9
61 470 9
62 477 7
63 486 9
64 494 8
65 504 10
66 511 7
67 519 8
68 527 8
69 536 9
70 544 8
71 552 8
72 562 10
73 570 8
74 578 8
75 588 10
76 596 8
77 605 9
78 614 9
79 623 9
80 632 9
81 642 10
82 649 7
83 657 8
84 666 9
85 676 10
86 685 9
87 692 7
88 699 7
89 708 9
90 715 7
91 725 10
92 733 8
93 741 8
94 751 10
95 760 9
96 767 7
97 775 8
98 784 9
99 791 7
100 801 10
101 809 8
102 819 10
103 828 9
104 837 9
105 846 9
106 855 9
107 861 6
108 870 9
109 878 8
110 888 10
111 898 10
112 908 10
113 918 10
114 926 8
115 935 9
116 944 9
117 952 8
118 962 10
119 971 9
120 981 10
121 991 10
122 1000 9
123 1008 8
124 1018 10
125 1028 10
126 1038 10
127 1046 8
128 1056 10
129 1065 9
130 1075 10
131 1083 8
132 1093 10
133 1100 7
134 1110 10
135 1117 7
136 1127 10
137 1136 9
138 1145 9
139 1154 9
140 1164 10
141 1172 8
142 1182 10
143 1190 8
144 1200 10
145 1210 10
146 1220 10
147 1229 9
148 1239 10
149 1248 9
150 1258 10
151 1268 10
152 1277 9
153 1285 8
154 1292 7
155 1300 8
156 1308 8
157 1317 9
158 1327 10
159 1337 10
160 1347 10
161 1356 9
162 1365 9
163 1374 9
164 1384 10
165 1393 9
166 1403 10
167 1412 9
168 1421 9
169 1431 10
170 1440 9
171 1447 7
172 1457 10
173 1465 8
174 1475 10
175 1483 8
176 1492 9
177 1500 8
178 1509 9
179 1518 9
180 1527 9
181 1537 10
182 1547 10
183 1556 9
184 1566 10
185 1574 8
186 1583 9
187 1593 10
188 1602 9
189 1612 10
190 1620 8
191 1629 9
192 1637 8
193 1645 8
194 1653 8
195 1662 9
196 1671 9
197 1680 9
198 1690 10
199 1700 10
200 1709 9
201 1718 9
202 1728 10
203 1737 9
204 1747 10
205 1757 10
206 1763 6
207 1773 10
208 1783 10
209 1792 9
210 1802 10
211 1810 8
212 1820 10
213 1830 10
214 1839 9
215 1848 9
216 1858 10
217 1867 9
218 1876 9
219 1885 9
220 1895 10
221 1903 8
222 1912 9
223 1922 10
224 1932 10
225 1940 8
226 1948 8
227 1957 9
228 1966 9
229 1974 8
230 1982 8
231 1992 10
232 2001 9
233 2009 8
234 2018 9
235 2028 10
236 2038 10
237 2047 9
238 2056 9
239 2066 10
240 2076 10
241 2085 9
242 2093 8
243 2102 9
244 2110 8
245 2120 10
246 2130 10
247 2139 9
248 2147 8
249 2157 10
250 2167 10
251 2176 9
252 2185 9
253 2194 9
254 2201 7
255 2210 9
256 2220 10
257 2229 9
258 2238 9
259 2247 9
260 2256 9
261 2265 9
262 2275 10
263 2283 8
264 2291 8
265 2301 10
266 2309 8
267 2318 9
268 2326 8
269 2336 10
270 2345 9
271 2355 10
272 2365 10
273 2374 9
274 2383 9
275 2392 9
276 2402 10
277 2410 8
278 2419 9
279 2429 10
280 2438 9
281 2447 9
282 2457 10
283 2466 9
284 2475 9
285 2485 10
286 2494 9
287 2504 10
288 2514 10
289 2524 10
290 2534 10
291 2543 9
292 2552 9
293 2562 10
294 2571 9
295 2581 10
296 2590 9
297 2599 9
298 2609 10
299 2617 8
300 2626 9
301 2636 10
302 2645 9
303 2655 10
304 2664 9
305 2673 9
306 2683 10
307 2692 9
308 2702 10
309 2711 9
310 2720 9
311 2730 10
312 2739 9
313 2747 8
314 2756 9
315 2766 10
316 2775 9
317 2783 8
318 2792 9
319 2801 9
320 2810 9
321 2820 10
322 2828 8
323 2837 9
324 2847 10
325 2855 8
326 2864 9
327 2872 8
328 2881 9
329 2889 8
330 2897 8
331 2906 9
332 2916 10
333 2926 10
334 2935 9
335 2945 10
336 2954 9
337 2964 10
338 2973 9
339 2983 10
340 2991 8
341 3001 10
342 3010 9
343 3020 10
344 3028 8
345 3038 10
346 3047 9
347 3057 10
348 3066 9
349 3076 10
350 3086 10
351 3095 9
352 3105 10
353 3113 8
354 3122 9
355 3131 9
356 3138 7
357 3148 10
358 3158 10
359 3166 8
360 3176 10
361 3185 9
362 3195 10
363 3203 8
364 3213 10
365 3221 8
366 3231 10
367 3241 10
368 3251 10
369 3261 10
370 3270 9
371 3279 9
372 3287 8
373 3295 8
374 3304 9
375 3311 7
376 3320 9
377 3329 9
378 3338 9
379 3348 10
380 3358 10
381 3368 10
382 3377 9
383 3386 9
384 3395 9
385 3404 9
386 3413 9
387 3423 10
388 3432 9
389 3441 9
390 3451 10
391 3461 10
392 3471 10
393 3481 10
394 3490 9
395 3497 7
396 3507 10
397 3517 10
398 3526 9
399 3536 10
400 3546 10
401 3555 9
402 3565 10
403 3575 10
404 3585 10
405 3594 9
406 3604 10
407 3614 10
408 3624 10
409 3633 9
410 3643 10
411 3653 10
412 3663 10
413 3672 9
414 3682 10
415 3691 9
416 3701 10
417 3710 9
418 3720 10
419 3730 10
420 3739 9
421 3748 9
422 3758 10
423 3766 8
424 3776 10
425 3786 10
426 3794 8
427 3803 9
428 3812 9
429 3822 10
430 3832 10
431 3842 10
432 3852 10
433 3862 10
434 3872 10
435 3882 10
436 3892 10
437 3901 9
438 3911 10
439 3920 9
440 3929 9
441 3938 9
442 3946 8
443 3955 9
444 3962 7
445 3970 8
446 3980 10
447 3990 10
448 3999 9
449 4007 8
450 4017 10
451 4026 9
452 4036 10
453 4046 10
454 4055 9
455 4065 10
456 4074 9
457 4084 10
458 4093 9
459 4103 10
460 4111 8
461 4119 8
462 4129 10
463 4138 9
464 4147 9
465 4156 9
466 4165 9
467 4175 10
468 4185 10
469 4194 9
470 4202 8
471 4211 9
472 4221 10
473 4230 9
474 4238 8
475 4248 10
476 4257 9
477 4267 10
478 4277 10
479 4287 10
480 4297 10
481 4306 9
482 4316 10
483 4326 10
484 4336 10
485 4345 9
486 4355 10
487 4365 10
488 4375 10
489 4385 10
490 4394 9
491 4403 9
492 4412 9
493 4421 9
494 4431 10
495 4441 10
496 4449 8
497 4459 10
498 4469 10
499 4479 10
500 4489 10
