1 2 2
2 7 5
3 11 4
4 17 6
5 24 7
6 32 8
7 37 5
8 44 7
9 50 6
10 56 6
11 63 7
12 71 8
13 79 8
14 84 5
15 92 8
16 96 4
17 106 10
18 113 7
19 121 8
20 130 9
21 138 8
22 147 9
23 156 9
24 165 9
25 173 8
26 180 7
27 188 8
28 198 10
29 207 9
30 217 10
31 227 10
32 236 9
33 245 9
34 254 9
35 261 7
36 269 8
37 279 10
38 288 9
39 297 9
40 307 10
41 316 9
42 323 7
43 330 7
44 338 8
45 344 6
46 353 9
47 362 9
48 370 8
49 377 7
50 386 9
51 395 9
52 403 8
53 412 9
54 420 8
55 426 6
56 432 6
57 440 8
58 447 7
59 456 9
60 464 8
61 471 7
62 479 8
63 488 9
64 495 7
65 504 9
66 513 9
67 521 8
68 530 9
69 540 10
70 550 10
71 559 9
72 567 8
73 574 7
74 583 9
75 592 9
76 598 6
77 607 9
78 616 9
79 626 10
80 633 7
81 643 10
82 651 8
83 659 8
84 667 8
85 675 8
86 682 7
87 690 8
88 698 8
89 708 10
90 717 9
91 726 9
92 733 7
93 743 10
94 752 9
95 762 10
96 771 9
97 779 8
98 788 9
99 798 10
100 807 9
101 816 9
102 825 9
103 834 9
104 842 8
105 852 10
106 860 8
107 868 8
108 877 9
109 887 10
110 896 9
111 905 9
112 914 9
113 924 10
114 934 10
115 944 10
116 953 9
117 963 10
118 971 8
119 980 9
120 987 7
121 995 8
122 1004 9
123 1013 9
124 1020 7
125 1030 10
126 1038 8
127 1047 9
128 1056 9
129 1065 9
130 1075 10
131 1083 8
132 1092 9
133 1101 9
134 1110 9
135 1120 10
136 1129 9
137 1136 7
138 1145 9
139 1154 9
140 1162 8
141 1170 8
142 1180 10
143 1189 9
144 1198 9
145 1206 8
146 1216 10
147 1224 8
148 1233 9
149 1243 10
150 1252 9
151 1260 8
152 1270 10
153 1280 10
154 1290 10
155 1298 8
156 1307 9
157 1316 9
158 1326 10
159 1335 9
160 1345 10
161 1354 9
162 1363 9
163 1373 10
164 1382 9
165 1390 8
166 1400 10
167 1408 8
168 1416 8
169 1423 7
170 1432 9
171 1442 10
172 1451 9
173 1459 8
174 1469 10
175 1477 8
176 1485 8
177 1495 10
178 1505 10
179 1512 7
180 1521 9
181 1531 10
182 1540 9
183 1548 8
184 1556 8
185 1562 6
186 1570 8
187 1579 9
188 1589 10
189 1598 9
190 1607 9
191 1616 9
192 1626 10
193 1635 9
194 1643 8
195 1653 10
196 1662 9
197 1671 9
198 1679 8
199 1688 9
200 1698 10
201 1707 9
202 1717 10
203 1726 9
204 1736 10
205 1746 10
206 1756 10
207 1765 9
208 1774 9
209 1782 8
210 1791 9
211 1800 9
212 1809 9
213 1816 7
214 1824 8
215 1833 9
216 1843 10
217 1853 10
218 1863 10
219 1872 9
220 1881 9
221 1891 10
222 1901 10
223 1910 9
224 1918 8
225 1928 10
226 1937 9
227 1947 10
228 1955 8
229 1965 10
230 1973 8
231 1983 10
232 1992 9
233 1999 7
234 2009 10
235 2019 10
236 2029 10
237 2039 10
238 2049 10
239 2058 9
240 2068 10
241 2078 10
242 2087 9
243 2095 8
244 2105 10
245 2114 9
246 2123 9
247 2133 10
248 2141 8
249 2150 9
250 2159 9
251 2169 10
252 2175 6
253 2185 10
254 2193 8
255 2202 9
256 2211 9
257 2219 8
258 2226 7
259 2234 8
260 2244 10
261 2253 9
262 2261 8
263 2271 10
264 2280 9
265 2290 10
266 2299 9
267 2309 10
268 2319 10
269 2328 9
270 2338 10
271 2347 9
272 2357 10
273 2366 9
274 2374 8
275 2384 10
276 2393 9
277 2403 10
278 2412 9
279 2422 10
280 2432 10
281 2442 10
282 2449 7
283 2459 10
284 2469 10
285 2479 10
286 2488 9
287 2496 8
288 2505 9
289 2514 9
290 2523 9
291 2532 9
292 2542 10
293 2552 10
294 2562 10
295 2572 10
296 2580 8
297 2590 10
298 2600 10
299 2609 9
300 2619 10
301 2628 9
302 2637 9
303 2646 9
304 2655 9
305 2664 9
306 2673 9
307 2682 9
308 2690 8
309 2698 8
310 2707 9
311 2714 7
312 2723 9
313 2733 10
314 2743 10
315 2753 10
316 2762 9
317 2772 10
318 2781 9
319 2790 9
320 2800 10
321 2810 10
322 2818 8
323 2827 9
324 2836 9
325 2845 9
326 2854 9
327 2864 10
328 2873 9
329 2883 10
330 2892 9
331 2902 10
332 2912 10
333 2921 9
334 2930 9
335 2940 10
336 2950 10
337 2960 10
338 2968 8
339 2975 7
340 2984 9
341 2992 8
342 3001 9
343 3010 9
344 3018 8
345 3027 9
346 3037 10
347 3047 10
348 3057 10
349 3067 10
350 3075 8
351 3085 10
352 3094 9
353 3103 9
354 3113 10
355 3123 10
356 3133 10
357 3143 10
358 3153 10
359 3163 10
360 3173 10
361 3181 8
362 3190 9
363 3200 10
364 3209 9
365 3218 9
366 3227 9
367 3237 10
368 3246 9
369 3255 9
370 3265 10
371 3274 9
372 3282 8
373 3291 9
374 3299 8
375 3309 10
376 3319 10
377 3329 10
378 3339 10
379 3349 10
380 3356 7
381 3365 9
382 3374 9
383 3382 8
384 3391 9
385 3399 8
386 3409 10
387 3418 9
388 3427 9
389 3437 10
390 3447 10
391 3457 10
392 3465 8
393 3474 9
394 3483 9
395 3493 10
396 3501 8
397 3510 9
398 3518 8
399 3528 10
400 3535 7
401 3543 8
402 3552 9
403 3562 10
404 3571 9
405 3580 9
406 3589 9
407 3599 10
408 3608 9
409 3618 10
410 3628 10
411 3637 9
412 3646 9
413 3653 7
414 3663 10
415 3673 10
416 3683 10
417 3692 9
418 3702 10
419 3711 9
420 3721 10
421 3730 9
422 3740 10
423 3749 9
424 3757 8
425 3767 10
426 3777 10
427 3786 9
428 3796 10
429 3805 9
430 3814 9
431 3824 10
432 3830 6
433 3840 10
434 3850 10
435 3859 9
436 3867 8
437 3877 10
438 3887 10
439 3897 10
440 3907 10
441 3916 9
442 3926 10
443 3935 9
444 3945 10
445 3954 9
446 3964 10
447 3974 10
448 3983 9
449 3993 10
450 4003 10
451 4013 10
452 4022 9
453 4032 10
454 4041 9
455 4050 9
456 4060 10
457 4069 9
458 4079 10
459 4089 10
460 4098 9
461 4108 10
462 4118 10
463 4127 9
464 4136 9
465 4145 9
466 4154 9
467 4164 10
468 4174 10
469 4184 10
470 4194 10
471 4204 10
472 4214 10
473 4223 9
474 4233 10
475 4243 10
476 4252 9
477 4260 8
478 4270 10
479 4280 10
480 4288 8
481 4298 10
482 4306 8
483 4313 7
484 4323 10
485 4333 10
486 4343 10
487 4352 9
488 4361 9
489 4371 10
490 4379 8
491 4387 8
492 4395 8
493 4404 9
494 4414 10
495 4424 10
496 4434 10
497 4444 10
498 4453 9
499 4462 9
500 4471 9
