1 1 1
2 9 8
3 13 4
4 19 6
5 25 6
6 32 7
7 40 8
8 45 5
9 51 6
10 55 4
11 64 9
12 71 7
13 78 7
14 87 9
15 96 9
16 104 8
17 112 8
18 119 7
19 128 9
20 136 8
21 145 9
22 153 8
23 162 9
24 171 9
25 179 8
26 187 8
27 194 7
28 201 7
29 209 8
30 219 10
31 228 9
32 236 8
33 243 7
34 250 7
35 260 10
36 266 6
37 276 10
38 284 8
39 293 9
40 301 8
41 311 10
42 319 8
43 328 9
44 336 8
45 346 10
46 356 10
47 365 9
48 373 8
49 381 8
50 388 7
51 396 8
52 403 7
53 411 8
54 419 8
55 427 8
56 437 10
57 447 10
58 456 9
59 466 10
60 476 10
61 483 7
62 492 9
63 502 10
64 511 9
65 519 8
66 527 8
67 536 9
68 544 8
69 551 7
70 561 10
71 570 9
72 578 8
73 588 10
74 595 7
75 603 8
76 610 7
77 619 9
78 628 9
79 636 8
80 644 8
81 653 9
82 662 9
83 672 10
84 681 9
85 690 9
86 699 9
87 708 9
88 718 10
89 726 8
90 736 10
91 745 9
92 755 10
93 763 8
94 772 9
95 781 9
96 791 10
97 800 9
98 809 9
99 818 9
100 826 8
101 835 9
102 844 9
103 853 9
104 862 9
105 871 9
106 880 9
107 889 9
108 898 9
109 905 7
110 915 10
111 925 10
112 935 10
113 945 10
114 954 9
115 963 9
116 972 9
117 982 10
118 991 9
119 1000 9
120 1010 10
121 1019 9
122 1027 8
123 1037 10
124 1045 8
125 1053 8
126 1063 10
127 1073 10
128 1082 9
129 1092 10
130 1102 10
131 1112 10
132 1121 9
133 1130 9
134 1140 10
135 1149 9
136 1158 9
137 1167 9
138 1176 9
139 1186 10
140 1196 10
141 1206 10
142 1215 9
143 1224 9
144 1232 8
145 1241 9
146 1250 9
147 1258 8
148 1266 8
149 1276 10
150 1283 7
151 1292 9
152 1302 10
153 1311 9
154 1321 10
155 1330 9
156 1340 10
157 1349 9
158 1359 10
159 1369 10
160 1379 10
161 1388 9
162 1398 10
163 1408 10
164 1417 9
165 1425 8
166 1432 7
167 1442 10
168 1450 8
169 1459 9
170 1466 7
171 1476 10
172 1483 7
173 1493 10
174 1502 9
175 1512 10
176 1522 10
177 1532 10
178 1541 9
179 1549 8
180 1558 9
181 1566 8
182 1576 10
183 1585 9
184 1594 9
185 1604 10
186 1613 9
187 1623 10
188 1633 10
189 1641 8
190 1650 9
191 1660 10
192 1669 9
193 1676 7
194 1684 8
195 1693 9
196 1703 10
197 1712 9
198 1721 9
199 1731 10
200 1741 10
201 1751 10
202 1759 8
203 1767 8
204 1777 10
205 1784 7
206 1792 8
207 1802 10
208 1812 10
209 1821 9
210 1830 9
211 1840 10
212 1848 8
213 1858 10
214 1867 9
215 1875 8
216 1885 10
217 1893 8
218 1903 10
219 1912 9
220 1920 8
221 1929 9
222 1938 9
223 1948 10
224 1957 9
225 1967 10
226 1977 10
227 1986 9
228 1996 10
229 2004 8
230 2014 10
231 2023 9
232 2033 10
233 2043 10
234 2052 9
235 2059 7
236 2068 9
237 2078 10
238 2085 7
239 2094 9
240 2104 10
241 2114 10
242 2123 9
243 2131 8
244 2140 9
245 2150 10
246 2160 10
247 2170 10
248 2179 9
249 2189 10
250 2198 9
251 2208 10
252 2218 10
253 2228 10
254 2238 10
255 2248 10
256 2258 10
257 2266 8
258 2276 10
259 2285 9
260 2294 9
261 2304 10
262 2313 9
263 2323 10
264 2333 10
265 2341 8
266 2351 10
267 2361 10
268 2370 9
269 2379 9
270 2389 10
271 2398 9
272 2407 9
273 2417 10
274 2427 10
275 2436 9
276 2445 9
277 2454 9
278 2463 9
279 2473 10
280 2483 10
281 2493 10
282 2502 9
283 2512 10
284 2521 9
285 2527 6
286 2537 10
287 2546 9
288 2554 8
289 2562 8
290 2571 9
291 2581 10
292 2590 9
293 2599 9
294 2607 8
295 2617 10
296 2626 9
297 2636 10
298 2646 10
299 2656 10
300 2665 9
301 2675 10
302 2683 8
303 2691 8
304 2700 9
305 2710 10
306 2718 8
307 2727 9
308 2736 9
309 2745 9
310 2753 8
311 2763 10
312 2772 9
313 2782 10
314 2791 9
315 2800 9
316 2810 10
317 2820 10
318 2830 10
319 2840 10
320 2849 9
321 2859 10
322 2868 9
323 2877 9
324 2886 9
325 2896 10
326 2906 10
327 2914 8
328 2923 9
329 2933 10
330 2942 9
331 2952 10
332 2962 10
333 2971 9
334 2980 9
335 2989 9
336 2997 8
337 3005 8
338 3013 8
339 3023 10
340 3032 9
341 3042 10
342 3050 8
343 3057 7
344 3065 8
345 3075 10
346 3084 9
347 3092 8
348 3100 8
349 3110 10
350 3119 9
351 3128 9
352 3137 9
353 3147 10
354 3156 9
355 3166 10
356 3176 10
357 3185 9
358 3194 9
359 3204 10
360 3214 10
361 3223 9
362 3230 7
363 3239 9
364 3247 8
365 3257 10
366 3267 10
367 3276 9
368 3285 9
369 3294 9
370 3302 8
371 3310 8
372 3320 10
373 3330 10
374 3339 9
375 3349 10
376 3358 9
377 3367 9
378 3377 10
379 3387 10
380 3397 10
381 3405 8
382 3415 10
383 3423 8
384 3432 9
385 3440 8
386 3449 9
387 3458 9
388 3467 9
389 3477 10
390 3487 10
391 3495 8
392 3504 9
393 3512 8
394 3520 8
395 3530 10
396 3540 10
397 3549 9
398 3559 10
399 3568 9
400 3577 9
401 3585 8
402 3595 10
403 3604 9
404 3613 9
405 3622 9
406 3631 9
407 3640 9
408 3649 9
409 3658 9
410 3665 7
411 3675 10
412 3685 10
413 3695 10
414 3705 10
415 3715 10
416 3725 10
417 3733 8
418 3743 10
419 3752 9
420 3762 10
421 3771 9
422 3780 9
423 3790 10
424 3800 10
425 3809 9
426 3819 10
427 3829 10
428 3839 10
429 3849 10
430 3859 10
431 3869 10
432 3878 9
433 3886 8
434 3896 10
435 3906 10
436 3916 10
437 3926 10
438 3936 10
439 3945 9
440 3955 10
441 3965 10
442 3975 10
443 3984 9
444 3994 10
445 4003 9
446 4013 10
447 4022 9
448 4032 10
449 4042 10
450 4050 8
451 4059 9
452 4067 8
453 4076 9
454 4086 10
455 4095 9
456 4105 10
457 4114 9
458 4124 10
459 4132 8
460 4142 10
461 4152 10
462 4162 10
463 4172 10
464 4180 8
465 4190 10
466 4199 9
467 4209 10
468 4219 10
469 4227 8
470 4237 10
471 4247 10
472 4257 10
473 4267 10
474 4276 9
475 4285 9
476 4293 8
477 4303 10
478 4313 10
479 4323 10
480 4332 9
481 4342 10
482 4352 10
483 4361 9
484 4370 9
485 4380 10
486 4390 10
487 4399 9
488 4408 9
489 4418 10
490 4426 8
491 4435 9
492 4444 9
493 4454 10
494 4463 9
495 4472 9
496 4482 10
497 4491 9
498 4501 10
499 4511 10
500 4521 10
