1 4 4
2 12 8
3 20 8
4 29 9
5 36 7
6 42 6
7 48 6
8 53 5
9 59 6
10 68 9
11 74 6
12 80 6
13 86 6
14 95 9
15 102 7
16 110 8
17 117 7
18 124 7
19 132 8
20 140 8
21 150 10
22 158 8
23 167 9
24 172 5
25 181 9
26 189 8
27 198 9
28 206 8
29 213 7
30 221 8
31 229 8
32 238 9
33 247 9
34 256 9
35 266 10
36 276 10
37 285 9
38 295 10
39 304 9
40 313 9
41 322 9
42 332 10
43 341 9
44 348 7
45 358 10
46 367 9
47 376 9
48 386 10
49 396 10
50 403 7
51 411 8
52 420 9
53 428 8
54 435 7
55 443 8
56 452 9
57 462 10
58 469 7
59 477 8
60 486 9
61 495 9
62 504 9
63 512 8
64 519 7
65 529 10
66 537 8
67 545 8
68 555 10
69 565 10
70 574 9
71 584 10
72 591 7
73 600 9
74 610 10
75 620 10
76 628 8
77 638 10
78 648 10
79 658 10
80 666 8
81 675 9
82 685 10
83 694 9
84 704 10
85 713 9
86 723 10
87 732 9
88 741 9
89 751 10
90 759 8
91 767 8
92 776 9
93 783 7
94 793 10
95 801 8
96 811 10
97 821 10
98 829 8
99 839 10
100 849 10
101 858 9
102 868 10
103 877 9
104 884 7
105 893 9
106 903 10
107 912 9
108 922 10
109 930 8
110 938 8
111 948 10
112 957 9
113 966 9
114 975 9
115 983 8
116 991 8
117 1000 9
118 1009 9
119 1019 10
120 1027 8
121 1037 10
122 1047 10
123 1057 10
124 1067 10
125 1076 9
126 1085 9
127 1095 10
128 1104 9
129 1114 10
130 1124 10
131 1134 10
132 1144 10
133 1153 9
134 1162 9
135 1170 8
136 1179 9
137 1188 9
138 1196 8
139 1206 10
140 1212 6
141 1219 7
142 1228 9
143 1237 9
144 1245 8
145 1253 8
146 1262 9
147 1272 10
148 1278 6
149 1288 10
150 1297 9
151 1307 10
152 1317 10
153 1326 9
154 1335 9
155 1344 9
156 1354 10
157 1364 10
158 1374 10
159 1382 8
160 1392 10
161 1400 8
162 1409 9
163 1418 9
164 1426 8
165 1435 9
166 1445 10
167 1454 9
168 1461 7
169 1469 8
170 1478 9
171 1488 10
172 1497 9
173 1505 8
174 1512 7
175 1522 10
176 1531 9
177 1539 8
178 1549 10
179 1557 8
180 1566 9
181 1574 8
182 1583 9
183 1592 9
184 1601 9
185 1611 10
186 1619 8
187 1626 7
188 1636 10
189 1646 10
190 1654 8
191 1664 10
192 1673 9
193 1682 9
194 1691 9
195 1700 9
196 1708 8
197 1716 8
198 1725 9
199 1734 9
200 1743 9
201 1752 9
202 1762 10
203 1771 9
204 1779 8
205 1787 8
206 1796 9
207 1805 9
208 1813 8
209 1823 10
210 1833 10
211 1843 10
212 1851 8
213 1859 8
214 1869 10
215 1878 9
216 1885 7
217 1894 9
218 1904 10
219 1912 8
220 1921 9
221 1929 8
222 1938 9
223 1948 10
224 1957 9
225 1967 10
226 1977 10
227 1987 10
228 1996 9
229 2005 9
230 2015 10
231 2025 10
232 2033 8
233 2041 8
234 2050 9
235 2060 10
236 2069 9
237 2078 9
238 2088 10
239 2098 10
240 2105 7
241 2113 8
242 2122 9
243 2130 8
244 2139 9
245 2148 9
246 2156 8
247 2166 10
248 2176 10
249 2185 9
250 2195 10
251 2205 10
252 2211 6
253 2220 9
254 2229 9
255 2239 10
256 2249 10
257 2258 9
258 2267 9
259 2276 9
260 2285 9
261 2293 8
262 2302 9
263 2311 9
264 2320 9
265 2329 9
266 2337 8
267 2346 9
268 2354 8
269 2363 9
270 2371 8
271 2381 10
272 2390 9
273 2400 10
274 2408 8
275 2418 10
276 2428 10
277 2436 8
278 2446 10
279 2456 10
280 2465 9
281 2474 9
282 2484 10
283 2494 10
284 2502 8
285 2511 9
286 2521 10
287 2531 10
288 2540 9
289 2549 9
290 2558 9
291 2566 8
292 2575 9
293 2584 9
294 2594 10
295 2603 9
296 2612 9
297 2620 8
298 2630 10
299 2640 10
300 2649 9
301 2658 9
302 2668 10
303 2678 10
304 2686 8
305 2696 10
306 2705 9
307 2715 10
308 2723 8
309 2733 10
310 2742 9
311 2751 9
312 2759 8
313 2768 9
314 2775 7
315 2783 8
316 2792 9
317 2801 9
318 2809 8
319 2817 8
320 2826 9
321 2835 9
322 2844 9
323 2853 9
324 2862 9
325 2872 10
326 2881 9
327 2889 8
328 2898 9
329 2906 8
330 2915 9
331 2922 7
332 2931 9
333 2940 9
334 2950 10
335 2960 10
336 2970 10
337 2980 10
338 2987 7
339 2997 10
340 3007 10
341 3015 8
342 3025 10
343 3035 10
344 3044 9
345 3054 10
346 3064 10
347 3074 10
348 3084 10
349 3094 10
350 3104 10
351 3114 10
352 3124 10
353 3133 9
354 3143 10
355 3151 8
356 3160 9
357 3167 7
358 3177 10
359 3186 9
360 3195 9
361 3205 10
362 3213 8
363 3221 8
364 3229 8
365 3239 10
366 3249 10
367 3259 10
368 3268 9
369 3277 9
370 3286 9
371 3295 9
372 3304 9
373 3313 9
374 3322 9
375 3332 10
376 3341 9
377 3348 7
378 3357 9
379 3365 8
380 3374 9
381 3383 9
382 3392 9
383 3402 10
384 3412 10
385 3421 9
386 3430 9
387 3439 9
388 3448 9
389 3457 9
390 3466 9
391 3475 9
392 3485 10
393 3494 9
394 3503 9
395 3512 9
396 3522 10
397 3532 10
398 3542 10
399 3552 10
400 3562 10
401 3572 10
402 3580 8
403 3590 10
404 3600 10
405 3610 10
406 3620 10
407 3629 9
408 3639 10
409 3649 10
410 3659 10
411 3667 8
412 3677 10
413 3687 10
414 3696 9
415 3706 10
416 3714 8
417 3724 10
418 3733 9
419 3742 9
420 3751 9
421 3759 8
422 3769 10
423 3778 9
424 3787 9
425 3797 10
426 3806 9
427 3816 10
428 3826 10
429 3835 9
430 3845 10
431 3855 10
432 3864 9
433 3874 10
434 3884 10
435 3894 10
436 3903 9
437 3912 9
438 3921 9
439 3929 8
440 3937 8
441 3947 10
442 3957 10
443 3967 10
444 3974 7
445 3982 8
446 3991 9
447 4001 10
448 4011 10
449 4020 9
450 4030 10
451 4039 9
452 4048 9
453 4058 10
454 4068 10
455 4078 10
456 4088 10
457 4098 10
458 4108 10
459 4118 10
460 4128 10
461 4138 10
462 4148 10
463 4157 9
464 4166 9
465 4176 10
466 4185 9
467 4194 9
468 4204 10
469 4214 10
470 4224 10
471 4233 9
472 4241 8
473 4250 9
474 4258 8
475 4266 8
476 4275 9
477 4283 8
478 4292 9
479 4301 9
480 4310 9
481 4319 9
482 4329 10
483 4339 10
484 4348 9
485 4358 10
486 4367 9
487 4376 9
488 4385 9
489 4395 10
490 4404 9
491 4413 9
492 4422 9
493 4431 9
494 4441 10
495 4449 8
496 4459 10
497 4468 9
498 4478 10
499 4486 8
500 4496 10
