1 3 3
2 9 6
3 16 7
4 24 8
5 31 7
6 35 4
7 41 6
8 47 6
9 55 8
10 59 4
11 62 3
12 70 8
13 78 8
14 84 6
15 93 9
16 97 4
17 104 7
18 113 9
19 120 7
20 128 8
21 137 9
22 147 10
23 156 9
24 163 7
25 173 10
26 183 10
27 193 10
28 202 9
29 211 9
30 218 7
31 227 9
32 235 8
33 243 8
34 252 9
35 259 7
36 267 8
37 277 10
38 285 8
39 294 9
40 301 7
41 311 10
42 321 10
43 330 9
44 340 10
45 350 10
46 358 8
47 368 10
48 376 8
49 382 6
50 391 9
51 401 10
52 408 7
53 418 10
54 427 9
55 436 9
56 445 9
57 455 10
58 463 8
59 471 8
60 480 9
61 489 9
62 498 9
63 506 8
64 515 9
65 525 10
66 533 8
67 543 10
68 550 7
69 560 10
70 566 6
71 575 9
72 585 10
73 594 9
74 602 8
75 611 9
76 621 10
77 630 9
78 637 7
79 646 9
80 655 9
81 665 10
82 674 9
83 683 9
84 692 9
85 702 10
86 712 10
87 720 8
88 729 9
89 738 9
90 748 10
91 756 8
92 763 7
93 773 10
94 782 9
95 791 9
96 799 8
97 808 9
98 818 10
99 825 7
100 834 9
101 844 10
102 851 7
103 860 9
104 870 10
105 880 10
106 886 6
107 895 9
108 905 10
109 914 9
110 923 9
111 932 9
112 942 10
113 952 10
114 960 8
115 969 9
116 979 10
117 987 8
118 997 10
119 1007 10
120 1016 9
121 1026 10
122 1036 10
123 1046 10
124 1055 9
125 1064 9
126 1073 9
127 1082 9
128 1091 9
129 1099 8
130 1107 8
131 1115 8
132 1125 10
133 1135 10
134 1145 10
135 1153 8
136 1163 10
137 1171 8
138 1180 9
139 1187 7
140 1197 10
141 1206 9
142 1216 10
143 1225 9
144 1235 10
145 1245 10
146 1254 9
147 1262 8
148 1270 8
149 1280 10
150 1290 10
151 1299 9
152 1309 10
153 1317 8
154 1326 9
155 1335 9
156 1344 9
157 1352 8
158 1360 8
159 1370 10
160 1379 9
161 1389 10
162 1399 10
163 1409 10
164 1419 10
165 1428 9
166 1437 9
167 1446 9
168 1454 8
169 1463 9
170 1472 9
171 1482 10
172 1492 10
173 1502 10
174 1511 9
175 1521 10
176 1530 9
177 1539 9
178 1549 10
179 1559 10
180 1568 9
181 1575 7
182 1585 10
183 1594 9
184 1601 7
185 1610 9
186 1620 10
187 1629 9
188 1638 9
189 1647 9
190 1657 10
191 1665 8
192 1674 9
193 1684 10
194 1692 8
195 1702 10
196 1711 9
197 1719 8
198 1728 9
199 1736 8
200 1742 6
201 1752 10
202 1760 8
203 1769 9
204 1779 10
205 1787 8
206 1797 10
207 1806 9
208 1815 9
209 1822 7
210 1831 9
211 1840 9
212 1850 10
213 1858 8
214 1867 9
215 1875 8
216 1881 6
217 1889 8
218 1899 10
219 1909 10
220 1919 10
221 1928 9
222 1935 7
223 1944 9
224 1951 7
225 1960 9
226 1970 10
227 1980 10
228 1990 10
229 1997 7
230 2007 10
231 2017 10
232 2026 9
233 2035 9
234 2042 7
235 2051 9
236 2060 9
237 2069 9
238 2078 9
239 2088 10
240 2097 9
241 2106 9
242 2114 8
243 2123 9
244 2133 10
245 2141 8
246 2150 9
247 2160 10
248 2168 8
249 2178 10
250 2186 8
251 2195 9
252 2204 9
253 2213 9
254 2222 9
255 2231 9
256 2241 10
257 2251 10
258 2260 9
259 2269 9
260 2279 10
261 2289 10
262 2298 9
263 2307 9
264 2317 10
265 2323 6
266 2332 9
267 2340 8
268 2349 9
269 2359 10
270 2368 9
271 2377 9
272 2386 9
273 2396 10
274 2406 10
275 2416 10
276 2426 10
277 2434 8
278 2444 10
279 2454 10
280 2464 10
281 2474 10
282 2484 10
283 2494 10
284 2504 10
285 2514 10
286 2524 10
287 2533 9
288 2542 9
289 2552 10
290 2562 10
291 2572 10
292 2582 10
293 2591 9
294 2600 9
295 2610 10
296 2620 10
297 2630 10
298 2640 10
299 2649 9
300 2658 9
301 2667 9
302 2677 10
303 2685 8
304 2694 9
305 2704 10
306 2712 8
307 2721 9
308 2730 9
309 2740 10
310 2750 10
311 2759 9
312 2769 10
313 2775 6
314 2785 10
315 2794 9
316 2802 8
317 2810 8
318 2819 9
319 2829 10
320 2838 9
321 2846 8
322 2856 10
323 2865 9
324 2875 10
325 2885 10
326 2894 9
327 2903 9
328 2912 9
329 2922 10
330 2930 8
331 2937 7
332 2945 8
333 2955 10
334 2964 9
335 2973 9
336 2983 10
337 2991 8
338 3000 9
339 3010 10
340 3020 10
341 3030 10
342 3040 10
343 3050 10
344 3060 10
345 3070 10
346 3080 10
347 3089 9
348 3094 5
349 3103 9
350 3109 6
351 3118 9
352 3126 8
353 3135 9
354 3143 8
355 3152 9
356 3161 9
357 3171 10
358 3180 9
359 3190 10
360 3200 10
361 3208 8
362 3216 8
363 3225 9
364 3234 9
365 3243 9
366 3251 8
367 3261 10
368 3269 8
369 3279 10
370 3287 8
371 3294 7
372 3303 9
373 3313 10
374 3321 8
375 3330 9
376 3340 10
377 3350 10
378 3359 9
379 3368 9
380 3378 10
381 3385 7
382 3395 10
383 3405 10
384 3413 8
385 3422 9
386 3431 9
387 3441 10
388 3450 9
389 3459 9
390 3469 10
391 3478 9
392 3488 10
393 3496 8
394 3506 10
395 3515 9
396 3525 10
397 3535 10
398 3545 10
399 3555 10
400 3564 9
401 3573 9
402 3582 9
403 3592 10
404 3600 8
405 3610 10
406 3620 10
407 3630 10
408 3640 10
409 3649 9
410 3657 8
411 3667 10
412 3675 8
413 3685 10
414 3693 8
415 3702 9
416 3710 8
417 3718 8
418 3728 10
419 3738 10
420 3747 9
421 3754 7
422 3761 7
423 3770 9
424 3779 9
425 3789 10
426 3799 10
427 3809 10
428 3819 10
429 3828 9
430 3836 8
431 3844 8
432 3854 10
433 3862 8
434 3871 9
435 3881 10
436 3891 10
437 3901 10
438 3910 9
439 3919 9
440 3928 9
441 3938 10
442 3947 9
443 3956 9
444 3965 9
445 3975 10
446 3984 9
447 3992 8
448 4002 10
449 4012 10
450 4022 10
451 4032 10
452 4041 9
453 4050 9
454 4060 10
455 4068 8
456 4076 8
457 4085 9
458 4093 8
459 4103 10
460 4113 10
461 4121 8
462 4131 10
463 4141 10
464 4151 10
465 4161 10
466 4171 10
467 4181 10
468 4190 9
469 4200 10
470 4210 10
471 4220 10
472 4229 9
473 4237 8
474 4247 10
475 4257 10
476 4267 10
477 4277 10
478 4286 9
479 4296 10
480 4306 10
481 4316 10
482 4325 9
483 4334 9
484 4342 8
485 4350 8
486 4358 8
487 4367 9
488 4377 10
489 4387 10
490 4396 9
491 4406 10
492 4416 10
493 4425 9
494 4435 10
495 4444 9
496 4454 10
497 4462 8
498 4470 8
499 4480 10
500 4490 10
