1 5 5
2 11 6
3 16 5
4 22 6
5 28 6
6 35 7
7 41 6
8 47 6
9 51 4
10 59 8
11 67 8
12 75 8
13 81 6
14 89 8
15 98 9
16 107 9
17 115 8
18 122 7
19 131 9
20 137 6
21 145 8
22 152 7
23 160 8
24 169 9
25 176 7
26 184 8
27 192 8
28 201 9
29 209 8
30 215 6
31 225 10
32 234 9
33 243 9
34 252 9
35 262 10
36 271 9
37 281 10
38 290 9
39 300 10
40 310 10
41 318 8
42 327 9
43 331 4
44 341 10
45 349 8
46 357 8
47 366 9
48 375 9
49 385 10
50 393 8
51 401 8
52 410 9
53 418 8
54 426 8
55 435 9
56 445 10
57 455 10
58 465 10
59 473 8
60 483 10
61 491 8
62 501 10
63 509 8
64 519 10
65 529 10
66 538 9
67 548 10
68 557 9
69 566 9
70 575 9
71 584 9
72 593 9
73 602 9
74 610 8
75 616 6
76 624 8
77 634 10
78 644 10
79 653 9
80 663 10
81 672 9
82 680 8
83 688 8
84 697 9
85 705 8
86 714 9
87 724 10
88 733 9
89 743 10
90 752 9
91 760 8
92 770 10
93 779 9
94 788 9
95 797 9
96 805 8
97 815 10
98 824 9
99 832 8
100 842 10
101 852 10
102 861 9
103 870 9
104 879 9
105 889 10
106 899 10
107 908 9
108 917 9
109 926 9
110 935 9
111 944 9
112 954 10
113 963 9
114 972 9
115 980 8
116 989 9
117 999 10
118 1007 8
119 1017 10
120 1026 9
121 1035 9
122 1043 8
123 1053 10
124 1062 9
125 1072 10
126 1081 9
127 1091 10
128 1101 10
129 1110 9
130 1119 9
131 1129 10
132 1139 10
133 1148 9
134 1158 10
135 1165 7
136 1175 10
137 1184 9
138 1192 8
139 1199 7
140 1209 10
141 1218 9
142 1228 10
143 1236 8
144 1245 9
145 1255 10
146 1264 9
147 1273 9
148 1283 10
149 1293 10
150 1302 9
151 1310 8
152 1318 8
153 1328 10
154 1337 9
155 1345 8
156 1352 7
157 1362 10
158 1372 10
159 1381 9
160 1391 10
161 1399 8
162 1409 10
163 1419 10
164 1428 9
165 1437 9
166 1447 10
167 1456 9
168 1465 9
169 1474 9
170 1484 10
171 1494 10
172 1502 8
173 1512 10
174 1522 10
175 1531 9
176 1541 10
177 1551 10
178 1560 9
179 1569 9
180 1578 9
181 1587 9
182 1595 8
183 1605 10
184 1614 9
185 1623 9
186 1631 8
187 1640 9
188 1650 10
189 1660 10
190 1669 9
191 1679 10
192 1688 9
193 1697 9
194 1707 10
195 1716 9
196 1725 9
197 1732 7
198 1742 10
199 1751 9
200 1761 10
201 1771 10
202 1781 10
203 1790 9
204 1797 7
205 1807 10
206 1816 9
207 1826 10
208 1835 9
209 1845 10
210 1854 9
211 1864 10
212 1873 9
213 1882 9
214 1891 9
215 1901 10
216 1910 9
217 1919 9
218 1928 9
219 1938 10
220 1948 10
221 1957 9
222 1967 10
223 1977 10
224 1987 10
225 1997 10
226 2006 9
227 2012 6
228 2022 10
229 2032 10
230 2042 10
231 2051 9
232 2060 9
233 2070 10
234 2078 8
235 2087 9
236 2097 10
237 2105 8
238 2115 10
239 2122 7
240 2131 9
241 2140 9
242 2150 10
243 2160 10
244 2169 9
245 2179 10
246 2188 9
247 2198 10
248 2208 10
249 2217 9
250 2227 10
251 2237 10
252 2247 10
253 2256 9
254 2265 9
255 2273 8
256 2283 10
257 2292 9
258 2302 10
259 2310 8
260 2318 8
261 2327 9
262 2337 10
263 2347 10
264 2356 9
265 2364 8
266 2373 9
267 2381 8
268 2388 7
269 2397 9
270 2405 8
271 2415 10
272 2424 9
273 2434 10
274 2443 9
275 2453 10
276 2461 8
277 2471 10
278 2480 9
279 2490 10
280 2499 9
281 2508 9
282 2515 7
283 2525 10
284 2534 9
285 2544 10
286 2553 9
287 2562 9
288 2572 10
289 2580 8
290 2589 9
291 2598 9
292 2608 10
293 2617 9
294 2626 9
295 2635 9
296 2644 9
297 2654 10
298 2662 8
299 2670 8
300 2679 9
301 2688 9
302 2698 10
303 2707 9
304 2717 10
305 2724 7
306 2734 10
307 2741 7
308 2749 8
309 2757 8
310 2764 7
311 2774 10
312 2784 10
313 2794 10
314 2803 9
315 2813 10
316 2822 9
317 2832 10
318 2841 9
319 2851 10
320 2861 10
321 2870 9
322 2880 10
323 2890 10
324 2900 10
325 2910 10
326 2920 10
327 2929 9
328 2939 10
329 2947 8
330 2957 10
331 2967 10
332 2977 10
333 2986 9
334 2996 10
335 3006 10
336 3015 9
337 3025 10
338 3034 9
339 3043 9
340 3052 9
341 3062 10
342 3072 10
343 3082 10
344 3092 10
345 3102 10
346 3112 10
347 3120 8
348 3129 9
349 3139 10
350 3149 10
351 3158 9
352 3168 10
353 3178 10
354 3188 10
355 3197 9
356 3206 9
357 3215 9
358 3225 10
359 3232 7
360 3242 10
361 3252 10
362 3262 10
363 3272 10
364 3281 9
365 3291 10
366 3300 9
367 3309 9
368 3317 8
369 3326 9
370 3335 9
371 3345 10
372 3354 9
373 3364 10
374 3373 9
375 3383 10
376 3393 10
377 3403 10
378 3411 8
379 3421 10
380 3429 8
381 3438 9
382 3448 10
383 3458 10
384 3468 10
385 3477 9
386 3487 10
387 3496 9
388 3506 10
389 3515 9
390 3523 8
391 3533 10
392 3542 9
393 3550 8
394 3560 10
395 3570 10
396 3580 10
397 3590 10
398 3598 8
399 3608 10
400 3616 8
401 3626 10
402 3636 10
403 3646 10
404 3655 9
405 3663 8
406 3673 10
407 3682 9
408 3690 8
409 3699 9
410 3708 9
411 3718 10
412 3727 9
413 3735 8
414 3744 9
415 3754 10
416 3764 10
417 3773 9
418 3783 10
419 3790 7
420 3799 9
421 3809 10
422 3819 10
423 3829 10
424 3838 9
425 3848 10
426 3858 10
427 3867 9
428 3876 9
429 3886 10
430 3896 10
431 3905 9
432 3913 8
433 3923 10
434 3933 10
435 3942 9
436 3952 10
437 3962 10
438 3971 9
439 3981 10
440 3990 9
441 3998 8
442 4007 9
443 4015 8
444 4024 9
445 4034 10
446 4042 8
447 4051 9
448 4058 7
449 4067 9
450 4077 10
451 4087 10
452 4096 9
453 4106 10
454 4115 9
455 4123 8
456 4132 9
457 4142 10
458 4151 9
459 4161 10
460 4170 9
461 4179 9
462 4188 9
463 4196 8
464 4206 10
465 4215 9
466 4223 8
467 4233 10
468 4243 10
469 4253 10
470 4262 9
471 4272 10
472 4282 10
473 4292 10
474 4301 9
475 4310 9
476 4320 10
477 4329 9
478 4337 8
479 4346 9
480 4355 9
481 4365 10
482 4374 9
483 4383 9
484 4393 10
485 4403 10
486 4413 10
487 4423 10
488 4433 10
489 4442 9
490 4451 9
491 4461 10
492 4466 5
493 4476 10
494 4485 9
495 4495 10
496 4505 10
497 4514 9
498 4523 9
499 4533 10
500 4542 9
