1 3 3
2 10 7
3 15 5
4 24 9
5 30 6
6 35 5
7 42 7
8 49 7
9 54 5
10 59 5
11 65 6
12 72 7
13 79 7
14 87 8
15 94 7
16 101 7
17 107 6
18 116 9
19 124 8
20 129 5
21 137 8
22 144 7
23 151 7
24 159 8
25 167 8
26 175 8
27 182 7
28 192 10
29 199 7
30 208 9
31 217 9
32 226 9
33 235 9
34 244 9
35 250 6
36 257 7
37 265 8
38 275 10
39 284 9
40 293 9
41 302 9
42 312 10
43 321 9
44 331 10
45 340 9
46 350 10
47 358 8
48 368 10
49 378 10
50 387 9
51 396 9
52 405 9
53 415 10
54 425 10
55 434 9
56 442 8
57 451 9
58 460 9
59 469 9
60 478 9
61 488 10
62 498 10
63 508 10
64 517 9
65 527 10
66 535 8
67 544 9
68 552 8
69 561 9
70 571 10
71 580 9
72 589 9
73 598 9
74 608 10
75 618 10
76 626 8
77 635 9
78 645 10
79 654 9
80 663 9
81 673 10
82 683 10
83 693 10
84 703 10
85 713 10
86 722 9
87 730 8
88 738 8
89 748 10
90 758 10
91 767 9
92 777 10
93 786 9
94 794 8
95 804 10
96 813 9
97 823 10
98 833 10
99 843 10
100 851 8
101 860 9
102 869 9
103 879 10
104 889 10
105 897 8
106 907 10
107 917 10
108 926 9
109 935 9
110 944 9
111 953 9
112 962 9
113 972 10
114 980 8
115 989 9
116 999 10
117 1009 10
118 1018 9
119 1028 10
120 1035 7
121 1045 10
122 1055 10
123 1065 10
124 1074 9
125 1083 9
126 1091 8
127 1101 10
128 1108 7
129 1117 9
130 1126 9
131 1136 10
132 1145 9
133 1154 9
134 1164 10
135 1174 10
136 1183 9
137 1192 9
138 1200 8
139 1209 9
140 1219 10
141 1229 10
142 1236 7
143 1246 10
144 1255 9
145 1265 10
146 1274 9
147 1284 10
148 1294 10
149 1304 10
150 1313 9
151 1322 9
152 1330 8
153 1338 8
154 1346 8
155 1356 10
156 1365 9
157 1370 5
158 1378 8
159 1388 10
160 1396 8
161 1403 7
162 1413 10
163 1421 8
164 1431 10
165 1440 9
166 1449 9
167 1459 10
168 1466 7
169 1473 7
170 1483 10
171 1493 10
172 1502 9
173 1510 8
174 1519 9
175 1527 8
176 1537 10
177 1547 10
178 1557 10
179 1567 10
180 1574 7
181 1583 9
182 1592 9
183 1602 10
184 1610 8
185 1620 10
186 1630 10
187 1640 10
188 1650 10
189 1659 9
190 1668 9
191 1678 10
192 1687 9
193 1697 10
194 1706 9
195 1715 9
196 1724 9
197 1734 10
198 1743 9
199 1752 9
200 1762 10
201 1772 10
202 1782 10
203 1792 10
204 1801 9
205 1810 9
206 1819 9
207 1827 8
208 1837 10
209 1846 9
210 1856 10
211 1866 10
212 1874 8
213 1883 9
214 1892 9
215 1902 10
216 1911 9
217 1920 9
218 1930 10
219 1940 10
220 1947 7
221 1956 9
222 1965 9
223 1974 9
224 1984 10
225 1994 10
226 2003 9
227 2013 10
228 2022 9
229 2030 8
230 2040 10
231 2050 10
232 2060 10
233 2069 9
234 2077 8
235 2086 9
236 2096 10
237 2105 9
238 2115 10
239 2124 9
240 2133 9
241 2142 9
242 2152 10
243 2162 10
244 2172 10
245 2182 10
246 2190 8
247 2200 10
248 2209 9
249 2218 9
250 2228 10
251 2237 9
252 2246 9
253 2255 9
254 2264 9
255 2272 8
256 2280 8
257 2290 10
258 2299 9
259 2308 9
260 2317 9
261 2326 9
262 2334 8
263 2343 9
264 2352 9
265 2362 10
266 2372 10
267 2382 10
268 2391 9
269 2400 9
270 2409 9
271 2419 10
272 2428 9
273 2438 10
274 2447 9
275 2457 10
276 2465 8
277 2473 8
278 2483 10
279 2493 10
280 2501 8
281 2510 9
282 2520 10
283 2530 10
284 2540 10
285 2550 10
286 2560 10
287 2570 10
288 2578 8
289 2588 10
290 2596 8
291 2606 10
292 2615 9
293 2625 10
294 2634 9
295 2643 9
296 2653 10
297 2662 9
298 2670 8
299 2678 8
300 2687 9
301 2697 10
302 2706 9
303 2715 9
304 2722 7
305 2731 9
306 2739 8
307 2749 10
308 2758 9
309 2768 10
310 2774 6
311 2783 9
312 2793 10
313 2803 10
314 2811 8
315 2820 9
316 2830 10
317 2840 10
318 2849 9
319 2859 10
320 2869 10
321 2878 9
322 2886 8
323 2896 10
324 2905 9
325 2915 10
326 2925 10
327 2935 10
328 2944 9
329 2954 10
330 2963 9
331 2971 8
332 2980 9
333 2990 10
334 3000 10
335 3010 10
336 3018 8
337 3027 9
338 3036 9
339 3046 10
340 3056 10
341 3063 7
342 3071 8
343 3080 9
344 3089 9
345 3098 9
346 3107 9
347 3116 9
348 3125 9
349 3134 9
350 3143 9
351 3151 8
352 3161 10
353 3169 8
354 3178 9
355 3184 6
356 3194 10
357 3204 10
358 3214 10
359 3222 8
360 3232 10
361 3242 10
362 3252 10
363 3262 10
364 3271 9
365 3281 10
366 3291 10
367 3300 9
368 3310 10
369 3320 10
370 3329 9
371 3338 9
372 3347 9
373 3357 10
374 3367 10
375 3375 8
376 3384 9
377 3394 10
378 3402 8
379 3411 9
380 3421 10
381 3430 9
382 3439 9
383 3447 8
384 3456 9
385 3465 9
386 3475 10
387 3484 9
388 3494 10
389 3503 9
390 3513 10
391 3523 10
392 3531 8
393 3538 7
394 3548 10
395 3557 9
396 3565 8
397 3573 8
398 3582 9
399 3592 10
400 3602 10
401 3612 10
402 3621 9
403 3629 8
404 3637 8
405 3646 9
406 3655 9
407 3662 7
408 3670 8
409 3680 10
410 3690 10
411 3699 9
412 3708 9
413 3717 9
414 3723 6
415 3731 8
416 3741 10
417 3751 10
418 3760 9
419 3767 7
420 3777 10
421 3786 9
422 3796 10
423 3805 9
424 3813 8
425 3823 10
426 3832 9
427 3842 10
428 3852 10
429 3861 9
430 3869 8
431 3879 10
432 3889 10
433 3897 8
434 3907 10
435 3917 10
436 3926 9
437 3936 10
438 3945 9
439 3955 10
440 3963 8
441 3972 9
442 3982 10
443 3991 9
444 4000 9
445 4009 9
446 4017 8
447 4026 9
448 4035 9
449 4044 9
450 4052 8
451 4061 9
452 4070 9
453 4079 9
454 4087 8
455 4097 10
456 4106 9
457 4116 10
458 4126 10
459 4136 10
460 4146 10
461 4155 9
462 4164 9
463 4172 8
464 4182 10
465 4189 7
466 4199 10
467 4209 10
468 4219 10
469 4227 8
470 4236 9
471 4244 8
472 4253 9
473 4263 10
474 4273 10
475 4283 10
476 4292 9
477 4302 10
478 4312 10
479 4319 7
480 4327 8
481 4337 10
482 4347 10
483 4357 10
484 4367 10
485 4377 10
486 4387 10
487 4397 10
488 4407 10
489 4416 9
490 4426 10
491 4436 10
492 4446 10
493 4455 9
494 4465 10
495 4474 9
496 4484 10
497 4492 8
498 4500 8
499 4509 9
500 4518 9
