1 6 6
2 12 6
3 17 5
4 23 6
5 28 5
6 33 5
7 39 6
8 47 8
9 52 5
10 58 6
11 65 7
12 73 8
13 80 7
14 87 7
15 94 7
16 102 8
17 109 7
18 116 7
19 123 7
20 130 7
21 139 9
22 146 7
23 154 8
24 161 7
25 170 9
26 178 8
27 183 5
28 190 7
29 200 10
30 210 10
31 219 9
32 227 8
33 235 8
34 243 8
35 252 9
36 259 7
37 269 10
38 279 10
39 288 9
40 298 10
41 307 9
42 316 9
43 325 9
44 334 9
45 344 10
46 353 9
47 362 9
48 372 10
49 381 9
50 389 8
51 396 7
52 406 10
53 416 10
54 426 10
55 434 8
56 441 7
57 451 10
58 458 7
59 467 9
60 476 9
61 485 9
62 495 10
63 505 10
64 514 9
65 522 8
66 532 10
67 542 10
68 552 10
69 561 9
70 570 9
71 580 10
72 589 9
73 597 8
74 605 8
75 614 9
76 622 8
77 630 8
78 639 9
79 648 9
80 656 8
81 664 8
82 673 9
83 682 9
84 689 7
85 696 7
86 704 8
87 714 10
88 721 7
89 730 9
90 739 9
91 748 9
92 757 9
93 767 10
94 776 9
95 784 8
96 792 8
97 802 10
98 811 9
99 820 9
100 829 9
101 838 9
102 847 9
103 855 8
104 865 10
105 873 8
106 883 10
107 892 9
108 902 10
109 912 10
110 922 10
111 930 8
112 939 9
113 948 9
114 958 10
115 968 10
116 978 10
117 987 9
118 995 8
119 1005 10
120 1015 10
121 1024 9
122 1034 10
123 1043 9
124 1053 10
125 1062 9
126 1071 9
127 1080 9
128 1089 9
129 1099 10
130 1109 10
131 1117 8
132 1127 10
133 1136 9
134 1145 9
135 1154 9
136 1164 10
137 1173 9
138 1182 9
139 1190 8
140 1198 8
141 1206 8
142 1214 8
143 1224 10
144 1233 9
145 1243 10
146 1250 7
147 1259 9
148 1268 9
149 1278 10
150 1287 9
151 1296 9
152 1305 9
153 1313 8
154 1322 9
155 1329 7
156 1337 8
157 1345 8
158 1352 7
159 1361 9
160 1370 9
161 1378 8
162 1388 10
163 1397 9
164 1406 9
165 1415 9
166 1423 8
167 1432 9
168 1440 8
169 1450 10
170 1458 8
171 1464 6
172 1474 10
173 1482 8
174 1491 9
175 1501 10
176 1510 9
177 1519 9
178 1527 8
179 1537 10
180 1545 8
181 1554 9
182 1564 10
183 1574 10
184 1582 8
185 1592 10
186 1601 9
187 1610 9
188 1619 9
189 1626 7
190 1636 10
191 1645 9
192 1654 9
193 1662 8
194 1671 9
195 1679 8
196 1686 7
197 1696 10
198 1704 8
199 1712 8
200 1722 10
201 1731 9
202 1741 10
203 1749 8
204 1758 9
205 1768 10
206 1778 10
207 1788 10
208 1798 10
209 1807 9
210 1816 9
211 1825 9
212 1834 9
213 1844 10
214 1853 9
215 1862 9
216 1872 10
217 1882 10
218 1892 10
219 1902 10
220 1910 8
221 1919 9
222 1929 10
223 1938 9
224 1948 10
225 1957 9
226 1965 8
227 1973 8
228 1982 9
229 1992 10
230 2001 9
231 2008 7
232 2017 9
233 2026 9
234 2035 9
235 2044 9
236 2053 9
237 2062 9
238 2072 10
239 2082 10
240 2092 10
241 2100 8
242 2109 9
243 2117 8
244 2124 7
245 2133 9
246 2143 10
247 2153 10
248 2162 9
249 2172 10
250 2180 8
251 2190 10
252 2200 10
253 2209 9
254 2218 9
255 2228 10
256 2237 9
257 2247 10
258 2256 9
259 2266 10
260 2276 10
261 2286 10
262 2295 9
263 2303 8
264 2312 9
265 2322 10
266 2331 9
267 2340 9
268 2348 8
269 2358 10
270 2368 10
271 2377 9
272 2387 10
273 2397 10
274 2405 8
275 2413 8
276 2422 9
277 2431 9
278 2441 10
279 2448 7
280 2457 9
281 2466 9
282 2474 8
283 2482 8
284 2492 10
285 2502 10
286 2510 8
287 2520 10
288 2529 9
289 2539 10
290 2549 10
291 2558 9
292 2568 10
293 2577 9
294 2586 9
295 2596 10
296 2606 10
297 2616 10
298 2626 10
299 2634 8
300 2644 10
301 2653 9
302 2662 9
303 2672 10
304 2680 8
305 2689 9
306 2698 9
307 2706 8
308 2715 9
309 2725 10
310 2733 8
311 2742 9
312 2750 8
313 2757 7
314 2767 10
315 2776 9
316 2784 8
317 2793 9
318 2803 10
319 2813 10
320 2823 10
321 2832 9
322 2841 9
323 2851 10
324 2861 10
325 2870 9
326 2880 10
327 2890 10
328 2898 8
329 2905 7
330 2915 10
331 2925 10
332 2933 8
333 2943 10
334 2953 10
335 2961 8
336 2969 8
337 2978 9
338 2988 10
339 2997 9
340 3007 10
341 3017 10
342 3027 10
343 3037 10
344 3046 9
345 3056 10
346 3065 9
347 3073 8
348 3080 7
349 3090 10
350 3100 10
351 3110 10
352 3120 10
353 3129 9
354 3139 10
355 3148 9
356 3158 10
357 3168 10
358 3177 9
359 3186 9
360 3195 9
361 3204 9
362 3214 10
363 3222 8
364 3232 10
365 3240 8
366 3249 9
367 3258 9
368 3268 10
369 3277 9
370 3286 9
371 3295 9
372 3303 8
373 3311 8
374 3320 9
375 3330 10
376 3339 9
377 3347 8
378 3356 9
379 3366 10
380 3375 9
381 3384 9
382 3394 10
383 3404 10
384 3412 8
385 3422 10
386 3431 9
387 3441 10
388 3451 10
389 3460 9
390 3470 10
391 3480 10
392 3488 8
393 3496 8
394 3506 10
395 3515 9
396 3525 10
397 3534 9
398 3543 9
399 3553 10
400 3562 9
401 3571 9
402 3580 9
403 3590 10
404 3598 8
405 3608 10
406 3616 8
407 3624 8
408 3633 9
409 3642 9
410 3652 10
411 3662 10
412 3671 9
413 3678 7
414 3687 9
415 3697 10
416 3706 9
417 3716 10
418 3725 9
419 3732 7
420 3742 10
421 3752 10
422 3762 10
423 3772 10
424 3781 9
425 3789 8
426 3798 9
427 3807 9
428 3817 10
429 3827 10
430 3837 10
431 3845 8
432 3854 9
433 3863 9
434 3873 10
435 3882 9
436 3892 10
437 3902 10
438 3911 9
439 3921 10
440 3929 8
441 3938 9
442 3945 7
443 3955 10
444 3965 10
445 3974 9
446 3984 10
447 3992 8
448 4000 8
449 4010 10
450 4020 10
451 4030 10
452 4039 9
453 4049 10
454 4059 10
455 4068 9
456 4077 9
457 4086 9
458 4096 10
459 4104 8
460 4113 9
461 4121 8
462 4130 9
463 4140 10
464 4150 10
465 4160 10
466 4170 10
467 4180 10
468 4190 10
469 4199 9
470 4208 9
471 4218 10
472 4227 9
473 4237 10
474 4247 10
475 4257 10
476 4266 9
477 4274 8
478 4283 9
479 4292 9
480 4300 8
481 4309 9
482 4318 9
483 4326 8
484 4336 10
485 4346 10
486 4356 10
487 4366 10
488 4376 10
489 4386 10
490 4396 10
491 4402 6
492 4410 8
493 4419 9
494 4428 9
495 4438 10
496 4448 10
497 4456 8
498 4462 6
499 4472 10
500 4482 10
