1 6 6
2 14 8
3 20 6
4 28 8
5 36 8
6 42 6
7 48 6
8 57 9
9 65 8
10 73 8
11 79 6
12 86 7
13 93 7
14 102 9
15 108 6
16 116 8
17 126 10
18 132 6
19 138 6
20 146 8
21 153 7
22 162 9
23 169 7
24 178 9
25 187 9
26 195 8
27 204 9
28 213 9
29 220 7
30 228 8
31 237 9
32 246 9
33 253 7
34 261 8
35 270 9
36 277 7
37 287 10
38 296 9
39 301 5
40 309 8
41 314 5
42 322 8
43 330 8
44 338 8
45 348 10
46 355 7
47 363 8
48 371 8
49 380 9
50 389 9
51 399 10
52 407 8
53 415 8
54 425 10
55 435 10
56 444 9
57 453 9
58 462 9
59 470 8
60 479 9
61 487 8
62 497 10
63 505 8
64 514 9
65 521 7
66 530 9
67 537 7
68 545 8
69 554 9
70 564 10
71 573 9
72 580 7
73 589 9
74 598 9
75 606 8
76 613 7
77 623 10
78 631 8
79 641 10
80 650 9
81 660 10
82 666 6
83 675 9
84 683 8
85 693 10
86 701 8
87 711 10
88 721 10
89 730 9
90 739 9
91 747 8
92 756 9
93 765 9
94 775 10
95 784 9
96 793 9
97 803 10
98 811 8
99 820 9
100 829 9
101 836 7
102 845 9
103 854 9
104 864 10
105 873 9
106 883 10
107 893 10
108 903 10
109 911 8
110 920 9
111 929 9
112 939 10
113 949 10
114 959 10
115 968 9
116 977 9
117 987 10
118 995 8
119 1005 10
120 1015 10
121 1024 9
122 1033 9
123 1041 8
124 1050 9
125 1059 9
126 1068 9
127 1076 8
128 1084 8
129 1094 10
130 1104 10
131 1114 10
132 1123 9
133 1133 10
134 1142 9
135 1151 9
136 1160 9
137 1170 10
138 1180 10
139 1190 10
140 1198 8
141 1208 10
142 1218 10
143 1228 10
144 1237 9
145 1246 9
146 1252 6
147 1261 9
148 1267 6
149 1277 10
150 1286 9
151 1295 9
152 1305 10
153 1315 10
154 1324 9
155 1333 9
156 1341 8
157 1351 10
158 1359 8
159 1369 10
160 1378 9
161 1386 8
162 1393 7
163 1401 8
164 1411 10
165 1420 9
166 1429 9
167 1437 8
168 1446 9
169 1454 8
170 1464 10
171 1473 9
172 1482 9
173 1490 8
174 1499 9
175 1509 10
176 1517 8
177 1526 9
178 1536 10
179 1544 8
180 1552 8
181 1561 9
182 1571 10
183 1581 10
184 1590 9
185 1599 9
186 1609 10
187 1618 9
188 1628 10
189 1637 9
190 1646 9
191 1654 8
192 1660 6
193 1667 7
194 1676 9
195 1685 9
196 1695 10
197 1705 10
198 1713 8
199 1722 9
200 1731 9
201 1741 10
202 1751 10
203 1761 10
204 1770 9
205 1780 10
206 1788 8
207 1796 8
208 1806 10
209 1815 9
210 1825 10
211 1835 10
212 1844 9
213 1853 9
214 1863 10
215 1872 9
216 1881 9
217 1890 9
218 1900 10
219 1910 10
220 1920 10
221 1930 10
222 1940 10
223 1947 7
224 1957 10
225 1967 10
226 1977 10
227 1987 10
228 1997 10
229 2005 8
230 2014 9
231 2023 9
232 2032 9
233 2039 7
234 2047 8
235 2057 10
236 2064 7
237 2074 10
238 2082 8
239 2090 8
240 2100 10
241 2109 9
242 2117 8
243 2125 8
244 2133 8
245 2142 9
246 2152 10
247 2159 7
248 2168 9
249 2177 9
250 2186 9
251 2195 9
252 2204 9
253 2213 9
254 2223 10
255 2232 9
256 2240 8
257 2248 8
258 2257 9
259 2267 10
260 2276 9
261 2285 9
262 2294 9
263 2301 7
264 2311 10
265 2321 10
266 2331 10
267 2340 9
268 2350 10
269 2359 9
270 2367 8
271 2376 9
272 2383 7
273 2393 10
274 2401 8
275 2410 9
276 2419 9
277 2429 10
278 2438 9
279 2447 9
280 2457 10
281 2466 9
282 2474 8
283 2483 9
284 2493 10
285 2503 10
286 2513 10
287 2522 9
288 2530 8
289 2538 8
290 2547 9
291 2556 9
292 2566 10
293 2576 10
294 2584 8
295 2594 10
296 2604 10
297 2613 9
298 2622 9
299 2631 9
300 2641 10
301 2651 10
302 2661 10
303 2671 10
304 2681 10
305 2691 10
306 2700 9
307 2710 10
308 2719 9
309 2728 9
310 2737 9
311 2746 9
312 2754 8
313 2764 10
314 2773 9
315 2783 10
316 2791 8
317 2801 10
318 2810 9
319 2820 10
320 2830 10
321 2840 10
322 2850 10
323 2860 10
324 2868 8
325 2878 10
326 2887 9
327 2896 9
328 2906 10
329 2916 10
330 2926 10
331 2933 7
332 2943 10
333 2952 9
334 2961 9
335 2971 10
336 2980 9
337 2989 9
338 2998 9
339 3007 9
340 3016 9
341 3025 9
342 3035 10
343 3045 10
344 3054 9
345 3063 9
346 3071 8
347 3080 9
348 3088 8
349 3097 9
350 3106 9
351 3116 10
352 3126 10
353 3136 10
354 3145 9
355 3153 8
356 3163 10
357 3172 9
358 3181 9
359 3190 9
360 3200 10
361 3209 9
362 3216 7
363 3226 10
364 3235 9
365 3243 8
366 3253 10
367 3263 10
368 3271 8
369 3280 9
370 3290 10
371 3299 9
372 3309 10
373 3318 9
374 3328 10
375 3338 10
376 3347 9
377 3356 9
378 3365 9
379 3373 8
380 3383 10
381 3392 9
382 3400 8
383 3410 10
384 3420 10
385 3429 9
386 3437 8
387 3447 10
388 3457 10
389 3466 9
390 3476 10
391 3485 9
392 3493 8
393 3501 8
394 3509 8
395 3517 8
396 3527 10
397 3536 9
398 3545 9
399 3554 9
400 3562 8
401 3572 10
402 3582 10
403 3591 9
404 3601 10
405 3611 10
406 3620 9
407 3630 10
408 3639 9
409 3646 7
410 3656 10
411 3665 9
412 3674 9
413 3683 9
414 3693 10
415 3701 8
416 3711 10
417 3721 10
418 3731 10
419 3739 8
420 3749 10
421 3758 9
422 3768 10
423 3777 9
424 3785 8
425 3794 9
426 3804 10
427 3813 9
428 3823 10
429 3832 9
430 3841 9
431 3851 10
432 3861 10
433 3869 8
434 3879 10
435 3889 10
436 3899 10
437 3909 10
438 3919 10
439 3929 10
440 3938 9
441 3948 10
442 3956 8
443 3965 9
444 3975 10
445 3984 9
446 3994 10
447 4004 10
448 4013 9
449 4021 8
450 4031 10
451 4041 10
452 4050 9
453 4057 7
454 4066 9
455 4076 10
456 4085 9
457 4095 10
458 4104 9
459 4113 9
460 4122 9
461 4128 6
462 4137 9
463 4147 10
464 4156 9
465 4165 9
466 4174 9
467 4184 10
468 4194 10
469 4203 9
470 4213 10
471 4222 9
472 4231 9
473 4241 10
474 4250 9
475 4259 9
476 4269 10
477 4279 10
478 4288 9
479 4297 9
480 4307 10
481 4316 9
482 4326 10
483 4336 10
484 4345 9
485 4354 9
486 4363 9
487 4373 10
488 4381 8
489 4391 10
490 4401 10
491 4410 9
492 4420 10
493 4430 10
494 4440 10
495 4449 9
496 4458 9
497 4468 10
498 4477 9
499 4485 8
500 4495 10
