1 7 7
2 13 6
3 20 7
4 25 5
5 29 4
6 34 5
7 41 7
8 48 7
9 54 6
10 60 6
11 68 8
12 77 9
13 85 8
14 94 9
15 103 9
16 107 4
17 117 10
18 124 7
19 130 6
20 138 8
21 147 9
22 156 9
23 162 6
24 171 9
25 179 8
26 188 9
27 196 8
28 205 9
29 215 10
30 224 9
31 231 7
32 238 7
33 246 8
34 255 9
35 265 10
36 273 8
37 281 8
38 291 10
39 301 10
40 310 9
41 319 9
42 327 8
43 336 9
44 343 7
45 350 7
46 360 10
47 369 9
48 378 9
49 386 8
50 394 8
51 400 6
52 408 8
53 415 7
54 424 9
55 433 9
56 443 10
57 453 10
58 461 8
59 470 9
60 479 9
61 489 10
62 496 7
63 503 7
64 511 8
65 520 9
66 530 10
67 538 8
68 546 8
69 555 9
70 563 8
71 571 8
72 580 9
73 589 9
74 599 10
75 607 8
76 614 7
77 622 8
78 631 9
79 639 8
80 647 8
81 655 8
82 663 8
83 672 9
84 681 9
85 691 10
86 700 9
87 709 9
88 718 9
89 727 9
90 737 10
91 745 8
92 754 9
93 761 7
94 769 8
95 779 10
96 787 8
97 797 10
98 806 9
99 814 8
100 823 9
101 833 10
102 843 10
103 852 9
104 860 8
105 869 9
106 877 8
107 885 8
108 895 10
109 903 8
110 911 8
111 921 10
112 930 9
113 939 9
114 948 9
115 957 9
116 965 8
117 973 8
118 980 7
119 988 8
120 997 9
121 1005 8
122 1015 10
123 1025 10
124 1034 9
125 1044 10
126 1053 9
127 1061 8
128 1071 10
129 1080 9
130 1090 10
131 1099 9
132 1108 9
133 1117 9
134 1126 9
135 1136 10
136 1145 9
137 1155 10
138 1164 9
139 1173 9
140 1182 9
141 1192 10
142 1201 9
143 1211 10
144 1221 10
145 1231 10
146 1241 10
147 1249 8
148 1256 7
149 1265 9
150 1274 9
151 1284 10
152 1294 10
153 1304 10
154 1314 10
155 1324 10
156 1333 9
157 1341 8
158 1350 9
159 1359 9
160 1367 8
161 1374 7
162 1382 8
163 1391 9
164 1399 8
165 1408 9
166 1417 9
167 1425 8
168 1433 8
169 1442 9
170 1450 8
171 1459 9
172 1469 10
173 1478 9
174 1485 7
175 1494 9
176 1502 8
177 1511 9
178 1521 10
179 1531 10
180 1541 10
181 1550 9
182 1559 9
183 1568 9
184 1578 10
185 1586 8
186 1593 7
187 1602 9
188 1611 9
189 1621 10
190 1629 8
191 1639 10
192 1648 9
193 1658 10
194 1667 9
195 1677 10
196 1685 8
197 1693 8
198 1702 9
199 1710 8
200 1720 10
201 1730 10
202 1738 8
203 1744 6
204 1753 9
205 1761 8
206 1770 9
207 1779 9
208 1789 10
209 1798 9
210 1808 10
211 1816 8
212 1823 7
213 1833 10
214 1840 7
215 1849 9
216 1858 9
217 1868 10
218 1878 10
219 1888 10
220 1897 9
221 1906 9
222 1915 9
223 1923 8
224 1932 9
225 1940 8
226 1949 9
227 1956 7
228 1963 7
229 1973 10
230 1982 9
231 1992 10
232 2000 8
233 2009 9
234 2016 7
235 2022 6
236 2032 10
237 2040 8
238 2050 10
239 2059 9
240 2069 10
241 2077 8
242 2085 8
243 2095 10
244 2105 10
245 2113 8
246 2120 7
247 2130 10
248 2140 10
249 2149 9
250 2159 10
251 2168 9
252 2177 9
253 2186 9
254 2194 8
255 2204 10
256 2213 9
257 2222 9
258 2231 9
259 2240 9
260 2249 9
261 2259 10
262 2269 10
263 2277 8
264 2286 9
265 2296 10
266 2305 9
267 2313 8
268 2323 10
269 2333 10
270 2342 9
271 2352 10
272 2362 10
273 2371 9
274 2381 10
275 2390 9
276 2398 8
277 2406 8
278 2414 8
279 2423 9
280 2432 9
281 2441 9
282 2449 8
283 2459 10
284 2467 8
285 2476 9
286 2486 10
287 2496 10
288 2504 8
289 2514 10
290 2523 9
291 2531 8
292 2540 9
293 2549 9
294 2559 10
295 2567 8
296 2576 9
297 2586 10
298 2596 10
299 2606 10
300 2616 10
301 2626 10
302 2636 10
303 2645 9
304 2653 8
305 2662 9
306 2670 8
307 2679 9
308 2687 8
309 2692 5
310 2701 9
311 2710 9
312 2720 10
313 2729 9
314 2738 9
315 2748 10
316 2756 8
317 2764 8
318 2773 9
319 2782 9
320 2791 9
321 2801 10
322 2811 10
323 2820 9
324 2830 10
325 2839 9
326 2848 9
327 2857 9
328 2866 9
329 2874 8
330 2884 10
331 2891 7
332 2900 9
333 2909 9
334 2919 10
335 2929 10
336 2938 9
337 2948 10
338 2958 10
339 2968 10
340 2977 9
341 2987 10
342 2995 8
343 3003 8
344 3011 8
345 3021 10
346 3028 7
347 3038 10
348 3047 9
349 3057 10
350 3065 8
351 3073 8
352 3083 10
353 3092 9
354 3102 10
355 3111 9
356 3120 9
357 3130 10
358 3139 9
359 3147 8
360 3155 8
361 3164 9
362 3173 9
363 3181 8
364 3191 10
365 3200 9
366 3210 10
367 3220 10
368 3230 10
369 3238 8
370 3247 9
371 3254 7
372 3262 8
373 3272 10
374 3282 10
375 3291 9
376 3301 10
377 3311 10
378 3321 10
379 3331 10
380 3341 10
381 3351 10
382 3361 10
383 3370 9
384 3378 8
385 3386 8
386 3395 9
387 3404 9
388 3413 9
389 3423 10
390 3433 10
391 3443 10
392 3453 10
393 3463 10
394 3471 8
395 3481 10
396 3491 10
397 3499 8
398 3508 9
399 3518 10
400 3526 8
401 3535 9
402 3543 8
403 3552 9
404 3562 10
405 3572 10
406 3581 9
407 3591 10
408 3600 9
409 3610 10
410 3619 9
411 3627 8
412 3636 9
413 3644 8
414 3653 9
415 3661 8
416 3671 10
417 3679 8
418 3689 10
419 3699 10
420 3708 9
421 3717 9
422 3727 10
423 3737 10
424 3746 9
425 3755 9
426 3765 10
427 3775 10
428 3784 9
429 3791 7
430 3800 9
431 3810 10
432 3820 10
433 3829 9
434 3839 10
435 3847 8
436 3856 9
437 3864 8
438 3872 8
439 3882 10
440 3891 9
441 3900 9
442 3908 8
443 3918 10
444 3926 8
445 3935 9
446 3944 9
447 3951 7
448 3961 10
449 3970 9
450 3979 9
451 3989 10
452 3999 10
453 4009 10
454 4019 10
455 4029 10
456 4038 9
457 4047 9
458 4057 10
459 4067 10
460 4077 10
461 4085 8
462 4095 10
463 4105 10
464 4113 8
465 4123 10
466 4133 10
467 4143 10
468 4153 10
469 4162 9
470 4172 10
471 4181 9
472 4190 9
473 4199 9
474 4209 10
475 4219 10
476 4228 9
477 4237 9
478 4246 9
479 4256 10
480 4266 10
481 4275 9
482 4283 8
483 4293 10
484 4303 10
485 4312 9
486 4322 10
487 4330 8
488 4340 10
489 4350 10
490 4360 10
491 4369 9
492 4379 10
493 4389 10
494 4399 10
495 4407 8
496 4417 10
497 4426 9
498 4436 10
499 4446 10
500 4455 9
