1 6 6
2 10 4
3 16 6
4 21 5
5 29 8
6 36 7
7 44 8
8 50 6
9 58 8
10 66 8
11 74 8
12 82 8
13 90 8
14 99 9
15 108 9
16 114 6
17 121 7
18 130 9
19 139 9
20 147 8
21 156 9
22 164 8
23 172 8
24 181 9
25 189 8
26 196 7
27 204 8
28 213 9
29 222 9
30 230 8
31 240 10
32 249 9
33 256 7
34 265 9
35 272 7
36 280 8
37 288 8
38 296 8
39 305 9
40 313 8
41 322 9
42 330 8
43 339 9
44 348 9
45 356 8
46 366 10
47 376 10
48 386 10
49 396 10
50 405 9
51 414 9
52 424 10
53 434 10
54 444 10
55 453 9
56 463 10
57 472 9
58 480 8
59 487 7
60 497 10
61 504 7
62 512 8
63 520 8
64 529 9
65 537 8
66 546 9
67 555 9
68 564 9
69 572 8
70 580 8
71 589 9
72 599 10
73 609 10
74 618 9
75 627 9
76 636 9
77 645 9
78 654 9
79 663 9
80 673 10
81 682 9
82 691 9
83 700 9
84 710 10
85 717 7
86 727 10
87 736 9
88 744 8
89 754 10
90 764 10
91 774 10
92 783 9
93 792 9
94 802 10
95 811 9
96 818 7
97 826 8
98 836 10
99 846 10
100 854 8
101 862 8
102 870 8
103 880 10
104 889 9
105 897 8
106 906 9
107 914 8
108 924 10
109 934 10
110 943 9
111 951 8
112 961 10
113 970 9
114 979 9
115 988 9
116 997 9
117 1005 8
118 1014 9
119 1024 10
120 1033 9
121 1041 8
122 1050 9
123 1060 10
124 1067 7
125 1077 10
126 1086 9
127 1096 10
128 1106 10
129 1114 8
130 1120 6
131 1129 9
132 1139 10
133 1148 9
134 1158 10
135 1168 10
136 1177 9
137 1184 7
138 1193 9
139 1203 10
140 1212 9
141 1221 9
142 1230 9
143 1240 10
144 1249 9
145 1255 6
146 1263 8
147 1273 10
148 1282 9
149 1291 9
150 1299 8
151 1308 9
152 1318 10
153 1328 10
154 1335 7
155 1343 8
156 1352 9
157 1361 9
158 1369 8
159 1378 9
160 1388 10
161 1398 10
162 1408 10
163 1417 9
164 1425 8
165 1434 9
166 1444 10
167 1453 9
168 1462 9
169 1471 9
170 1481 10
171 1491 10
172 1501 10
173 1510 9
174 1519 9
175 1528 9
176 1536 8
177 1545 9
178 1555 10
179 1564 9
180 1573 9
181 1582 9
182 1591 9
183 1600 9
184 1608 8
185 1617 9
186 1625 8
187 1634 9
188 1642 8
189 1652 10
190 1661 9
191 1670 9
192 1680 10
193 1690 10
194 1699 9
195 1709 10
196 1719 10
197 1727 8
198 1736 9
199 1746 10
200 1754 8
201 1762 8
202 1770 8
203 1780 10
204 1789 9
205 1799 10
206 1808 9
207 1814 6
208 1823 9
209 1832 9
210 1841 9
211 1849 8
212 1859 10
213 1869 10
214 1879 10
215 1888 9
216 1895 7
217 1903 8
218 1913 10
219 1921 8
220 1931 10
221 1941 10
222 1951 10
223 1960 9
224 1970 10
225 1979 9
226 1988 9
227 1997 9
228 2007 10
229 2017 10
230 2027 10
231 2035 8
232 2044 9
233 2054 10
234 2064 10
235 2073 9
236 2083 10
237 2092 9
238 2102 10
239 2112 10
240 2122 10
241 2132 10
242 2142 10
243 2152 10
244 2161 9
245 2171 10
246 2181 10
247 2191 10
248 2201 10
249 2209 8
250 2218 9
251 2227 9
252 2237 10
253 2247 10
254 2255 8
255 2264 9
256 2272 8
257 2282 10
258 2291 9
259 2301 10
260 2311 10
261 2320 9
262 2330 10
263 2338 8
264 2348 10
265 2357 9
266 2367 10
267 2375 8
268 2385 10
269 2394 9
270 2404 10
271 2414 10
272 2423 9
273 2433 10
274 2443 10
275 2452 9
276 2462 10
277 2472 10
278 2481 9
279 2490 9
280 2499 9
281 2509 10
282 2519 10
283 2529 10
284 2535 6
285 2544 9
286 2553 9
287 2562 9
288 2572 10
289 2582 10
290 2592 10
291 2599 7
292 2608 9
293 2617 9
294 2626 9
295 2636 10
296 2646 10
297 2655 9
298 2662 7
299 2672 10
300 2682 10
301 2690 8
302 2700 10
303 2708 8
304 2717 9
305 2726 9
306 2735 9
307 2743 8
308 2753 10
309 2763 10
310 2771 8
311 2779 8
312 2788 9
313 2798 10
314 2806 8
315 2815 9
316 2824 9
317 2832 8
318 2842 10
319 2850 8
320 2860 10
321 2869 9
322 2879 10
323 2889 10
324 2898 9
325 2907 9
326 2916 9
327 2924 8
328 2932 8
329 2940 8
330 2950 10
331 2960 10
332 2969 9
333 2978 9
334 2986 8
335 2995 9
336 3005 10
337 3014 9
338 3024 10
339 3034 10
340 3043 9
341 3052 9
342 3060 8
343 3070 10
344 3080 10
345 3089 9
346 3099 10
347 3109 10
348 3119 10
349 3128 9
350 3138 10
351 3147 9
352 3156 9
353 3165 9
354 3175 10
355 3184 9
356 3194 10
357 3202 8
358 3210 8
359 3220 10
360 3227 7
361 3235 8
362 3242 7
363 3251 9
364 3261 10
365 3271 10
366 3280 9
367 3289 9
368 3298 9
369 3308 10
370 3316 8
371 3324 8
372 3332 8
373 3341 9
374 3349 8
375 3359 10
376 3368 9
377 3378 10
378 3388 10
379 3398 10
380 3408 10
381 3417 9
382 3425 8
383 3434 9
384 3444 10
385 3454 10
386 3464 10
387 3473 9
388 3483 10
389 3493 10
390 3503 10
391 3513 10
392 3523 10
393 3531 8
394 3541 10
395 3549 8
396 3559 10
397 3568 9
398 3576 8
399 3585 9
400 3594 9
401 3602 8
402 3611 9
403 3619 8
404 3629 10
405 3639 10
406 3649 10
407 3659 10
408 3669 10
409 3679 10
410 3688 9
411 3698 10
412 3708 10
413 3718 10
414 3727 9
415 3737 10
416 3745 8
417 3753 8
418 3763 10
419 3773 10
420 3782 9
421 3792 10
422 3801 9
423 3811 10
424 3821 10
425 3830 9
426 3838 8
427 3848 10
428 3855 7
429 3864 9
430 3874 10
431 3881 7
432 3890 9
433 3898 8
434 3907 9
435 3916 9
436 3925 9
437 3935 10
438 3943 8
439 3952 9
440 3961 9
441 3970 9
442 3979 9
443 3988 9
444 3996 8
445 4006 10
446 4015 9
447 4025 10
448 4034 9
449 4042 8
450 4051 9
451 4056 5
452 4066 10
453 4076 10
454 4086 10
455 4096 10
456 4105 9
457 4115 10
458 4125 10
459 4133 8
460 4143 10
461 4152 9
462 4161 9
463 4171 10
464 4181 10
465 4191 10
466 4200 9
467 4208 8
468 4218 10
469 4225 7
470 4235 10
471 4242 7
472 4252 10
473 4262 10
474 4270 8
475 4280 10
476 4290 10
477 4299 9
478 4309 10
479 4317 8
480 4327 10
481 4336 9
482 4346 10
483 4356 10
484 4366 10
485 4373 7
486 4381 8
487 4391 10
488 4401 10
489 4411 10
490 4420 9
491 4430 10
492 4439 9
493 4449 10
494 4457 8
495 4465 8
496 4474 9
497 4483 9
498 4493 10
499 4503 10
500 4513 10
