1 5 5
2 13 8
3 17 4
4 24 7
5 30 6
6 36 6
7 43 7
8 49 6
9 55 6
10 59 4
11 68 9
12 74 6
13 79 5
14 88 9
15 95 7
16 103 8
17 111 8
18 120 9
19 130 10
20 138 8
21 145 7
22 154 9
23 163 9
24 169 6
25 177 8
26 184 7
27 192 8
28 200 8
29 208 8
30 217 9
31 224 7
32 231 7
33 239 8
34 248 9
35 258 10
36 266 8
37 275 9
38 284 9
39 293 9
40 301 8
41 308 7
42 316 8
43 324 8
44 333 9
45 342 9
46 351 9
47 361 10
48 369 8
49 376 7
50 383 7
51 392 9
52 401 9
53 411 10
54 420 9
55 429 9
56 438 9
57 447 9
58 457 10
59 467 10
60 476 9
61 485 9
62 494 9
63 502 8
64 510 8
65 520 10
66 530 10
67 539 9
68 548 9
69 557 9
70 566 9
71 573 7
72 581 8
73 590 9
74 597 7
75 606 9
76 613 7
77 623 10
78 633 10
79 639 6
80 649 10
81 658 9
82 667 9
83 677 10
84 687 10
85 696 9
86 706 10
87 715 9
88 724 9
89 732 8
90 741 9
91 750 9
92 757 7
93 766 9
94 775 9
95 785 10
96 793 8
97 802 9
98 812 10
99 819 7
100 829 10
101 837 8
102 845 8
103 855 10
104 865 10
105 873 8
106 883 10
107 893 10
108 901 8
109 909 8
110 918 9
111 928 10
112 936 8
113 942 6
114 951 9
115 960 9
116 968 8
117 977 9
118 984 7
119 994 10
120 1002 8
121 1010 8
122 1020 10
123 1028 8
124 1037 9
125 1044 7
126 1051 7
127 1060 9
128 1070 10
129 1080 10
130 1088 8
131 1097 9
132 1105 8
133 1115 10
134 1124 9
135 1133 9
136 1142 9
137 1151 9
138 1160 9
139 1170 10
140 1178 8
141 1187 9
142 1195 8
143 1205 10
144 1213 8
145 1223 10
146 1230 7
147 1239 9
148 1249 10
149 1256 7
150 1265 9
151 1273 8
152 1282 9
153 1290 8
154 1298 8
155 1307 9
156 1317 10
157 1327 10
158 1337 10
159 1346 9
160 1355 9
161 1365 10
162 1375 10
163 1385 10
164 1393 8
165 1402 9
166 1411 9
167 1420 9
168 1430 10
169 1439 9
170 1447 8
171 1456 9
172 1466 10
173 1475 9
174 1484 9
175 1493 9
176 1503 10
177 1511 8
178 1520 9
179 1530 10
180 1539 9
181 1548 9
182 1557 9
183 1565 8
184 1574 9
185 1583 9
186 1593 10
187 1603 10
188 1612 9
189 1622 10
190 1630 8
191 1639 9
192 1648 9
193 1657 9
194 1666 9
195 1676 10
196 1686 10
197 1695 9
198 1704 9
199 1713 9
200 1722 9
201 1732 10
202 1741 9
203 1749 8
204 1759 10
205 1768 9
206 1777 9
207 1786 9
208 1794 8
209 1803 9
210 1811 8
211 1821 10
212 1829 8
213 1838 9
214 1848 10
215 1858 10
216 1867 9
217 1877 10
218 1887 10
219 1897 10
220 1904 7
221 1913 9
222 1921 8
223 1931 10
224 1940 9
225 1950 10
226 1960 10
227 1969 9
228 1978 9
229 1985 7
230 1995 10
231 2003 8
232 2013 10
233 2023 10
234 2032 9
235 2040 8
236 2050 10
237 2060 10
238 2068 8
239 2078 10
240 2087 9
241 2095 8
242 2104 9
243 2112 8
244 2121 9
245 2130 9
246 2139 9
247 2148 9
248 2158 10
249 2168 10
250 2178 10
251 2186 8
252 2194 8
253 2200 6
254 2209 9
255 2218 9
256 2228 10
257 2238 10
258 2247 9
259 2254 7
260 2264 10
261 2274 10
262 2283 9
263 2292 9
264 2301 9
265 2309 8
266 2319 10
267 2327 8
268 2333 6
269 2343 10
270 2351 8
271 2360 9
272 2369 9
273 2378 9
274 2386 8
275 2396 10
276 2406 10
277 2416 10
278 2424 8
279 2434 10
280 2443 9
281 2453 10
282 2463 10
283 2473 10
284 2482 9
285 2492 10
286 2501 9
287 2511 10
288 2521 10
289 2531 10
290 2540 9
291 2548 8
292 2557 9
293 2566 9
294 2576 10
295 2585 9
296 2592 7
297 2601 9
298 2611 10
299 2619 8
300 2629 10
301 2639 10
302 2648 9
303 2656 8
304 2666 10
305 2674 8
306 2683 9
307 2692 9
308 2702 10
309 2712 10
310 2721 9
311 2730 9
312 2740 10
313 2749 9
314 2758 9
315 2768 10
316 2777 9
317 2786 9
318 2796 10
319 2805 9
320 2814 9
321 2822 8
322 2832 10
323 2842 10
324 2851 9
325 2861 10
326 2870 9
327 2879 9
328 2888 9
329 2898 10
330 2907 9
331 2916 9
332 2926 10
333 2935 9
334 2945 10
335 2955 10
336 2963 8
337 2970 7
338 2980 10
339 2990 10
340 2999 9
341 3008 9
342 3017 9
343 3025 8
344 3035 10
345 3044 9
346 3052 8
347 3060 8
348 3069 9
349 3078 9
350 3086 8
351 3095 9
352 3104 9
353 3114 10
354 3123 9
355 3132 9
356 3140 8
357 3148 8
358 3154 6
359 3162 8
360 3172 10
361 3181 9
362 3190 9
363 3199 9
364 3209 10
365 3218 9
366 3225 7
367 3235 10
368 3245 10
369 3254 9
370 3263 9
371 3273 10
372 3281 8
373 3290 9
374 3299 9
375 3309 10
376 3318 9
377 3327 9
378 3337 10
379 3347 10
380 3356 9
381 3363 7
382 3373 10
383 3383 10
384 3392 9
385 3401 9
386 3410 9
387 3420 10
388 3430 10
389 3439 9
390 3449 10
391 3456 7
392 3465 9
393 3475 10
394 3485 10
395 3495 10
396 3505 10
397 3514 9
398 3523 9
399 3532 9
400 3541 9
401 3551 10
402 3561 10
403 3571 10
404 3580 9
405 3588 8
406 3597 9
407 3606 9
408 3616 10
409 3626 10
410 3635 9
411 3643 8
412 3653 10
413 3662 9
414 3671 9
415 3680 9
416 3689 9
417 3699 10
418 3708 9
419 3716 8
420 3726 10
421 3735 9
422 3745 10
423 3755 10
424 3765 10
425 3775 10
426 3783 8
427 3793 10
428 3801 8
429 3810 9
430 3819 9
431 3829 10
432 3837 8
433 3847 10
434 3857 10
435 3866 9
436 3875 9
437 3884 9
438 3893 9
439 3903 10
440 3912 9
441 3922 10
442 3931 9
443 3941 10
444 3950 9
445 3959 9
446 3968 9
447 3976 8
448 3985 9
449 3995 10
450 4005 10
451 4015 10
452 4025 10
453 4035 10
454 4045 10
455 4054 9
456 4063 9
457 4071 8
458 4080 9
459 4090 10
460 4100 10
461 4110 10
462 4116 6
463 4125 9
464 4135 10
465 4145 10
466 4154 9
467 4164 10
468 4174 10
469 4184 10
470 4194 10
471 4202 8
472 4209 7
473 4218 9
474 4228 10
475 4237 9
476 4245 8
477 4254 9
478 4263 9
479 4272 9
480 4282 10
481 4291 9
482 4300 9
483 4310 10
484 4319 9
485 4327 8
486 4337 10
487 4343 6
488 4353 10
489 4362 9
490 4370 8
491 4379 9
492 4389 10
493 4399 10
494 4407 8
495 4417 10
496 4425 8
497 4434 9
498 4443 9
499 4453 10
500 4461 8
