1 5 5
2 12 7
3 20 8
4 24 4
5 30 6
6 36 6
7 42 6
8 49 7
9 56 7
10 63 7
11 70 7
12 78 8
13 86 8
14 94 8
15 101 7
16 108 7
17 117 9
18 126 9
19 130 4
20 137 7
21 145 8
22 155 10
23 165 10
24 173 8
25 181 8
26 190 9
27 198 8
28 208 10
29 215 7
30 222 7
31 230 8
32 239 9
33 248 9
34 256 8
35 265 9
36 274 9
37 282 8
38 290 8
39 299 9
40 307 8
41 316 9
42 324 8
43 332 8
44 340 8
45 347 7
46 356 9
47 365 9
48 375 10
49 385 10
50 393 8
51 403 10
52 413 10
53 422 9
54 432 10
55 440 8
56 448 8
57 456 8
58 466 10
59 474 8
60 483 9
61 491 8
62 500 9
63 507 7
64 517 10
65 525 8
66 535 10
67 543 8
68 553 10
69 560 7
70 569 9
71 578 9
72 588 10
73 598 10
74 606 8
75 615 9
76 625 10
77 633 8
78 643 10
79 653 10
80 663 10
81 673 10
82 682 9
83 690 8
84 700 10
85 708 8
86 718 10
87 727 9
88 736 9
89 745 9
90 755 10
91 765 10
92 775 10
93 784 9
94 792 8
95 801 9
96 811 10
97 821 10
98 831 10
99 841 10
100 851 10
101 858 7
102 867 9
103 877 10
104 887 10
105 897 10
106 904 7
107 914 10
108 923 9
109 931 8
110 941 10
111 950 9
112 957 7
113 965 8
114 973 8
115 983 10
116 993 10
117 1003 10
118 1013 10
119 1022 9
120 1031 9
121 1040 9
122 1048 8
123 1056 8
124 1066 10
125 1076 10
126 1083 7
127 1091 8
128 1101 10
129 1110 9
130 1119 9
131 1127 8
132 1134 7
133 1142 8
134 1151 9
135 1158 7
136 1167 9
137 1176 9
138 1186 10
139 1194 8
140 1203 9
141 1212 9
142 1221 9
143 1231 10
144 1239 8
145 1247 8
146 1257 10
147 1267 10
148 1276 9
149 1285 9
150 1295 10
151 1303 8
152 1312 9
153 1321 9
154 1331 10
155 1339 8
156 1347 8
157 1356 9
158 1365 9
159 1375 10
160 1384 9
161 1394 10
162 1404 10
163 1414 10
164 1424 10
165 1434 10
166 1444 10
167 1452 8
168 1462 10
169 1472 10
170 1481 9
171 1491 10
172 1500 9
173 1510 10
174 1518 8
175 1527 9
176 1537 10
177 1547 10
178 1556 9
179 1566 10
180 1575 9
181 1585 10
182 1594 9
183 1604 10
184 1614 10
185 1621 7
186 1631 10
187 1639 8
188 1649 10
189 1658 9
190 1667 9
191 1677 10
192 1685 8
193 1695 10
194 1705 10
195 1715 10
196 1725 10
197 1734 9
198 1743 9
199 1753 10
200 1763 10
201 1773 10
202 1781 8
203 1789 8
204 1798 9
205 1808 10
206 1817 9
207 1826 9
208 1836 10
209 1845 9
210 1854 9
211 1864 10
212 1873 9
213 1881 8
214 1890 9
215 1899 9
216 1908 9
217 1918 10
218 1928 10
219 1937 9
220 1945 8
221 1954 9
222 1962 8
223 1972 10
224 1981 9
225 1990 9
226 1999 9
227 2008 9
228 2015 7
229 2025 10
230 2033 8
231 2042 9
232 2052 10
233 2062 10
234 2071 9
235 2081 10
236 2090 9
237 2097 7
238 2106 9
239 2116 10
240 2126 10
241 2135 9
242 2144 9
243 2154 10
244 2163 9
245 2172 9
246 2180 8
247 2189 9
248 2199 10
249 2209 10
250 2218 9
251 2228 10
252 2237 9
253 2246 9
254 2253 7
255 2262 9
256 2271 9
257 2281 10
258 2289 8
259 2295 6
260 2305 10
261 2314 9
262 2324 10
263 2332 8
264 2340 8
265 2350 10
266 2359 9
267 2367 8
268 2376 9
269 2385 9
270 2394 9
271 2402 8
272 2411 9
273 2421 10
274 2429 8
275 2438 9
276 2448 10
277 2457 9
278 2465 8
279 2473 8
280 2481 8
281 2491 10
282 2498 7
283 2507 9
284 2517 10
285 2524 7
286 2534 10
287 2542 8
288 2552 10
289 2561 9
290 2569 8
291 2578 9
292 2588 10
293 2598 10
294 2607 9
295 2616 9
296 2625 9
297 2635 10
298 2645 10
299 2655 10
300 2665 10
301 2675 10
302 2685 10
303 2694 9
304 2704 10
305 2714 10
306 2723 9
307 2732 9
308 2742 10
309 2752 10
310 2761 9
311 2771 10
312 2780 9
313 2789 9
314 2797 8
315 2806 9
316 2816 10
317 2824 8
318 2833 9
319 2842 9
320 2848 6
321 2857 9
322 2867 10
323 2876 9
324 2886 10
325 2895 9
326 2905 10
327 2913 8
328 2922 9
329 2932 10
330 2941 9
331 2949 8
332 2958 9
333 2967 9
334 2976 9
335 2985 9
336 2995 10
337 3004 9
338 3013 9
339 3022 9
340 3030 8
341 3040 10
342 3050 10
343 3059 9
344 3067 8
345 3076 9
346 3086 10
347 3096 10
348 3106 10
349 3113 7
350 3123 10
351 3132 9
352 3141 9
353 3150 9
354 3160 10
355 3169 9
356 3178 9
357 3186 8
358 3195 9
359 3205 10
360 3215 10
361 3224 9
362 3232 8
363 3240 8
364 3249 9
365 3254 5
366 3263 9
367 3272 9
368 3282 10
369 3291 9
370 3300 9
371 3308 8
372 3318 10
373 3326 8
374 3336 10
375 3346 10
376 3354 8
377 3360 6
378 3370 10
379 3378 8
380 3385 7
381 3393 8
382 3402 9
383 3411 9
384 3421 10
385 3430 9
386 3439 9
387 3448 9
388 3458 10
389 3467 9
390 3476 9
391 3483 7
392 3491 8
393 3498 7
394 3507 9
395 3516 9
396 3526 10
397 3534 8
398 3544 10
399 3554 10
400 3563 9
401 3572 9
402 3581 9
403 3591 10
404 3598 7
405 3607 9
406 3617 10
407 3625 8
408 3634 9
409 3643 9
410 3652 9
411 3660 8
412 3670 10
413 3680 10
414 3690 10
415 3698 8
416 3706 8
417 3716 10
418 3724 8
419 3731 7
420 3740 9
421 3750 10
422 3759 9
423 3767 8
424 3777 10
425 3784 7
426 3794 10
427 3804 10
428 3814 10
429 3823 9
430 3833 10
431 3842 9
432 3852 10
433 3861 9
434 3869 8
435 3879 10
436 3889 10
437 3896 7
438 3906 10
439 3916 10
440 3926 10
441 3936 10
442 3946 10
443 3956 10
444 3964 8
445 3974 10
446 3984 10
447 3994 10
448 4004 10
449 4013 9
450 4021 8
451 4028 7
452 4038 10
453 4048 10
454 4055 7
455 4065 10
456 4074 9
457 4083 9
458 4093 10
459 4102 9
460 4112 10
461 4121 9
462 4131 10
463 4138 7
464 4147 9
465 4156 9
466 4166 10
467 4175 9
468 4183 8
469 4192 9
470 4201 9
471 4208 7
472 4216 8
473 4224 8
474 4231 7
475 4237 6
476 4246 9
477 4256 10
478 4265 9
479 4273 8
480 4283 10
481 4291 8
482 4301 10
483 4311 10
484 4321 10
485 4331 10
486 4340 9
487 4349 9
488 4357 8
489 4365 8
490 4373 8
491 4383 10
492 4392 9
493 4401 9
494 4411 10
495 4421 10
496 4430 9
497 4440 10
498 4450 10
499 4459 9
500 4469 10
