1 5 5
2 10 5
3 18 8
4 23 5
5 30 7
6 36 6
7 41 5
8 49 8
9 59 10
10 66 7
11 75 9
12 83 8
13 89 6
14 96 7
15 105 9
16 112 7
17 119 7
18 126 7
19 135 9
20 141 6
21 150 9
22 157 7
23 166 9
24 176 10
25 185 9
26 195 10
27 204 9
28 214 10
29 223 9
30 233 10
31 239 6
32 248 9
33 256 8
34 263 7
35 272 9
36 278 6
37 286 8
38 296 10
39 305 9
40 314 9
41 323 9
42 333 10
43 341 8
44 351 10
45 359 8
46 368 9
47 376 8
48 385 9
49 395 10
50 405 10
51 414 9
52 424 10
53 432 8
54 442 10
55 451 9
56 461 10
57 469 8
58 478 9
59 488 10
60 496 8
61 506 10
62 515 9
63 525 10
64 533 8
65 541 8
66 548 7
67 557 9
68 566 9
69 576 10
70 585 9
71 594 9
72 603 9
73 613 10
74 622 9
75 630 8
76 640 10
77 649 9
78 658 9
79 666 8
80 674 8
81 683 9
82 692 9
83 702 10
84 712 10
85 721 9
86 731 10
87 741 10
88 750 9
89 759 9
90 766 7
91 775 9
92 784 9
93 792 8
94 801 9
95 811 10
96 819 8
97 829 10
98 838 9
99 846 8
100 855 9
101 864 9
102 874 10
103 883 9
104 893 10
105 901 8
106 910 9
107 920 10
108 930 10
109 938 8
110 948 10
111 958 10
112 968 10
113 978 10
114 987 9
115 996 9
116 1005 9
117 1015 10
118 1024 9
119 1033 9
120 1043 10
121 1052 9
122 1061 9
123 1071 10
124 1080 9
125 1090 10
126 1098 8
127 1108 10
128 1117 9
129 1125 8
130 1135 10
131 1143 8
132 1153 10
133 1162 9
134 1172 10
135 1178 6
136 1186 8
137 1196 10
138 1203 7
139 1212 9
140 1219 7
141 1226 7
142 1236 10
143 1246 10
144 1256 10
145 1264 8
146 1274 10
147 1283 9
148 1292 9
149 1302 10
150 1310 8
151 1319 9
152 1329 10
153 1339 10
154 1347 8
155 1355 8
156 1363 8
157 1371 8
158 1381 10
159 1389 8
160 1399 10
161 1409 10
162 1419 10
163 1428 9
164 1437 9
165 1446 9
166 1453 7
167 1463 10
168 1471 8
169 1480 9
170 1490 10
171 1500 10
172 1508 8
173 1516 8
174 1525 9
175 1535 10
176 1545 10
177 1555 10
178 1565 10
179 1575 10
180 1585 10
181 1595 10
182 1605 10
183 1614 9
184 1623 9
185 1633 10
186 1641 8
187 1649 8
188 1657 8
189 1667 10
190 1676 9
191 1684 8
192 1694 10
193 1704 10
194 1713 9
195 1722 9
196 1731 9
197 1741 10
198 1751 10
199 1760 9
200 1770 10
201 1778 8
202 1787 9
203 1797 10
204 1807 10
205 1815 8
206 1824 9
207 1833 9
208 1843 10
209 1852 9
210 1860 8
211 1868 8
212 1876 8
213 1886 10
214 1895 9
215 1905 10
216 1915 10
217 1925 10
218 1934 9
219 1944 10
220 1952 8
221 1962 10
222 1972 10
223 1981 9
224 1989 8
225 1999 10
226 2008 9
227 2016 8
228 2026 10
229 2036 10
230 2046 10
231 2054 8
232 2063 9
233 2073 10
234 2082 9
235 2091 9
236 2100 9
237 2110 10
238 2120 10
239 2129 9
240 2139 10
241 2149 10
242 2159 10
243 2169 10
244 2177 8
245 2187 10
246 2196 9
247 2205 9
248 2214 9
249 2222 8
250 2231 9
251 2241 10
252 2251 10
253 2261 10
254 2271 10
255 2280 9
256 2288 8
257 2298 10
258 2306 8
259 2316 10
260 2326 10
261 2336 10
262 2343 7
263 2353 10
264 2363 10
265 2373 10
266 2383 10
267 2392 9
268 2402 10
269 2411 9
270 2421 10
271 2431 10
272 2439 8
273 2449 10
274 2457 8
275 2467 10
276 2477 10
277 2486 9
278 2496 10
279 2505 9
280 2515 10
281 2524 9
282 2533 9
283 2542 9
284 2550 8
285 2560 10
286 2569 9
287 2579 10
288 2588 9
289 2598 10
290 2608 10
291 2618 10
292 2627 9
293 2636 9
294 2646 10
295 2655 9
296 2664 9
297 2673 9
298 2682 9
299 2692 10
300 2701 9
301 2711 10
302 2720 9
303 2729 9
304 2739 10
305 2748 9
306 2757 9
307 2766 9
308 2776 10
309 2786 10
310 2795 9
311 2804 9
312 2812 8
313 2821 9
314 2829 8
315 2838 9
316 2846 8
317 2854 8
318 2864 10
319 2873 9
320 2883 10
321 2893 10
322 2901 8
323 2911 10
324 2919 8
325 2929 10
326 2938 9
327 2947 9
328 2955 8
329 2964 9
330 2974 10
331 2984 10
332 2994 10
333 3000 6
334 3010 10
335 3019 9
336 3027 8
337 3036 9
338 3045 9
339 3055 10
340 3063 8
341 3073 10
342 3083 10
343 3091 8
344 3099 8
345 3109 10
346 3118 9
347 3128 10
348 3138 10
349 3147 9
350 3157 10
351 3167 10
352 3176 9
353 3185 9
354 3194 9
355 3202 8
356 3211 9
357 3221 10
358 3229 8
359 3238 9
360 3248 10
361 3258 10
362 3267 9
363 3276 9
364 3285 9
365 3295 10
366 3302 7
367 3311 9
368 3321 10
369 3330 9
370 3338 8
371 3346 8
372 3355 9
373 3363 8
374 3372 9
375 3382 10
376 3390 8
377 3398 8
378 3408 10
379 3416 8
380 3425 9
381 3433 8
382 3442 9
383 3449 7
384 3459 10
385 3468 9
386 3477 9
387 3485 8
388 3495 10
389 3504 9
390 3512 8
391 3522 10
392 3531 9
393 3539 8
394 3548 9
395 3557 9
396 3566 9
397 3575 9
398 3582 7
399 3590 8
400 3599 9
401 3606 7
402 3615 9
403 3624 9
404 3632 8
405 3641 9
406 3650 9
407 3659 9
408 3668 9
409 3677 9
410 3686 9
411 3695 9
412 3703 8
413 3712 9
414 3722 10
415 3731 9
416 3740 9
417 3750 10
418 3759 9
419 3769 10
420 3778 9
421 3786 8
422 3794 8
423 3803 9
424 3813 10
425 3823 10
426 3833 10
427 3841 8
428 3851 10
429 3860 9
430 3868 8
431 3876 8
432 3885 9
433 3894 9
434 3904 10
435 3913 9
436 3923 10
437 3932 9
438 3942 10
439 3951 9
440 3961 10
441 3969 8
442 3979 10
443 3989 10
444 3996 7
445 4005 9
446 4013 8
447 4022 9
448 4030 8
449 4039 9
450 4049 10
451 4058 9
452 4066 8
453 4075 9
454 4082 7
455 4091 9
456 4099 8
457 4109 10
458 4118 9
459 4128 10
460 4138 10
461 4147 9
462 4156 9
463 4166 10
464 4173 7
465 4183 10
466 4191 8
467 4201 10
468 4208 7
469 4216 8
470 4224 8
471 4232 8
472 4242 10
473 4252 10
474 4261 9
475 4271 10
476 4280 9
477 4290 10
478 4299 9
479 4308 9
480 4316 8
481 4326 10
482 4336 10
483 4345 9
484 4354 9
485 4364 10
486 4374 10
487 4383 9
488 4392 9
489 4400 8
490 4408 8
491 4418 10
492 4427 9
493 4437 10
494 4445 8
495 4454 9
496 4463 9
497 4472 9
498 4479 7
499 4489 10
500 4498 9
