1 5 5
2 11 6
3 18 7
4 24 6
5 29 5
6 35 6
7 40 5
8 48 8
9 55 7
10 65 10
11 72 7
12 78 6
13 83 5
14 89 6
15 96 7
16 104 8
17 113 9
18 121 8
19 128 7
20 134 6
21 141 7
22 146 5
23 154 8
24 163 9
25 172 9
26 181 9
27 191 10
28 198 7
29 207 9
30 217 10
31 226 9
32 234 8
33 243 9
34 251 8
35 259 8
36 267 8
37 276 9
38 284 8
39 291 7
40 299 8
41 306 7
42 313 7
43 319 6
44 328 9
45 338 10
46 348 10
47 357 9
48 366 9
49 374 8
50 382 8
51 391 9
52 399 8
53 407 8
54 414 7
55 422 8
56 431 9
57 441 10
58 449 8
59 458 9
60 466 8
61 476 10
62 483 7
63 492 9
64 497 5
65 507 10
66 514 7
67 523 9
68 532 9
69 540 8
70 548 8
71 557 9
72 567 10
73 575 8
74 584 9
75 593 9
76 602 9
77 610 8
78 619 9
79 628 9
80 638 10
81 644 6
82 652 8
83 662 10
84 672 10
85 682 10
86 691 9
87 699 8
88 708 9
89 718 10
90 727 9
91 736 9
92 745 9
93 754 9
94 763 9
95 769 6
96 778 9
97 787 9
98 795 8
99 804 9
100 813 9
101 823 10
102 831 8
103 840 9
104 850 10
105 859 9
106 866 7
107 874 8
108 882 8
109 891 9
110 899 8
111 909 10
112 919 10
113 928 9
114 936 8
115 946 10
116 954 8
117 964 10
118 973 9
119 982 9
120 991 9
121 999 8
122 1006 7
123 1016 10
124 1025 9
125 1034 9
126 1044 10
127 1054 10
128 1062 8
129 1072 10
130 1082 10
131 1092 10
132 1101 9
133 1111 10
134 1121 10
135 1131 10
136 1138 7
137 1146 8
138 1154 8
139 1164 10
140 1172 8
141 1182 10
142 1190 8
143 1200 10
144 1210 10
145 1218 8
146 1227 9
147 1236 9
148 1244 8
149 1254 10
150 1260 6
151 1270 10
152 1279 9
153 1288 9
154 1296 8
155 1304 8
156 1313 9
157 1323 10
158 1331 8
159 1338 7
160 1345 7
161 1354 9
162 1363 9
163 1371 8
164 1378 7
165 1386 8
166 1396 10
167 1406 10
168 1414 8
169 1424 10
170 1433 9
171 1441 8
172 1449 8
173 1457 8
174 1467 10
175 1477 10
176 1485 8
177 1493 8
178 1502 9
179 1512 10
180 1521 9
181 1530 9
182 1538 8
183 1547 9
184 1556 9
185 1565 9
186 1572 7
187 1579 7
188 1588 9
189 1598 10
190 1608 10
191 1618 10
192 1626 8
193 1635 9
194 1644 9
195 1653 9
196 1661 8
197 1671 10
198 1679 8
199 1687 8
200 1697 10
201 1707 10
202 1716 9
203 1725 9
204 1735 10
205 1744 9
206 1754 10
207 1763 9
208 1772 9
209 1781 9
210 1790 9
211 1799 9
212 1807 8
213 1816 9
214 1826 10
215 1834 8
216 1843 9
217 1852 9
218 1859 7
219 1868 9
220 1877 9
221 1885 8
222 1893 8
223 1902 9
224 1911 9
225 1921 10
226 1931 10
227 1940 9
228 1950 10
229 1959 9
230 1968 9
231 1978 10
232 1988 10
233 1997 9
234 2005 8
235 2014 9
236 2023 9
237 2033 10
238 2041 8
239 2049 8
240 2058 9
241 2067 9
242 2077 10
243 2087 10
244 2097 10
245 2105 8
246 2114 9
247 2124 10
248 2134 10
249 2143 9
250 2152 9
251 2161 9
252 2171 10
253 2181 10
254 2191 10
255 2201 10
256 2207 6
257 2217 10
258 2226 9
259 2236 10
260 2246 10
261 2256 10
262 2265 9
263 2272 7
264 2281 9
265 2290 9
266 2299 9
267 2307 8
268 2317 10
269 2326 9
270 2336 10
271 2346 10
272 2355 9
273 2362 7
274 2372 10
275 2378 6
276 2388 10
277 2397 9
278 2405 8
279 2414 9
280 2422 8
281 2432 10
282 2440 8
283 2449 9
284 2458 9
285 2468 10
286 2478 10
287 2486 8
288 2492 6
289 2501 9
290 2510 9
291 2518 8
292 2528 10
293 2537 9
294 2545 8
295 2553 8
296 2563 10
297 2572 9
298 2581 9
299 2589 8
300 2597 8
301 2607 10
302 2617 10
303 2627 10
304 2636 9
305 2645 9
306 2654 9
307 2663 9
308 2671 8
309 2681 10
310 2690 9
311 2700 10
312 2709 9
313 2719 10
314 2728 9
315 2738 10
316 2746 8
317 2756 10
318 2765 9
319 2775 10
320 2785 10
321 2793 8
322 2801 8
323 2809 8
324 2816 7
325 2825 9
326 2835 10
327 2841 6
328 2849 8
329 2858 9
330 2868 10
331 2876 8
332 2884 8
333 2893 9
334 2903 10
335 2912 9
336 2922 10
337 2932 10
338 2942 10
339 2951 9
340 2961 10
341 2970 9
342 2979 9
343 2989 10
344 2999 10
345 3008 9
346 3018 10
347 3028 10
348 3036 8
349 3046 10
350 3055 9
351 3064 9
352 3072 8
353 3082 10
354 3090 8
355 3100 10
356 3109 9
357 3119 10
358 3126 7
359 3135 9
360 3144 9
361 3153 9
362 3163 10
363 3170 7
364 3179 9
365 3188 9
366 3198 10
367 3208 10
368 3217 9
369 3226 9
370 3235 9
371 3244 9
372 3254 10
373 3263 9
374 3273 10
375 3282 9
376 3292 10
377 3301 9
378 3310 9
379 3318 8
380 3328 10
381 3336 8
382 3346 10
383 3355 9
384 3364 9
385 3373 9
386 3382 9
387 3392 10
388 3402 10
389 3412 10
390 3421 9
391 3430 9
392 3440 10
393 3448 8
394 3457 9
395 3467 10
396 3476 9
397 3483 7
398 3490 7
399 3500 10
400 3509 9
401 3519 10
402 3529 10
403 3539 10
404 3547 8
405 3556 9
406 3566 10
407 3575 9
408 3585 10
409 3594 9
410 3604 10
411 3614 10
412 3624 10
413 3633 9
414 3643 10
415 3653 10
416 3663 10
417 3673 10
418 3682 9
419 3691 9
420 3700 9
421 3710 10
422 3719 9
423 3728 9
424 3736 8
425 3745 9
426 3754 9
427 3763 9
428 3772 9
429 3781 9
430 3791 10
431 3801 10
432 3810 9
433 3818 8
434 3827 9
435 3835 8
436 3845 10
437 3855 10
438 3864 9
439 3873 9
440 3882 9
441 3891 9
442 3901 10
443 3910 9
444 3920 10
445 3929 9
446 3939 10
447 3949 10
448 3959 10
449 3968 9
450 3976 8
451 3985 9
452 3994 9
453 4004 10
454 4013 9
455 4023 10
456 4033 10
457 4043 10
458 4053 10
459 4063 10
460 4071 8
461 4080 9
462 4089 9
463 4099 10
464 4109 10
465 4118 9
466 4127 9
467 4136 9
468 4145 9
469 4155 10
470 4163 8
471 4173 10
472 4183 10
473 4191 8
474 4201 10
475 4211 10
476 4220 9
477 4227 7
478 4237 10
479 4244 7
480 4251 7
481 4260 9
482 4268 8
483 4276 8
484 4284 8
485 4293 9
486 4301 8
487 4310 9
488 4320 10
489 4329 9
490 4338 9
491 4347 9
492 4357 10
493 4366 9
494 4375 9
495 4385 10
496 4395 10
497 4405 10
498 4413 8
499 4422 9
500 4432 10
