1 7 7
2 12 5
3 18 6
4 25 7
5 31 6
6 39 8
7 45 6
8 53 8
9 59 6
10 65 6
11 70 5
12 78 8
13 85 7
14 92 7
15 97 5
16 105 8
17 113 8
18 117 4
19 126 9
20 135 9
21 144 9
22 153 9
23 162 9
24 169 7
25 178 9
26 184 6
27 193 9
28 198 5
29 204 6
30 207 3
31 217 10
32 227 10
33 235 8
34 244 9
35 252 8
36 258 6
37 266 8
38 276 10
39 285 9
40 293 8
41 300 7
42 309 9
43 318 9
44 326 8
45 335 9
46 343 8
47 351 8
48 361 10
49 370 9
50 377 7
51 384 7
52 392 8
53 401 9
54 411 10
55 420 9
56 428 8
57 436 8
58 445 9
59 455 10
60 464 9
61 472 8
62 482 10
63 490 8
64 499 9
65 505 6
66 515 10
67 524 9
68 531 7
69 541 10
70 551 10
71 559 8
72 569 10
73 578 9
74 587 9
75 596 9
76 606 10
77 616 10
78 626 10
79 634 8
80 644 10
81 654 10
82 663 9
83 672 9
84 681 9
85 690 9
86 699 9
87 709 10
88 716 7
89 724 8
90 734 10
91 743 9
92 752 9
93 761 9
94 770 9
95 777 7
96 785 8
97 793 8
98 801 8
99 810 9
100 819 9
101 828 9
102 836 8
103 845 9
104 852 7
105 862 10
106 871 9
107 879 8
108 889 10
109 899 10
110 908 9
111 917 9
112 927 10
113 937 10
114 947 10
115 956 9
116 966 10
117 975 9
118 984 9
119 992 8
120 1000 8
121 1009 9
122 1019 10
123 1029 10
124 1039 10
125 1047 8
126 1056 9
127 1065 9
128 1073 8
129 1082 9
130 1091 9
131 1101 10
132 1110 9
133 1119 9
134 1127 8
135 1136 9
136 1145 9
137 1153 8
138 1163 10
139 1173 10
140 1182 9
141 1192 10
142 1201 9
143 1211 10
144 1221 10
145 1231 10
146 1241 10
147 1251 10
148 1261 10
149 1269 8
150 1279 10
151 1288 9
152 1296 8
153 1304 8
154 1311 7
155 1320 9
156 1330 10
157 1339 9
158 1348 9
159 1358 10
160 1368 10
161 1375 7
162 1383 8
163 1393 10
164 1402 9
165 1411 9
166 1421 10
167 1431 10
168 1440 9
169 1448 8
170 1456 8
171 1465 9
172 1473 8
173 1481 8
174 1491 10
175 1501 10
176 1511 10
177 1520 9
178 1529 9
179 1536 7
180 1546 10
181 1555 9
182 1562 7
183 1571 9
184 1581 10
185 1591 10
186 1600 9
187 1610 10
188 1618 8
189 1628 10
190 1637 9
191 1645 8
192 1654 9
193 1664 10
194 1673 9
195 1682 9
196 1691 9
197 1700 9
198 1710 10
199 1720 10
200 1729 9
201 1737 8
202 1747 10
203 1756 9
204 1766 10
205 1775 9
206 1785 10
207 1795 10
208 1803 8
209 1812 9
210 1822 10
211 1832 10
212 1841 9
213 1849 8
214 1858 9
215 1868 10
216 1878 10
217 1887 9
218 1895 8
219 1903 8
220 1913 10
221 1922 9
222 1931 9
223 1940 9
224 1948 8
225 1958 10
226 1968 10
227 1978 10
228 1987 9
229 1996 9
230 2004 8
231 2014 10
232 2022 8
233 2031 9
234 2040 9
235 2050 10
236 2060 10
237 2068 8
238 2077 9
239 2086 9
240 2094 8
241 2104 10
242 2114 10
243 2122 8
244 2130 8
245 2139 9
246 2147 8
247 2155 8
248 2165 10
249 2174 9
250 2182 8
251 2192 10
252 2202 10
253 2210 8
254 2220 10
255 2229 9
256 2237 8
257 2247 10
258 2254 7
259 2264 10
260 2274 10
261 2284 10
262 2291 7
263 2300 9
264 2308 8
265 2317 9
266 2325 8
267 2335 10
268 2345 10
269 2354 9
270 2363 9
271 2372 9
272 2382 10
273 2392 10
274 2401 9
275 2411 10
276 2419 8
277 2427 8
278 2437 10
279 2446 9
280 2456 10
281 2466 10
282 2476 10
283 2486 10
284 2495 9
285 2505 10
286 2514 9
287 2523 9
288 2532 9
289 2542 10
290 2550 8
291 2559 9
292 2567 8
293 2576 9
294 2585 9
295 2595 10
296 2605 10
297 2615 10
298 2625 10
299 2635 10
300 2644 9
301 2653 9
302 2662 9
303 2671 9
304 2680 9
305 2688 8
306 2698 10
307 2707 9
308 2717 10
309 2727 10
310 2736 9
311 2746 10
312 2756 10
313 2765 9
314 2774 9
315 2782 8
316 2789 7
317 2799 10
318 2808 9
319 2817 9
320 2826 9
321 2836 10
322 2844 8
323 2854 10
324 2861 7
325 2869 8
326 2878 9
327 2888 10
328 2897 9
329 2906 9
330 2915 9
331 2924 9
332 2931 7
333 2941 10
334 2950 9
335 2960 10
336 2969 9
337 2979 10
338 2987 8
339 2996 9
340 3006 10
341 3015 9
342 3023 8
343 3033 10
344 3042 9
345 3050 8
346 3060 10
347 3070 10
348 3079 9
349 3088 9
350 3097 9
351 3106 9
352 3116 10
353 3125 9
354 3134 9
355 3144 10
356 3153 9
357 3162 9
358 3170 8
359 3178 8
360 3187 9
361 3195 8
362 3204 9
363 3213 9
364 3223 10
365 3232 9
366 3242 10
367 3252 10
368 3261 9
369 3270 9
370 3279 9
371 3287 8
372 3297 10
373 3307 10
374 3317 10
375 3325 8
376 3335 10
377 3345 10
378 3355 10
379 3364 9
380 3373 9
381 3382 9
382 3390 8
383 3399 9
384 3409 10
385 3417 8
386 3426 9
387 3436 10
388 3444 8
389 3453 9
390 3463 10
391 3472 9
392 3481 9
393 3491 10
394 3501 10
395 3509 8
396 3518 9
397 3526 8
398 3535 9
399 3545 10
400 3555 10
401 3564 9
402 3574 10
403 3584 10
404 3593 9
405 3601 8
406 3611 10
407 3621 10
408 3630 9
409 3639 9
410 3647 8
411 3655 8
412 3665 10
413 3674 9
414 3684 10
415 3693 9
416 3702 9
417 3711 9
418 3721 10
419 3731 10
420 3740 9
421 3750 10
422 3760 10
423 3769 9
424 3779 10
425 3786 7
426 3793 7
427 3802 9
428 3811 9
429 3821 10
430 3829 8
431 3839 10
432 3846 7
433 3856 10
434 3865 9
435 3875 10
436 3884 9
437 3894 10
438 3904 10
439 3913 9
440 3922 9
441 3931 9
442 3939 8
443 3948 9
444 3956 8
445 3966 10
446 3976 10
447 3986 10
448 3994 8
449 4003 9
450 4011 8
451 4021 10
452 4031 10
453 4040 9
454 4049 9
455 4058 9
456 4068 10
457 4078 10
458 4085 7
459 4095 10
460 4104 9
461 4113 9
462 4123 10
463 4133 10
464 4142 9
465 4152 10
466 4162 10
467 4171 9
468 4179 8
469 4187 8
470 4196 9
471 4204 8
472 4213 9
473 4221 8
474 4231 10
475 4241 10
476 4251 10
477 4261 10
478 4270 9
479 4279 9
480 4287 8
481 4295 8
482 4303 8
483 4310 7
484 4318 8
485 4328 10
486 4337 9
487 4346 9
488 4356 10
489 4365 9
490 4374 9
491 4384 10
492 4394 10
493 4404 10
494 4414 10
495 4424 10
496 4434 10
497 4441 7
498 4451 10
499 4460 9
500 4469 9
