1 3 3
2 9 6
3 16 7
4 24 8
5 33 9
6 42 9
7 50 8
8 57 7
9 64 7
10 72 8
11 78 6
12 86 8
13 93 7
14 100 7
15 107 7
16 113 6
17 121 8
18 128 7
19 137 9
20 147 10
21 156 9
22 165 9
23 172 7
24 181 9
25 188 7
26 197 9
27 206 9
28 211 5
29 220 9
30 226 6
31 236 10
32 245 9
33 251 6
34 259 8
35 268 9
36 277 9
37 285 8
38 293 8
39 302 9
40 312 10
41 320 8
42 326 6
43 334 8
44 341 7
45 350 9
46 359 9
47 366 7
48 376 10
49 385 9
50 394 9
51 402 8
52 411 9
53 420 9
54 429 9
55 438 9
56 446 8
57 454 8
58 463 9
59 473 10
60 482 9
61 492 10
62 501 9
63 509 8
64 518 9
65 528 10
66 538 10
67 546 8
68 555 9
69 565 10
70 574 9
71 581 7
72 590 9
73 597 7
74 607 10
75 615 8
76 624 9
77 632 8
78 641 9
79 650 9
80 660 10
81 668 8
82 676 8
83 685 9
84 694 9
85 703 9
86 713 10
87 722 9
88 728 6
89 737 9
90 747 10
91 755 8
92 764 9
93 772 8
94 780 8
95 789 9
96 798 9
97 805 7
98 814 9
99 823 9
100 832 9
101 842 10
102 851 9
103 858 7
104 868 10
105 877 9
106 886 9
107 896 10
108 906 10
109 915 9
110 924 9
111 932 8
112 940 8
113 946 6
114 955 9
115 964 9
116 973 9
117 982 9
118 991 9
119 1000 9
120 1010 10
121 1019 9
122 1026 7
123 1035 9
124 1043 8
125 1052 9
126 1061 9
127 1070 9
128 1079 9
129 1086 7
130 1094 8
131 1104 10
132 1113 9
133 1121 8
134 1129 8
135 1138 9
136 1146 8
137 1153 7
138 1162 9
139 1172 10
140 1182 10
141 1192 10
142 1201 9
143 1211 10
144 1218 7
145 1227 9
146 1237 10
147 1246 9
148 1255 9
149 1265 10
150 1274 9
151 1282 8
152 1290 8
153 1299 9
154 1309 10
155 1319 10
156 1329 10
157 1339 10
158 1348 9
159 1355 7
160 1363 8
161 1373 10
162 1383 10
163 1392 9
164 1402 10
165 1412 10
166 1422 10
167 1432 10
168 1441 9
169 1449 8
170 1458 9
171 1464 6
172 1471 7
173 1481 10
174 1491 10
175 1499 8
176 1507 8
177 1517 10
178 1526 9
179 1535 9
180 1544 9
181 1554 10
182 1563 9
183 1573 10
184 1580 7
185 1590 10
186 1599 9
187 1609 10
188 1618 9
189 1627 9
190 1634 7
191 1643 9
192 1652 9
193 1661 9
194 1668 7
195 1677 9
196 1686 9
197 1696 10
198 1705 9
199 1713 8
200 1722 9
201 1732 10
202 1742 10
203 1750 8
204 1760 10
205 1769 9
206 1779 10
207 1786 7
208 1796 10
209 1805 9
210 1815 10
211 1824 9
212 1832 8
213 1840 8
214 1849 9
215 1856 7
216 1866 10
217 1873 7
218 1883 10
219 1892 9
220 1899 7
221 1908 9
222 1917 9
223 1926 9
224 1935 9
225 1944 9
226 1954 10
227 1964 10
228 1973 9
229 1982 9
230 1990 8
231 1997 7
232 2007 10
233 2017 10
234 2026 9
235 2036 10
236 2046 10
237 2055 9
238 2065 10
239 2075 10
240 2084 9
241 2094 10
242 2104 10
243 2113 9
244 2121 8
245 2129 8
246 2137 8
247 2146 9
248 2154 8
249 2162 8
250 2171 9
251 2181 10
252 2191 10
253 2201 10
254 2209 8
255 2219 10
256 2228 9
257 2237 9
258 2245 8
259 2255 10
260 2263 8
261 2272 9
262 2281 9
263 2291 10
264 2301 10
265 2311 10
266 2319 8
267 2327 8
268 2337 10
269 2346 9
270 2355 9
271 2364 9
272 2373 9
273 2382 9
274 2392 10
275 2402 10
276 2411 9
277 2418 7
278 2426 8
279 2435 9
280 2442 7
281 2452 10
282 2462 10
283 2472 10
284 2479 7
285 2489 10
286 2497 8
287 2506 9
288 2515 9
289 2523 8
290 2532 9
291 2541 9
292 2551 10
293 2560 9
294 2570 10
295 2577 7
296 2585 8
297 2595 10
298 2602 7
299 2609 7
300 2619 10
301 2627 8
302 2635 8
303 2644 9
304 2652 8
305 2662 10
306 2671 9
307 2680 9
308 2689 9
309 2699 10
310 2708 9
311 2718 10
312 2728 10
313 2737 9
314 2745 8
315 2755 10
316 2764 9
317 2774 10
318 2784 10
319 2793 9
320 2802 9
321 2812 10
322 2820 8
323 2829 9
324 2837 8
325 2843 6
326 2853 10
327 2862 9
328 2871 9
329 2881 10
330 2889 8
331 2899 10
332 2907 8
333 2915 8
334 2924 9
335 2934 10
336 2943 9
337 2953 10
338 2963 10
339 2970 7
340 2978 8
341 2988 10
342 2997 9
343 3007 10
344 3016 9
345 3026 10
346 3033 7
347 3043 10
348 3052 9
349 3061 9
350 3071 10
351 3081 10
352 3090 9
353 3098 8
354 3106 8
355 3115 9
356 3124 9
357 3134 10
358 3144 10
359 3153 9
360 3162 9
361 3171 9
362 3180 9
363 3190 10
364 3199 9
365 3209 10
366 3217 8
367 3226 9
368 3235 9
369 3245 10
370 3255 10
371 3264 9
372 3272 8
373 3282 10
374 3292 10
375 3302 10
376 3312 10
377 3320 8
378 3329 9
379 3337 8
380 3345 8
381 3354 9
382 3363 9
383 3372 9
384 3381 9
385 3390 9
386 3398 8
387 3407 9
388 3415 8
389 3424 9
390 3434 10
391 3443 9
392 3452 9
393 3461 9
394 3470 9
395 3480 10
396 3490 10
397 3498 8
398 3507 9
399 3516 9
400 3526 10
401 3536 10
402 3546 10
403 3555 9
404 3565 10
405 3574 9
406 3583 9
407 3592 9
408 3602 10
409 3610 8
410 3619 9
411 3628 9
412 3637 9
413 3647 10
414 3657 10
415 3666 9
416 3676 10
417 3686 10
418 3696 10
419 3705 9
420 3714 9
421 3724 10
422 3734 10
423 3743 9
424 3752 9
425 3760 8
426 3769 9
427 3779 10
428 3789 10
429 3798 9
430 3807 9
431 3815 8
432 3825 10
433 3835 10
434 3843 8
435 3851 8
436 3860 9
437 3869 9
438 3878 9
439 3887 9
440 3895 8
441 3904 9
442 3912 8
443 3922 10
444 3931 9
445 3940 9
446 3947 7
447 3954 7
448 3962 8
449 3972 10
450 3982 10
451 3992 10
452 4000 8
453 4009 9
454 4019 10
455 4029 10
456 4039 10
457 4047 8
458 4057 10
459 4066 9
460 4075 9
461 4084 9
462 4094 10
463 4103 9
464 4112 9
465 4122 10
466 4132 10
467 4142 10
468 4149 7
469 4158 9
470 4167 9
471 4175 8
472 4185 10
473 4193 8
474 4203 10
475 4212 9
476 4218 6
477 4227 9
478 4237 10
479 4247 10
480 4255 8
481 4261 6
482 4270 9
483 4280 10
484 4290 10
485 4299 9
486 4308 9
487 4318 10
488 4327 9
489 4335 8
490 4344 9
491 4354 10
492 4363 9
493 4373 10
494 4381 8
495 4389 8
496 4398 9
497 4407 9
498 4415 8
499 4425 10
500 4434 9
