1 5 5
2 11 6
3 17 6
4 22 5
5 28 6
6 34 6
7 40 6
8 48 8
9 56 8
10 63 7
11 71 8
12 80 9
13 87 7
14 96 9
15 104 8
16 110 6
17 117 7
18 127 10
19 134 7
20 142 8
21 150 8
22 157 7
23 166 9
24 173 7
25 179 6
26 188 9
27 196 8
28 205 9
29 212 7
30 221 9
31 228 7
32 238 10
33 245 7
34 252 7
35 259 7
36 268 9
37 277 9
38 285 8
39 294 9
40 303 9
41 310 7
42 318 8
43 326 8
44 334 8
45 341 7
46 349 8
47 358 9
48 368 10
49 377 9
50 385 8
51 391 6
52 401 10
53 411 10
54 420 9
55 428 8
56 434 6
57 443 9
58 452 9
59 461 9
60 470 9
61 480 10
62 489 9
63 498 9
64 507 9
65 516 9
66 526 10
67 536 10
68 545 9
69 553 8
70 561 8
71 569 8
72 579 10
73 588 9
74 598 10
75 607 9
76 617 10
77 626 9
78 636 10
79 643 7
80 652 9
81 662 10
82 672 10
83 680 8
84 690 10
85 699 9
86 708 9
87 715 7
88 725 10
89 734 9
90 742 8
91 750 8
92 760 10
93 768 8
94 777 9
95 787 10
96 796 9
97 805 9
98 814 9
99 824 10
100 834 10
101 842 8
102 852 10
103 860 8
104 870 10
105 880 10
106 889 9
107 899 10
108 908 9
109 917 9
110 927 10
111 936 9
112 942 6
113 952 10
114 961 9
115 969 8
116 979 10
117 987 8
118 996 9
119 1003 7
120 1012 9
121 1022 10
122 1031 9
123 1040 9
124 1050 10
125 1059 9
126 1068 9
127 1077 9
128 1086 9
129 1095 9
130 1104 9
131 1110 6
132 1119 9
133 1126 7
134 1135 9
135 1144 9
136 1154 10
137 1161 7
138 1170 9
139 1179 9
140 1189 10
141 1199 10
142 1209 10
143 1219 10
144 1228 9
145 1237 9
146 1245 8
147 1255 10
148 1261 6
149 1271 10
150 1281 10
151 1291 10
152 1301 10
153 1309 8
154 1317 8
155 1327 10
156 1335 8
157 1345 10
158 1354 9
159 1363 9
160 1372 9
161 1379 7
162 1386 7
163 1395 9
164 1404 9
165 1413 9
166 1421 8
167 1431 10
168 1440 9
169 1450 10
170 1460 10
171 1469 9
172 1478 9
173 1488 10
174 1498 10
175 1508 10
176 1516 8
177 1526 10
178 1534 8
179 1542 8
180 1550 8
181 1560 10
182 1568 8
183 1577 9
184 1586 9
185 1596 10
186 1605 9
187 1612 7
188 1619 7
189 1629 10
190 1637 8
191 1647 10
192 1656 9
193 1666 10
194 1674 8
195 1683 9
196 1693 10
197 1702 9
198 1711 9
199 1718 7
200 1727 9
201 1737 10
202 1747 10
203 1755 8
204 1765 10
205 1774 9
206 1783 9
207 1792 9
208 1802 10
209 1811 9
210 1819 8
211 1827 8
212 1836 9
213 1845 9
214 1855 10
215 1864 9
216 1873 9
217 1882 9
218 1890 8
219 1898 8
220 1905 7
221 1914 9
222 1922 8
223 1932 10
224 1939 7
225 1948 9
226 1958 10
227 1967 9
228 1976 9
229 1986 10
230 1995 9
231 2005 10
232 2014 9
233 2023 9
234 2033 10
235 2041 8
236 2051 10
237 2060 9
238 2069 9
239 2078 9
240 2087 9
241 2096 9
242 2105 9
243 2115 10
244 2124 9
245 2134 10
246 2144 10
247 2154 10
248 2164 10
249 2174 10
250 2183 9
251 2191 8
252 2199 8
253 2208 9
254 2217 9
255 2226 9
256 2236 10
257 2245 9
258 2253 8
259 2262 9
260 2271 9
261 2281 10
262 2289 8
263 2297 8
264 2305 8
265 2314 9
266 2323 9
267 2332 9
268 2342 10
269 2350 8
270 2359 9
271 2369 10
272 2378 9
273 2386 8
274 2396 10
275 2406 10
276 2415 9
277 2424 9
278 2432 8
279 2441 9
280 2451 10
281 2460 9
282 2470 10
283 2479 9
284 2488 9
285 2497 9
286 2506 9
287 2516 10
288 2526 10
289 2536 10
290 2546 10
291 2556 10
292 2564 8
293 2573 9
294 2582 9
295 2592 10
296 2601 9
297 2609 8
298 2618 9
299 2625 7
300 2633 8
301 2643 10
302 2652 9
303 2661 9
304 2671 10
305 2681 10
306 2689 8
307 2699 10
308 2708 9
309 2716 8
310 2725 9
311 2733 8
312 2742 9
313 2751 9
314 2761 10
315 2770 9
316 2780 10
317 2790 10
318 2799 9
319 2808 9
320 2818 10
321 2828 10
322 2837 9
323 2847 10
324 2856 9
325 2866 10
326 2875 9
327 2884 9
328 2892 8
329 2902 10
330 2912 10
331 2922 10
332 2932 10
333 2941 9
334 2950 9
335 2960 10
336 2969 9
337 2979 10
338 2988 9
339 2996 8
340 3005 9
341 3014 9
342 3023 9
343 3033 10
344 3042 9
345 3051 9
346 3058 7
347 3067 9
348 3077 10
349 3087 10
350 3096 9
351 3105 9
352 3115 10
353 3123 8
354 3133 10
355 3143 10
356 3152 9
357 3162 10
358 3170 8
359 3180 10
360 3190 10
361 3200 10
362 3210 10
363 3220 10
364 3228 8
365 3238 10
366 3247 9
367 3257 10
368 3267 10
369 3277 10
370 3286 9
371 3296 10
372 3305 9
373 3314 9
374 3323 9
375 3333 10
376 3343 10
377 3352 9
378 3362 10
379 3372 10
380 3379 7
381 3389 10
382 3399 10
383 3408 9
384 3417 9
385 3426 9
386 3436 10
387 3446 10
388 3455 9
389 3465 10
390 3472 7
391 3481 9
392 3491 10
393 3501 10
394 3511 10
395 3521 10
396 3531 10
397 3541 10
398 3549 8
399 3559 10
400 3568 9
401 3578 10
402 3586 8
403 3596 10
404 3606 10
405 3616 10
406 3625 9
407 3635 10
408 3645 10
409 3655 10
410 3665 10
411 3675 10
412 3685 10
413 3695 10
414 3705 10
415 3714 9
416 3724 10
417 3733 9
418 3743 10
419 3752 9
420 3761 9
421 3771 10
422 3781 10
423 3790 9
424 3799 9
425 3806 7
426 3815 9
427 3824 9
428 3834 10
429 3844 10
430 3854 10
431 3863 9
432 3872 9
433 3881 9
434 3891 10
435 3900 9
436 3910 10
437 3920 10
438 3929 9
439 3938 9
440 3946 8
441 3954 8
442 3963 9
443 3971 8
444 3981 10
445 3990 9
446 3999 9
447 4009 10
448 4019 10
449 4029 10
450 4039 10
451 4049 10
452 4059 10
453 4069 10
454 4078 9
455 4087 9
456 4097 10
457 4106 9
458 4116 10
459 4126 10
460 4135 9
461 4142 7
462 4149 7
463 4157 8
464 4165 8
465 4174 9
466 4183 9
467 4190 7
468 4197 7
469 4205 8
470 4215 10
471 4224 9
472 4234 10
473 4243 9
474 4251 8
475 4259 8
476 4269 10
477 4278 9
478 4287 9
479 4297 10
480 4307 10
481 4315 8
482 4324 9
483 4334 10
484 4344 10
485 4354 10
486 4363 9
487 4373 10
488 4382 9
489 4390 8
490 4399 9
491 4409 10
492 4418 9
493 4427 9
494 4434 7
495 4444 10
496 4454 10
497 4462 8
498 4472 10
499 4480 8
500 4489 9
