1 4 4
2 10 6
3 19 9
4 25 6
5 32 7
6 38 6
7 46 8
8 52 6
9 58 6
10 62 4
11 69 7
12 74 5
13 81 7
14 89 8
15 99 10
16 108 9
17 116 8
18 124 8
19 134 10
20 142 8
21 151 9
22 159 8
23 167 8
24 174 7
25 183 9
26 190 7
27 200 10
28 209 9
29 218 9
30 228 10
31 236 8
32 245 9
33 252 7
34 261 9
35 270 9
36 279 9
37 288 9
38 296 8
39 305 9
40 312 7
41 322 10
42 330 8
43 338 8
44 348 10
45 358 10
46 367 9
47 374 7
48 381 7
49 391 10
50 399 8
51 408 9
52 416 8
53 426 10
54 435 9
55 443 8
56 453 10
57 461 8
58 468 7
59 478 10
60 485 7
61 492 7
62 500 8
63 509 9
64 518 9
65 527 9
66 537 10
67 546 9
68 555 9
69 563 8
70 570 7
71 580 10
72 589 9
73 598 9
74 607 9
75 615 8
76 622 7
77 632 10
78 641 9
79 649 8
80 658 9
81 667 9
82 676 9
83 685 9
84 694 9
85 703 9
86 712 9
87 721 9
88 730 9
89 739 9
90 748 9
91 756 8
92 764 8
93 773 9
94 781 8
95 791 10
96 801 10
97 810 9
98 817 7
99 827 10
100 837 10
101 846 9
102 853 7
103 862 9
104 871 9
105 878 7
106 887 9
107 896 9
108 903 7
109 912 9
110 921 9
111 927 6
112 936 9
113 945 9
114 954 9
115 964 10
116 972 8
117 981 9
118 991 10
119 1001 10
120 1011 10
121 1021 10
122 1030 9
123 1040 10
124 1050 10
125 1058 8
126 1067 9
127 1073 6
128 1081 8
129 1089 8
130 1098 9
131 1107 9
132 1117 10
133 1127 10
134 1137 10
135 1147 10
136 1155 8
137 1164 9
138 1171 7
139 1181 10
140 1189 8
141 1197 8
142 1205 8
143 1214 9
144 1224 10
145 1234 10
146 1242 8
147 1251 9
148 1259 8
149 1268 9
150 1278 10
151 1288 10
152 1297 9
153 1307 10
154 1317 10
155 1325 8
156 1334 9
157 1342 8
158 1352 10
159 1362 10
160 1369 7
161 1378 9
162 1388 10
163 1396 8
164 1406 10
165 1412 6
166 1420 8
167 1430 10
168 1437 7
169 1447 10
170 1457 10
171 1466 9
172 1475 9
173 1485 10
174 1493 8
175 1500 7
176 1510 10
177 1519 9
178 1527 8
179 1536 9
180 1545 9
181 1555 10
182 1565 10
183 1575 10
184 1585 10
185 1595 10
186 1603 8
187 1612 9
188 1621 9
189 1630 9
190 1639 9
191 1647 8
192 1657 10
193 1663 6
194 1672 9
195 1682 10
196 1691 9
197 1698 7
198 1708 10
199 1716 8
200 1725 9
201 1733 8
202 1743 10
203 1752 9
204 1760 8
205 1770 10
206 1779 9
207 1788 9
208 1798 10
209 1806 8
210 1815 9
211 1825 10
212 1835 10
213 1844 9
214 1853 9
215 1860 7
216 1869 9
217 1878 9
218 1888 10
219 1895 7
220 1905 10
221 1914 9
222 1924 10
223 1933 9
224 1941 8
225 1951 10
226 1961 10
227 1970 9
228 1980 10
229 1989 9
230 1999 10
231 2009 10
232 2018 9
233 2028 10
234 2038 10
235 2047 9
236 2057 10
237 2064 7
238 2074 10
239 2083 9
240 2092 9
241 2100 8
242 2109 9
243 2119 10
244 2127 8
245 2135 8
246 2143 8
247 2153 10
248 2163 10
249 2173 10
250 2183 10
251 2193 10
252 2203 10
253 2212 9
254 2221 9
255 2230 9
256 2240 10
257 2249 9
258 2258 9
259 2267 9
260 2276 9
261 2283 7
262 2293 10
263 2302 9
264 2311 9
265 2320 9
266 2329 9
267 2338 9
268 2347 9
269 2357 10
270 2365 8
271 2375 10
272 2383 8
273 2391 8
274 2400 9
275 2410 10
276 2420 10
277 2429 9
278 2438 9
279 2447 9
280 2456 9
281 2466 10
282 2473 7
283 2482 9
284 2492 10
285 2502 10
286 2512 10
287 2522 10
288 2532 10
289 2542 10
290 2552 10
291 2562 10
292 2571 9
293 2581 10
294 2591 10
295 2600 9
296 2610 10
297 2619 9
298 2626 7
299 2636 10
300 2645 9
301 2655 10
302 2665 10
303 2674 9
304 2684 10
305 2694 10
306 2704 10
307 2714 10
308 2724 10
309 2732 8
310 2740 8
311 2749 9
312 2757 8
313 2767 10
314 2776 9
315 2783 7
316 2792 9
317 2802 10
318 2812 10
319 2822 10
320 2831 9
321 2838 7
322 2847 9
323 2857 10
324 2866 9
325 2874 8
326 2884 10
327 2894 10
328 2903 9
329 2913 10
330 2922 9
331 2931 9
332 2939 8
333 2949 10
334 2959 10
335 2969 10
336 2978 9
337 2986 8
338 2996 10
339 3006 10
340 3016 10
341 3026 10
342 3036 10
343 3045 9
344 3054 9
345 3061 7
346 3069 8
347 3079 10
348 3089 10
349 3099 10
350 3109 10
351 3118 9
352 3127 9
353 3137 10
354 3145 8
355 3154 9
356 3164 10
357 3174 10
358 3183 9
359 3193 10
360 3203 10
361 3213 10
362 3222 9
363 3231 9
364 3241 10
365 3250 9
366 3258 8
367 3268 10
368 3277 9
369 3287 10
370 3296 9
371 3305 9
372 3314 9
373 3324 10
374 3334 10
375 3343 9
376 3353 10
377 3361 8
378 3371 10
379 3381 10
380 3388 7
381 3398 10
382 3406 8
383 3415 9
384 3425 10
385 3433 8
386 3442 9
387 3450 8
388 3459 9
389 3469 10
390 3477 8
391 3487 10
392 3495 8
393 3504 9
394 3514 10
395 3523 9
396 3532 9
397 3542 10
398 3551 9
399 3559 8
400 3568 9
401 3578 10
402 3588 10
403 3597 9
404 3607 10
405 3617 10
406 3626 9
407 3636 10
408 3644 8
409 3653 9
410 3661 8
411 3670 9
412 3679 9
413 3688 9
414 3697 9
415 3707 10
416 3717 10
417 3726 9
418 3736 10
419 3743 7
420 3753 10
421 3763 10
422 3771 8
423 3781 10
424 3791 10
425 3800 9
426 3810 10
427 3819 9
428 3827 8
429 3837 10
430 3846 9
431 3853 7
432 3863 10
433 3871 8
434 3881 10
435 3890 9
436 3900 10
437 3910 10
438 3919 9
439 3928 9
440 3936 8
441 3945 9
442 3954 9
443 3961 7
444 3970 9
445 3980 10
446 3988 8
447 3998 10
448 4007 9
449 4017 10
450 4026 9
451 4036 10
452 4045 9
453 4055 10
454 4065 10
455 4075 10
456 4085 10
457 4092 7
458 4100 8
459 4108 8
460 4118 10
461 4128 10
462 4138 10
463 4147 9
464 4157 10
465 4165 8
466 4174 9
467 4184 10
468 4193 9
469 4202 9
470 4211 9
471 4220 9
472 4229 9
473 4239 10
474 4248 9
475 4257 9
476 4267 10
477 4277 10
478 4287 10
479 4297 10
480 4307 10
481 4317 10
482 4327 10
483 4336 9
484 4346 10
485 4356 10
486 4365 9
487 4374 9
488 4384 10
489 4393 9
490 4403 10
491 4413 10
492 4422 9
493 4431 9
494 4441 10
495 4450 9
496 4460 10
497 4470 10
498 4480 10
499 4488 8
500 4497 9
