1 5 5
2 10 5
3 15 5
4 21 6
5 27 6
6 33 6
7 40 7
8 45 5
9 53 8
10 62 9
11 68 6
12 76 8
13 85 9
14 92 7
15 97 5
16 104 7
17 109 5
18 118 9
19 127 9
20 137 10
21 146 9
22 155 9
23 162 7
24 170 8
25 178 8
26 187 9
27 196 9
28 204 8
29 212 8
30 218 6
31 227 9
32 235 8
33 244 9
34 253 9
35 262 9
36 269 7
37 279 10
38 288 9
39 298 10
40 306 8
41 313 7
42 322 9
43 331 9
44 339 8
45 349 10
46 358 9
47 367 9
48 377 10
49 385 8
50 394 9
51 404 10
52 413 9
53 422 9
54 431 9
55 440 9
56 449 9
57 458 9
58 468 10
59 478 10
60 488 10
61 498 10
62 507 9
63 516 9
64 526 10
65 535 9
66 545 10
67 553 8
68 562 9
69 572 10
70 581 9
71 589 8
72 599 10
73 609 10
74 619 10
75 627 8
76 636 9
77 644 8
78 653 9
79 663 10
80 669 6
81 676 7
82 686 10
83 695 9
84 705 10
85 715 10
86 722 7
87 731 9
88 739 8
89 748 9
90 756 8
91 766 10
92 776 10
93 786 10
94 794 8
95 802 8
96 812 10
97 822 10
98 831 9
99 839 8
100 849 10
101 858 9
102 866 8
103 876 10
104 885 9
105 894 9
106 903 9
107 913 10
108 923 10
109 933 10
110 943 10
111 952 9
112 960 8
113 968 8
114 976 8
115 985 9
116 994 9
117 1002 8
118 1011 9
119 1021 10
120 1031 10
121 1041 10
122 1047 6
123 1057 10
124 1066 9
125 1075 9
126 1082 7
127 1092 10
128 1100 8
129 1110 10
130 1118 8
131 1127 9
132 1137 10
133 1147 10
134 1156 9
135 1165 9
136 1173 8
137 1183 10
138 1192 9
139 1200 8
140 1209 9
141 1219 10
142 1227 8
143 1236 9
144 1246 10
145 1255 9
146 1265 10
147 1273 8
148 1282 9
149 1292 10
150 1301 9
151 1311 10
152 1320 9
153 1329 9
154 1339 10
155 1348 9
156 1356 8
157 1366 10
158 1375 9
159 1383 8
160 1392 9
161 1401 9
162 1408 7
163 1417 9
164 1427 10
165 1436 9
166 1446 10
167 1456 10
168 1465 9
169 1475 10
170 1485 10
171 1495 10
172 1504 9
173 1511 7
174 1521 10
175 1531 10
176 1541 10
177 1550 9
178 1559 9
179 1568 9
180 1578 10
181 1588 10
182 1598 10
183 1607 9
184 1617 10
185 1626 9
186 1634 8
187 1642 8
188 1651 9
189 1659 8
190 1668 9
191 1674 6
192 1684 10
193 1693 9
194 1702 9
195 1711 9
196 1721 10
197 1730 9
198 1739 9
199 1747 8
200 1757 10
201 1767 10
202 1777 10
203 1786 9
204 1794 8
205 1801 7
206 1810 9
207 1819 9
208 1828 9
209 1838 10
210 1846 8
211 1856 10
212 1865 9
213 1875 10
214 1884 9
215 1893 9
216 1903 10
217 1911 8
218 1921 10
219 1930 9
220 1939 9
221 1949 10
222 1957 8
223 1965 8
224 1975 10
225 1984 9
226 1992 8
227 2002 10
228 2012 10
229 2022 10
230 2031 9
231 2040 9
232 2048 8
233 2058 10
234 2065 7
235 2073 8
236 2082 9
237 2092 10
238 2098 6
239 2108 10
240 2118 10
241 2127 9
242 2133 6
243 2142 9
244 2151 9
245 2160 9
246 2169 9
247 2178 9
248 2188 10
249 2197 9
250 2207 10
251 2217 10
252 2225 8
253 2234 9
254 2243 9
255 2252 9
256 2261 9
257 2270 9
258 2278 8
259 2288 10
260 2298 10
261 2307 9
262 2316 9
263 2325 9
264 2334 9
265 2342 8
266 2352 10
267 2361 9
268 2369 8
269 2378 9
270 2387 9
271 2397 10
272 2405 8
273 2414 9
274 2422 8
275 2430 8
276 2440 10
277 2445 5
278 2455 10
279 2463 8
280 2472 9
281 2479 7
282 2489 10
283 2498 9
284 2506 8
285 2513 7
286 2523 10
287 2532 9
288 2539 7
289 2547 8
290 2556 9
291 2564 8
292 2574 10
293 2583 9
294 2593 10
295 2601 8
296 2610 9
297 2617 7
298 2626 9
299 2635 9
300 2644 9
301 2653 9
302 2662 9
303 2670 8
304 2680 10
305 2690 10
306 2700 10
307 2710 10
308 2720 10
309 2729 9
310 2738 9
311 2747 9
312 2757 10
313 2767 10
314 2776 9
315 2785 9
316 2795 10
317 2802 7
318 2811 9
319 2819 8
320 2829 10
321 2839 10
322 2847 8
323 2855 8
324 2864 9
325 2874 10
326 2884 10
327 2893 9
328 2903 10
329 2913 10
330 2922 9
331 2932 10
332 2941 9
333 2951 10
334 2961 10
335 2971 10
336 2980 9
337 2990 10
338 3000 10
339 3010 10
340 3020 10
341 3030 10
342 3040 10
343 3049 9
344 3057 8
345 3065 8
346 3075 10
347 3084 9
348 3093 9
349 3103 10
350 3112 9
351 3120 8
352 3129 9
353 3139 10
354 3146 7
355 3155 9
356 3162 7
357 3172 10
358 3182 10
359 3190 8
360 3197 7
361 3207 10
362 3215 8
363 3225 10
364 3234 9
365 3243 9
366 3252 9
367 3261 9
368 3270 9
369 3279 9
370 3287 8
371 3297 10
372 3307 10
373 3315 8
374 3324 9
375 3332 8
376 3341 9
377 3351 10
378 3360 9
379 3368 8
380 3378 10
381 3386 8
382 3392 6
383 3402 10
384 3412 10
385 3422 10
386 3432 10
387 3442 10
388 3450 8
389 3459 9
390 3467 8
391 3476 9
392 3486 10
393 3494 8
394 3504 10
395 3514 10
396 3522 8
397 3532 10
398 3539 7
399 3549 10
400 3558 9
401 3567 9
402 3577 10
403 3585 8
404 3595 10
405 3605 10
406 3613 8
407 3622 9
408 3631 9
409 3641 10
410 3649 8
411 3658 9
412 3666 8
413 3676 10
414 3686 10
415 3695 9
416 3705 10
417 3715 10
418 3723 8
419 3731 8
420 3741 10
421 3751 10
422 3759 8
423 3768 9
424 3777 9
425 3787 10
426 3797 10
427 3807 10
428 3817 10
429 3825 8
430 3834 9
431 3844 10
432 3854 10
433 3863 9
434 3871 8
435 3880 9
436 3890 10
437 3900 10
438 3909 9
439 3919 10
440 3926 7
441 3936 10
442 3945 9
443 3954 9
444 3964 10
445 3974 10
446 3981 7
447 3989 8
448 3999 10
449 4008 9
450 4018 10
451 4028 10
452 4037 9
453 4046 9
454 4056 10
455 4066 10
456 4076 10
457 4085 9
458 4092 7
459 4101 9
460 4111 10
461 4120 9
462 4130 10
463 4138 8
464 4147 9
465 4156 9
466 4165 9
467 4175 10
468 4184 9
469 4193 9
470 4202 9
471 4211 9
472 4220 9
473 4228 8
474 4237 9
475 4247 10
476 4256 9
477 4266 10
478 4276 10
479 4285 9
480 4294 9
481 4301 7
482 4311 10
483 4321 10
484 4330 9
485 4339 9
486 4348 9
487 4357 9
488 4365 8
489 4374 9
490 4384 10
491 4394 10
492 4404 10
493 4412 8
494 4422 10
495 4430 8
496 4439 9
497 4447 8
498 4456 9
499 4466 10
500 4476 10
