1 7 7
2 14 7
3 18 4
4 26 8
5 33 7
6 37 4
7 45 8
8 51 6
9 58 7
10 67 9
11 72 5
12 81 9
13 88 7
14 94 6
15 100 6
16 107 7
17 115 8
18 123 8
19 129 6
20 139 10
21 146 7
22 156 10
23 165 9
24 174 9
25 181 7
26 189 8
27 198 9
28 208 10
29 218 10
30 226 8
31 234 8
32 241 7
33 250 9
34 258 8
35 266 8
36 276 10
37 286 10
38 296 10
39 305 9
40 315 10
41 322 7
42 331 9
43 338 7
44 346 8
45 356 10
46 364 8
47 373 9
48 381 8
49 390 9
50 395 5
51 403 8
52 412 9
53 421 9
54 426 5
55 435 9
56 445 10
57 453 8
58 462 9
59 470 8
60 479 9
61 488 9
62 497 9
63 506 9
64 515 9
65 523 8
66 533 10
67 542 9
68 550 8
69 560 10
70 567 7
71 577 10
72 585 8
73 594 9
74 603 9
75 612 9
76 620 8
77 626 6
78 635 9
79 645 10
80 655 10
81 664 9
82 674 10
83 683 9
84 691 8
85 700 9
86 707 7
87 717 10
88 725 8
89 734 9
90 743 9
91 752 9
92 760 8
93 770 10
94 779 9
95 789 10
96 796 7
97 806 10
98 814 8
99 823 9
100 833 10
101 842 9
102 852 10
103 861 9
104 870 9
105 880 10
106 889 9
107 898 9
108 908 10
109 917 9
110 924 7
111 933 9
112 942 9
113 951 9
114 959 8
115 968 9
116 978 10
117 988 10
118 997 9
119 1006 9
120 1014 8
121 1021 7
122 1030 9
123 1040 10
124 1049 9
125 1058 9
126 1068 10
127 1075 7
128 1084 9
129 1092 8
130 1101 9
131 1110 9
132 1118 8
133 1127 9
134 1137 10
135 1145 8
136 1154 9
137 1163 9
138 1173 10
139 1182 9
140 1189 7
141 1197 8
142 1206 9
143 1216 10
144 1224 8
145 1233 9
146 1243 10
147 1249 6
148 1258 9
149 1267 9
150 1277 10
151 1285 8
152 1294 9
153 1301 7
154 1310 9
155 1320 10
156 1328 8
157 1338 10
158 1348 10
159 1356 8
160 1365 9
161 1373 8
162 1383 10
163 1391 8
164 1401 10
165 1410 9
166 1419 9
167 1429 10
168 1439 10
169 1449 10
170 1459 10
171 1466 7
172 1473 7
173 1481 8
174 1489 8
175 1499 10
176 1508 9
177 1517 9
178 1526 9
179 1534 8
180 1544 10
181 1552 8
182 1561 9
183 1571 10
184 1581 10
185 1591 10
186 1600 9
187 1608 8
188 1616 8
189 1625 9
190 1633 8
191 1643 10
192 1652 9
193 1661 9
194 1671 10
195 1679 8
196 1689 10
197 1699 10
198 1709 10
199 1719 10
200 1729 10
201 1738 9
202 1748 10
203 1758 10
204 1766 8
205 1776 10
206 1785 9
207 1795 10
208 1803 8
209 1813 10
210 1823 10
211 1833 10
212 1840 7
213 1849 9
214 1857 8
215 1867 10
216 1877 10
217 1885 8
218 1894 9
219 1904 10
220 1913 9
221 1923 10
222 1931 8
223 1941 10
224 1950 9
225 1958 8
226 1966 8
227 1975 9
228 1984 9
229 1994 10
230 2004 10
231 2014 10
232 2023 9
233 2031 8
234 2041 10
235 2051 10
236 2061 10
237 2071 10
238 2081 10
239 2091 10
240 2101 10
241 2110 9
242 2120 10
243 2128 8
244 2138 10
245 2147 9
246 2157 10
247 2167 10
248 2176 9
249 2185 9
250 2194 9
251 2203 9
252 2213 10
253 2223 10
254 2232 9
255 2241 9
256 2250 9
257 2257 7
258 2267 10
259 2277 10
260 2286 9
261 2294 8
262 2304 10
263 2314 10
264 2323 9
265 2333 10
266 2342 9
267 2350 8
268 2359 9
269 2368 9
270 2376 8
271 2385 9
272 2395 10
273 2404 9
274 2412 8
275 2422 10
276 2431 9
277 2441 10
278 2450 9
279 2460 10
280 2469 9
281 2477 8
282 2484 7
283 2494 10
284 2502 8
285 2512 10
286 2522 10
287 2532 10
288 2541 9
289 2550 9
290 2559 9
291 2567 8
292 2576 9
293 2584 8
294 2593 9
295 2603 10
296 2612 9
297 2620 8
298 2629 9
299 2638 9
300 2646 8
301 2656 10
302 2663 7
303 2672 9
304 2680 8
305 2690 10
306 2700 10
307 2710 10
308 2720 10
309 2730 10
310 2740 10
311 2750 10
312 2759 9
313 2769 10
314 2779 10
315 2787 8
316 2797 10
317 2805 8
318 2813 8
319 2822 9
320 2831 9
321 2839 8
322 2849 10
323 2858 9
324 2868 10
325 2878 10
326 2887 9
327 2896 9
328 2905 9
329 2913 8
330 2921 8
331 2929 8
332 2939 10
333 2948 9
334 2956 8
335 2965 9
336 2973 8
337 2983 10
338 2993 10
339 3001 8
340 3009 8
341 3019 10
342 3029 10
343 3039 10
344 3049 10
345 3058 9
346 3066 8
347 3076 10
348 3086 10
349 3095 9
350 3105 10
351 3113 8
352 3123 10
353 3133 10
354 3142 9
355 3152 10
356 3162 10
357 3171 9
358 3181 10
359 3191 10
360 3200 9
361 3210 10
362 3220 10
363 3229 9
364 3237 8
365 3246 9
366 3256 10
367 3266 10
368 3273 7
369 3282 9
370 3291 9
371 3300 9
372 3309 9
373 3319 10
374 3329 10
375 3337 8
376 3344 7
377 3352 8
378 3361 9
379 3370 9
380 3380 10
381 3389 9
382 3399 10
383 3409 10
384 3418 9
385 3427 9
386 3436 9
387 3445 9
388 3454 9
389 3464 10
390 3473 9
391 3483 10
392 3491 8
393 3500 9
394 3510 10
395 3519 9
396 3529 10
397 3539 10
398 3548 9
399 3558 10
400 3568 10
401 3577 9
402 3585 8
403 3593 8
404 3602 9
405 3609 7
406 3619 10
407 3628 9
408 3638 10
409 3647 9
410 3657 10
411 3667 10
412 3676 9
413 3685 9
414 3692 7
415 3701 9
416 3710 9
417 3718 8
418 3727 9
419 3737 10
420 3746 9
421 3756 10
422 3766 10
423 3773 7
424 3783 10
425 3793 10
426 3802 9
427 3811 9
428 3820 9
429 3829 9
430 3838 9
431 3847 9
432 3856 9
433 3863 7
434 3872 9
435 3882 10
436 3891 9
437 3900 9
438 3910 10
439 3920 10
440 3928 8
441 3937 9
442 3947 10
443 3955 8
444 3964 9
445 3974 10
446 3984 10
447 3993 9
448 4000 7
449 4010 10
450 4020 10
451 4030 10
452 4040 10
453 4050 10
454 4059 9
455 4068 9
456 4075 7
457 4085 10
458 4095 10
459 4105 10
460 4113 8
461 4121 8
462 4130 9
463 4137 7
464 4147 10
465 4157 10
466 4164 7
467 4173 9
468 4182 9
469 4191 9
470 4199 8
471 4209 10
472 4219 10
473 4228 9
474 4237 9
475 4247 10
476 4257 10
477 4266 9
478 4276 10
479 4286 10
480 4291 5
481 4300 9
482 4310 10
483 4318 8
484 4326 8
485 4336 10
486 4345 9
487 4353 8
488 4363 10
489 4371 8
490 4379 8
491 4389 10
492 4399 10
493 4407 8
494 4416 9
495 4425 9
496 4433 8
497 4443 10
498 4451 8
499 4461 10
500 4470 9
