1 4 4
2 9 5
3 17 8
4 23 6
5 32 9
6 38 6
7 45 7
8 53 8
9 60 7
10 64 4
11 71 7
12 78 7
13 85 7
14 93 8
15 100 7
16 109 9
17 117 8
18 126 9
19 133 7
20 140 7
21 148 8
22 155 7
23 163 8
24 171 8
25 181 10
26 189 8
27 197 8
28 206 9
29 214 8
30 220 6
31 226 6
32 233 7
33 241 8
34 248 7
35 256 8
36 263 7
37 272 9
38 282 10
39 291 9
40 299 8
41 308 9
42 317 9
43 327 10
44 336 9
45 345 9
46 353 8
47 361 8
48 369 8
49 378 9
50 387 9
51 396 9
52 406 10
53 414 8
54 422 8
55 429 7
56 437 8
57 446 9
58 455 9
59 464 9
60 473 9
61 480 7
62 488 8
63 498 10
64 508 10
65 517 9
66 522 5
67 531 9
68 539 8
69 548 9
70 557 9
71 565 8
72 574 9
73 583 9
74 593 10
75 603 10
76 613 10
77 623 10
78 632 9
79 639 7
80 649 10
81 658 9
82 667 9
83 675 8
84 684 9
85 693 9
86 702 9
87 711 9
88 720 9
89 729 9
90 737 8
91 747 10
92 754 7
93 764 10
94 774 10
95 784 10
96 791 7
97 800 9
98 807 7
99 817 10
100 826 9
101 836 10
102 845 9
103 855 10
104 864 9
105 872 8
106 882 10
107 892 10
108 901 9
109 911 10
110 917 6
111 927 10
112 934 7
113 941 7
114 949 8
115 958 9
116 967 9
117 976 9
118 984 8
119 994 10
120 1003 9
121 1013 10
122 1023 10
123 1032 9
124 1041 9
125 1050 9
126 1060 10
127 1070 10
128 1080 10
129 1090 10
130 1099 9
131 1108 9
132 1117 9
133 1126 9
134 1136 10
135 1145 9
136 1155 10
137 1164 9
138 1171 7
139 1180 9
140 1189 9
141 1198 9
142 1208 10
143 1217 9
144 1226 9
145 1235 9
146 1245 10
147 1255 10
148 1263 8
149 1272 9
150 1282 10
151 1291 9
152 1300 9
153 1309 9
154 1319 10
155 1329 10
156 1338 9
157 1348 10
158 1357 9
159 1366 9
160 1375 9
161 1384 9
162 1393 9
163 1403 10
164 1412 9
165 1420 8
166 1429 9
167 1439 10
168 1447 8
169 1457 10
170 1465 8
171 1473 8
172 1483 10
173 1492 9
174 1499 7
175 1508 9
176 1516 8
177 1526 10
178 1536 10
179 1545 9
180 1554 9
181 1563 9
182 1572 9
183 1581 9
184 1591 10
185 1599 8
186 1609 10
187 1615 6
188 1623 8
189 1630 7
190 1638 8
191 1646 8
192 1655 9
193 1663 8
194 1673 10
195 1683 10
196 1693 10
197 1703 10
198 1711 8
199 1721 10
200 1731 10
201 1739 8
202 1748 9
203 1758 10
204 1767 9
205 1777 10
206 1785 8
207 1794 9
208 1804 10
209 1813 9
210 1822 9
211 1832 10
212 1841 9
213 1849 8
214 1859 10
215 1867 8
216 1874 7
217 1884 10
218 1893 9
219 1899 6
220 1908 9
221 1918 10
222 1926 8
223 1936 10
224 1946 10
225 1953 7
226 1963 10
227 1973 10
228 1982 9
229 1990 8
230 2000 10
231 2009 9
232 2017 8
233 2026 9
234 2034 8
235 2042 8
236 2051 9
237 2060 9
238 2069 9
239 2079 10
240 2087 8
241 2096 9
242 2106 10
243 2116 10
244 2124 8
245 2133 9
246 2143 10
247 2152 9
248 2161 9
249 2170 9
250 2179 9
251 2187 8
252 2197 10
253 2207 10
254 2216 9
255 2225 9
256 2232 7
257 2241 9
258 2251 10
259 2259 8
260 2269 10
261 2278 9
262 2286 8
263 2292 6
264 2301 9
265 2309 8
266 2319 10
267 2325 6
268 2333 8
269 2340 7
270 2350 10
271 2358 8
272 2368 10
273 2377 9
274 2386 9
275 2396 10
276 2406 10
277 2416 10
278 2425 9
279 2435 10
280 2444 9
281 2454 10
282 2464 10
283 2472 8
284 2480 8
285 2490 10
286 2500 10
287 2510 10
288 2519 9
289 2528 9
290 2538 10
291 2548 10
292 2558 10
293 2567 9
294 2576 9
295 2585 9
296 2592 7
297 2601 9
298 2610 9
299 2618 8
300 2628 10
301 2637 9
302 2643 6
303 2650 7
304 2659 9
305 2667 8
306 2677 10
307 2687 10
308 2697 10
309 2706 9
310 2716 10
311 2725 9
312 2735 10
313 2744 9
314 2753 9
315 2762 9
316 2771 9
317 2781 10
318 2791 10
319 2800 9
320 2809 9
321 2819 10
322 2828 9
323 2835 7
324 2845 10
325 2855 10
326 2865 10
327 2875 10
328 2884 9
329 2894 10
330 2904 10
331 2913 9
332 2923 10
333 2931 8
334 2938 7
335 2945 7
336 2954 9
337 2961 7
338 2971 10
339 2981 10
340 2991 10
341 2999 8
342 3008 9
343 3017 9
344 3027 10
345 3037 10
346 3047 10
347 3056 9
348 3066 10
349 3076 10
350 3086 10
351 3095 9
352 3104 9
353 3113 9
354 3121 8
355 3129 8
356 3139 10
357 3147 8
358 3155 8
359 3165 10
360 3175 10
361 3185 10
362 3194 9
363 3204 10
364 3212 8
365 3222 10
366 3231 9
367 3241 10
368 3251 10
369 3259 8
370 3268 9
371 3277 9
372 3287 10
373 3296 9
374 3305 9
375 3313 8
376 3323 10
377 3333 10
378 3343 10
379 3350 7
380 3360 10
381 3369 9
382 3379 10
383 3389 10
384 3398 9
385 3408 10
386 3417 9
387 3426 9
388 3436 10
389 3446 10
390 3455 9
391 3463 8
392 3473 10
393 3482 9
394 3490 8
395 3499 9
396 3509 10
397 3519 10
398 3528 9
399 3538 10
400 3546 8
401 3555 9
402 3564 9
403 3573 9
404 3583 10
405 3593 10
406 3602 9
407 3611 9
408 3621 10
409 3629 8
410 3637 8
411 3646 9
412 3655 9
413 3664 9
414 3674 10
415 3683 9
416 3692 9
417 3701 9
418 3710 9
419 3720 10
420 3730 10
421 3738 8
422 3748 10
423 3757 9
424 3766 9
425 3774 8
426 3784 10
427 3793 9
428 3802 9
429 3812 10
430 3821 9
431 3827 6
432 3837 10
433 3847 10
434 3857 10
435 3867 10
436 3877 10
437 3884 7
438 3893 9
439 3902 9
440 3910 8
441 3919 9
442 3928 9
443 3938 10
444 3948 10
445 3958 10
446 3967 9
447 3975 8
448 3983 8
449 3993 10
450 4003 10
451 4012 9
452 4022 10
453 4032 10
454 4042 10
455 4052 10
456 4062 10
457 4070 8
458 4080 10
459 4090 10
460 4099 9
461 4105 6
462 4115 10
463 4124 9
464 4134 10
465 4143 9
466 4153 10
467 4163 10
468 4172 9
469 4182 10
470 4191 9
471 4199 8
472 4209 10
473 4217 8
474 4223 6
475 4231 8
476 4239 8
477 4248 9
478 4258 10
479 4267 9
480 4276 9
481 4285 9
482 4294 9
483 4302 8
484 4312 10
485 4322 10
486 4332 10
487 4341 9
488 4349 8
489 4359 10
490 4369 10
491 4378 9
492 4387 9
493 4396 9
494 4406 10
495 4414 8
496 4424 10
497 4434 10
498 4442 8
499 4451 9
500 4460 9
