1 5 5
2 12 7
3 18 6
4 25 7
5 32 7
6 38 6
7 47 9
8 56 9
9 65 9
10 73 8
11 77 4
12 86 9
13 92 6
14 101 9
15 108 7
16 117 9
17 125 8
18 133 8
19 140 7
20 150 10
21 158 8
22 167 9
23 174 7
24 181 7
25 190 9
26 199 9
27 208 9
28 214 6
29 221 7
30 229 8
31 238 9
32 246 8
33 256 10
34 266 10
35 275 9
36 281 6
37 289 8
38 297 8
39 304 7
40 312 8
41 321 9
42 328 7
43 335 7
44 344 9
45 351 7
46 358 7
47 368 10
48 375 7
49 384 9
50 394 10
51 403 9
52 413 10
53 420 7
54 428 8
55 435 7
56 444 9
57 453 9
58 461 8
59 470 9
60 478 8
61 487 9
62 496 9
63 505 9
64 515 10
65 524 9
66 533 9
67 543 10
68 550 7
69 558 8
70 567 9
71 577 10
72 586 9
73 595 9
74 604 9
75 612 8
76 620 8
77 628 8
78 637 9
79 647 10
80 655 8
81 663 8
82 673 10
83 682 9
84 691 9
85 699 8
86 709 10
87 719 10
88 728 9
89 738 10
90 745 7
91 753 8
92 763 10
93 772 9
94 779 7
95 787 8
96 797 10
97 807 10
98 816 9
99 826 10
100 836 10
101 844 8
102 854 10
103 863 9
104 872 9
105 881 9
106 891 10
107 901 10
108 909 8
109 919 10
110 928 9
111 935 7
112 944 9
113 951 7
114 959 8
115 967 8
116 976 9
117 984 8
118 993 9
119 1001 8
120 1008 7
121 1017 9
122 1026 9
123 1036 10
124 1046 10
125 1055 9
126 1065 10
127 1075 10
128 1084 9
129 1093 9
130 1103 10
131 1113 10
132 1123 10
133 1132 9
134 1141 9
135 1147 6
136 1157 10
137 1165 8
138 1174 9
139 1183 9
140 1192 9
141 1202 10
142 1210 8
143 1218 8
144 1228 10
145 1236 8
146 1246 10
147 1255 9
148 1264 9
149 1273 9
150 1282 9
151 1292 10
152 1300 8
153 1308 8
154 1318 10
155 1328 10
156 1335 7
157 1345 10
158 1355 10
159 1364 9
160 1370 6
161 1379 9
162 1388 9
163 1397 9
164 1406 9
165 1416 10
166 1426 10
167 1436 10
168 1444 8
169 1454 10
170 1462 8
171 1471 9
172 1481 10
173 1489 8
174 1499 10
175 1507 8
176 1517 10
177 1526 9
178 1534 8
179 1542 8
180 1551 9
181 1560 9
182 1568 8
183 1576 8
184 1586 10
185 1595 9
186 1602 7
187 1612 10
188 1622 10
189 1631 9
190 1640 9
191 1649 9
192 1657 8
193 1667 10
194 1676 9
195 1686 10
196 1696 10
197 1704 8
198 1713 9
199 1720 7
200 1729 9
201 1736 7
202 1746 10
203 1754 8
204 1763 9
205 1773 10
206 1783 10
207 1792 9
208 1802 10
209 1811 9
210 1818 7
211 1824 6
212 1831 7
213 1840 9
214 1849 9
215 1858 9
216 1868 10
217 1878 10
218 1888 10
219 1897 9
220 1905 8
221 1914 9
222 1924 10
223 1931 7
224 1940 9
225 1948 8
226 1957 9
227 1967 10
228 1977 10
229 1986 9
230 1996 10
231 2006 10
232 2016 10
233 2025 9
234 2035 10
235 2042 7
236 2049 7
237 2057 8
238 2067 10
239 2076 9
240 2083 7
241 2093 10
242 2102 9
243 2111 9
244 2118 7
245 2126 8
246 2136 10
247 2145 9
248 2154 9
249 2161 7
250 2169 8
251 2177 8
252 2187 10
253 2196 9
254 2205 9
255 2213 8
256 2222 9
257 2232 10
258 2242 10
259 2250 8
260 2257 7
261 2266 9
262 2276 10
263 2286 10
264 2295 9
265 2304 9
266 2313 9
267 2320 7
268 2330 10
269 2340 10
270 2349 9
271 2359 10
272 2369 10
273 2375 6
274 2385 10
275 2393 8
276 2402 9
277 2410 8
278 2418 8
279 2426 8
280 2436 10
281 2446 10
282 2455 9
283 2463 8
284 2471 8
285 2480 9
286 2490 10
287 2497 7
288 2505 8
289 2513 8
290 2523 10
291 2533 10
292 2543 10
293 2552 9
294 2561 9
295 2568 7
296 2578 10
297 2587 9
298 2597 10
299 2607 10
300 2615 8
301 2624 9
302 2633 9
303 2641 8
304 2650 9
305 2659 9
306 2668 9
307 2677 9
308 2686 9
309 2694 8
310 2702 8
311 2712 10
312 2722 10
313 2731 9
314 2740 9
315 2747 7
316 2755 8
317 2764 9
318 2774 10
319 2784 10
320 2792 8
321 2801 9
322 2810 9
323 2819 9
324 2827 8
325 2836 9
326 2844 8
327 2854 10
328 2864 10
329 2873 9
330 2882 9
331 2892 10
332 2901 9
333 2910 9
334 2919 9
335 2927 8
336 2936 9
337 2944 8
338 2954 10
339 2963 9
340 2973 10
341 2982 9
342 2991 9
343 3000 9
344 3009 9
345 3017 8
346 3027 10
347 3036 9
348 3043 7
349 3053 10
350 3063 10
351 3072 9
352 3082 10
353 3092 10
354 3099 7
355 3109 10
356 3119 10
357 3127 8
358 3137 10
359 3145 8
360 3154 9
361 3164 10
362 3174 10
363 3183 9
364 3192 9
365 3201 9
366 3210 9
367 3220 10
368 3228 8
369 3238 10
370 3248 10
371 3257 9
372 3266 9
373 3275 9
374 3285 10
375 3294 9
376 3304 10
377 3314 10
378 3324 10
379 3334 10
380 3343 9
381 3353 10
382 3363 10
383 3372 9
384 3381 9
385 3391 10
386 3400 9
387 3410 10
388 3419 9
389 3429 10
390 3438 9
391 3448 10
392 3457 9
393 3467 10
394 3475 8
395 3484 9
396 3494 10
397 3504 10
398 3514 10
399 3524 10
400 3534 10
401 3544 10
402 3553 9
403 3559 6
404 3569 10
405 3577 8
406 3585 8
407 3593 8
408 3603 10
409 3612 9
410 3621 9
411 3630 9
412 3640 10
413 3648 8
414 3658 10
415 3666 8
416 3676 10
417 3686 10
418 3695 9
419 3705 10
420 3715 10
421 3725 10
422 3734 9
423 3743 9
424 3751 8
425 3758 7
426 3767 9
427 3777 10
428 3786 9
429 3795 9
430 3803 8
431 3813 10
432 3822 9
433 3832 10
434 3842 10
435 3851 9
436 3861 10
437 3871 10
438 3881 10
439 3891 10
440 3900 9
441 3908 8
442 3915 7
443 3925 10
444 3935 10
445 3944 9
446 3953 9
447 3963 10
448 3970 7
449 3980 10
450 3990 10
451 3999 9
452 4009 10
453 4018 9
454 4027 9
455 4037 10
456 4045 8
457 4054 9
458 4062 8
459 4072 10
460 4082 10
461 4088 6
462 4098 10
463 4106 8
464 4115 9
465 4125 10
466 4133 8
467 4142 9
468 4152 10
469 4162 10
470 4171 9
471 4180 9
472 4190 10
473 4200 10
474 4209 9
475 4218 9
476 4227 9
477 4237 10
478 4247 10
479 4257 10
480 4266 9
481 4275 9
482 4283 8
483 4293 10
484 4303 10
485 4312 9
486 4322 10
487 4332 10
488 4342 10
489 4351 9
490 4360 9
491 4370 10
492 4379 9
493 4389 10
494 4397 8
495 4407 10
496 4417 10
497 4426 9
498 4435 9
499 4444 9
500 4453 9
