1 5 5
2 10 5
3 17 7
4 25 8
5 34 9
6 42 8
7 48 6
8 58 10
9 63 5
10 69 6
11 75 6
12 81 6
13 88 7
14 97 9
15 105 8
16 113 8
17 122 9
18 130 8
19 139 9
20 148 9
21 156 8
22 164 8
23 173 9
24 181 8
25 190 9
26 197 7
27 204 7
28 213 9
29 222 9
30 230 8
31 239 9
32 247 8
33 255 8
34 263 8
35 273 10
36 282 9
37 292 10
38 302 10
39 311 9
40 320 9
41 329 9
42 338 9
43 346 8
44 354 8
45 364 10
46 373 9
47 382 9
48 392 10
49 400 8
50 409 9
51 417 8
52 425 8
53 431 6
54 440 9
55 448 8
56 458 10
57 464 6
58 474 10
59 482 8
60 491 9
61 501 10
62 509 8
63 518 9
64 528 10
65 537 9
66 543 6
67 553 10
68 563 10
69 572 9
70 582 10
71 590 8
72 600 10
73 607 7
74 615 8
75 623 8
76 633 10
77 642 9
78 649 7
79 658 9
80 667 9
81 675 8
82 683 8
83 692 9
84 701 9
85 710 9
86 719 9
87 729 10
88 737 8
89 746 9
90 755 9
91 764 9
92 774 10
93 784 10
94 793 9
95 802 9
96 811 9
97 819 8
98 827 8
99 834 7
100 843 9
101 851 8
102 861 10
103 870 9
104 880 10
105 890 10
106 899 9
107 908 9
108 918 10
109 927 9
110 937 10
111 946 9
112 953 7
113 960 7
114 968 8
115 976 8
116 984 8
117 994 10
118 1003 9
119 1013 10
120 1021 8
121 1029 8
122 1038 9
123 1046 8
124 1055 9
125 1065 10
126 1075 10
127 1084 9
128 1094 10
129 1103 9
130 1112 9
131 1121 9
132 1131 10
133 1140 9
134 1149 9
135 1156 7
136 1165 9
137 1174 9
138 1184 10
139 1192 8
140 1202 10
141 1210 8
142 1220 10
143 1229 9
144 1238 9
145 1247 9
146 1256 9
147 1266 10
148 1276 10
149 1285 9
150 1295 10
151 1304 9
152 1313 9
153 1323 10
154 1331 8
155 1340 9
156 1350 10
157 1360 10
158 1370 10
159 1379 9
160 1389 10
161 1399 10
162 1409 10
163 1419 10
164 1427 8
165 1437 10
166 1444 7
167 1454 10
168 1462 8
169 1471 9
170 1481 10
171 1491 10
172 1501 10
173 1510 9
174 1519 9
175 1529 10
176 1538 9
177 1546 8
178 1555 9
179 1565 10
180 1574 9
181 1583 9
182 1592 9
183 1601 9
184 1609 8
185 1619 10
186 1629 10
187 1638 9
188 1648 10
189 1656 8
190 1665 9
191 1675 10
192 1683 8
193 1693 10
194 1703 10
195 1712 9
196 1720 8
197 1727 7
198 1737 10
199 1746 9
200 1754 8
201 1764 10
202 1772 8
203 1782 10
204 1791 9
205 1801 10
206 1809 8
207 1819 10
208 1828 9
209 1838 10
210 1847 9
211 1856 9
212 1866 10
213 1875 9
214 1885 10
215 1895 10
216 1904 9
217 1913 9
218 1923 10
219 1931 8
220 1941 10
221 1950 9
222 1960 10
223 1968 8
224 1978 10
225 1986 8
226 1995 9
227 2003 8
228 2013 10
229 2022 9
230 2031 9
231 2040 9
232 2048 8
233 2058 10
234 2067 9
235 2076 9
236 2086 10
237 2095 9
238 2103 8
239 2113 10
240 2122 9
241 2131 9
242 2139 8
243 2146 7
244 2154 8
245 2164 10
246 2172 8
247 2180 8
248 2190 10
249 2200 10
250 2210 10
251 2218 8
252 2227 9
253 2236 9
254 2246 10
255 2255 9
256 2265 10
257 2274 9
258 2282 8
259 2291 9
260 2300 9
261 2310 10
262 2319 9
263 2326 7
264 2335 9
265 2342 7
266 2350 8
267 2359 9
268 2368 9
269 2377 9
270 2385 8
271 2394 9
272 2402 8
273 2412 10
274 2421 9
275 2431 10
276 2441 10
277 2450 9
278 2459 9
279 2469 10
280 2478 9
281 2487 9
282 2496 9
283 2505 9
284 2515 10
285 2523 8
286 2531 8
287 2540 9
288 2547 7
289 2557 10
290 2566 9
291 2576 10
292 2586 10
293 2596 10
294 2606 10
295 2615 9
296 2625 10
297 2634 9
298 2644 10
299 2652 8
300 2661 9
301 2670 9
302 2679 9
303 2689 10
304 2699 10
305 2708 9
306 2718 10
307 2728 10
308 2738 10
309 2746 8
310 2756 10
311 2766 10
312 2774 8
313 2783 9
314 2791 8
315 2801 10
316 2807 6
317 2817 10
318 2825 8
319 2834 9
320 2844 10
321 2854 10
322 2864 10
323 2873 9
324 2883 10
325 2892 9
326 2901 9
327 2909 8
328 2918 9
329 2927 9
330 2936 9
331 2945 9
332 2955 10
333 2964 9
334 2973 9
335 2983 10
336 2992 9
337 3000 8
338 3010 10
339 3019 9
340 3028 9
341 3037 9
342 3046 9
343 3055 9
344 3065 10
345 3074 9
346 3083 9
347 3093 10
348 3103 10
349 3111 8
350 3120 9
351 3129 9
352 3138 9
353 3148 10
354 3157 9
355 3166 9
356 3172 6
357 3182 10
358 3191 9
359 3201 10
360 3210 9
361 3220 10
362 3229 9
363 3238 9
364 3247 9
365 3257 10
366 3267 10
367 3277 10
368 3287 10
369 3296 9
370 3305 9
371 3314 9
372 3323 9
373 3333 10
374 3343 10
375 3353 10
376 3363 10
377 3370 7
378 3380 10
379 3389 9
380 3398 9
381 3408 10
382 3415 7
383 3425 10
384 3435 10
385 3445 10
386 3455 10
387 3462 7
388 3472 10
389 3481 9
390 3490 9
391 3499 9
392 3507 8
393 3517 10
394 3527 10
395 3534 7
396 3544 10
397 3554 10
398 3564 10
399 3574 10
400 3583 9
401 3592 9
402 3601 9
403 3609 8
404 3617 8
405 3623 6
406 3633 10
407 3642 9
408 3650 8
409 3659 9
410 3669 10
411 3679 10
412 3689 10
413 3697 8
414 3706 9
415 3716 10
416 3725 9
417 3734 9
418 3743 9
419 3752 9
420 3762 10
421 3771 9
422 3781 10
423 3791 10
424 3800 9
425 3809 9
426 3818 9
427 3826 8
428 3836 10
429 3846 10
430 3855 9
431 3864 9
432 3872 8
433 3881 9
434 3890 9
435 3899 9
436 3908 9
437 3918 10
438 3927 9
439 3935 8
440 3944 9
441 3952 8
442 3961 9
443 3971 10
444 3981 10
445 3991 10
446 4000 9
447 4010 10
448 4019 9
449 4028 9
450 4038 10
451 4047 9
452 4057 10
453 4066 9
454 4074 8
455 4083 9
456 4092 9
457 4101 9
458 4110 9
459 4117 7
460 4127 10
461 4137 10
462 4145 8
463 4154 9
464 4164 10
465 4172 8
466 4181 9
467 4191 10
468 4200 9
469 4209 9
470 4219 10
471 4228 9
472 4237 9
473 4247 10
474 4256 9
475 4266 10
476 4275 9
477 4284 9
478 4292 8
479 4302 10
480 4310 8
481 4318 8
482 4328 10
483 4337 9
484 4346 9
485 4356 10
486 4365 9
487 4375 10
488 4385 10
489 4394 9
490 4404 10
491 4412 8
492 4419 7
493 4428 9
494 4437 9
495 4444 7
496 4453 9
497 4463 10
498 4473 10
499 4483 10
500 4493 10
