1 5 5
2 10 5
3 15 5
4 20 5
5 26 6
6 29 3
7 35 6
8 41 6
9 49 8
10 57 8
11 63 6
12 72 9
13 77 5
14 83 6
15 92 9
16 97 5
17 105 8
18 112 7
19 118 6
20 127 9
21 135 8
22 142 7
23 148 6
24 156 8
25 163 7
26 172 9
27 182 10
28 191 9
29 200 9
30 209 9
31 215 6
32 221 6
33 228 7
34 237 9
35 247 10
36 254 7
37 263 9
38 272 9
39 280 8
40 289 9
41 298 9
42 306 8
43 314 8
44 322 8
45 331 9
46 340 9
47 350 10
48 358 8
49 368 10
50 377 9
51 383 6
52 391 8
53 398 7
54 405 7
55 414 9
56 424 10
57 433 9
58 443 10
59 452 9
60 462 10
61 470 8
62 479 9
63 488 9
64 496 8
65 506 10
66 514 8
67 523 9
68 532 9
69 542 10
70 552 10
71 561 9
72 571 10
73 581 10
74 590 9
75 597 7
76 605 8
77 613 8
78 620 7
79 629 9
80 638 9
81 646 8
82 656 10
83 665 9
84 673 8
85 682 9
86 691 9
87 698 7
88 708 10
89 717 9
90 726 9
91 732 6
92 740 8
93 748 8
94 758 10
95 768 10
96 777 9
97 786 9
98 796 10
99 804 8
100 812 8
101 821 9
102 830 9
103 838 8
104 844 6
105 852 8
106 860 8
107 870 10
108 878 8
109 888 10
110 897 9
111 904 7
112 914 10
113 924 10
114 928 4
115 936 8
116 946 10
117 956 10
118 966 10
119 976 10
120 985 9
121 993 8
122 1003 10
123 1013 10
124 1022 9
125 1030 8
126 1039 9
127 1048 9
128 1056 8
129 1065 9
130 1073 8
131 1083 10
132 1092 9
133 1100 8
134 1108 8
135 1117 9
136 1125 8
137 1134 9
138 1143 9
139 1152 9
140 1158 6
141 1166 8
142 1174 8
143 1183 9
144 1190 7
145 1198 8
146 1208 10
147 1218 10
148 1226 8
149 1235 9
150 1245 10
151 1254 9
152 1262 8
153 1272 10
154 1281 9
155 1287 6
156 1296 9
157 1305 9
158 1314 9
159 1322 8
160 1330 8
161 1339 9
162 1349 10
163 1358 9
164 1366 8
165 1376 10
166 1385 9
167 1393 8
168 1403 10
169 1411 8
170 1420 9
171 1429 9
172 1439 10
173 1448 9
174 1456 8
175 1465 9
176 1475 10
177 1485 10
178 1492 7
179 1502 10
180 1511 9
181 1520 9
182 1530 10
183 1540 10
184 1546 6
185 1555 9
186 1564 9
187 1572 8
188 1580 8
189 1588 8
190 1598 10
191 1606 8
192 1616 10
193 1623 7
194 1630 7
195 1638 8
196 1647 9
197 1655 8
198 1665 10
199 1675 10
200 1685 10
201 1695 10
202 1704 9
203 1714 10
204 1723 9
205 1732 9
206 1740 8
207 1750 10
208 1758 8
209 1767 9
210 1776 9
211 1783 7
212 1792 9
213 1801 9
214 1809 8
215 1819 10
216 1827 8
217 1835 8
218 1845 10
219 1853 8
220 1862 9
221 1871 9
222 1880 9
223 1890 10
224 1899 9
225 1908 9
226 1918 10
227 1927 9
228 1937 10
229 1947 10
230 1956 9
231 1964 8
232 1970 6
233 1980 10
234 1989 9
235 1998 9
236 2008 10
237 2018 10
238 2028 10
239 2037 9
240 2047 10
241 2056 9
242 2065 9
243 2074 9
244 2081 7
245 2090 9
246 2100 10
247 2109 9
248 2118 9
249 2128 10
250 2137 9
251 2147 10
252 2155 8
253 2165 10
254 2174 9
255 2182 8
256 2191 9
257 2201 10
258 2210 9
259 2220 10
260 2228 8
261 2237 9
262 2247 10
263 2256 9
264 2266 10
265 2275 9
266 2284 9
267 2293 9
268 2302 9
269 2312 10
270 2321 9
271 2331 10
272 2339 8
273 2347 8
274 2356 9
275 2365 9
276 2375 10
277 2384 9
278 2394 10
279 2403 9
280 2412 9
281 2420 8
282 2430 10
283 2439 9
284 2449 10
285 2459 10
286 2468 9
287 2477 9
288 2487 10
289 2491 4
290 2498 7
291 2507 9
292 2517 10
293 2527 10
294 2535 8
295 2545 10
296 2553 8
297 2562 9
298 2572 10
299 2582 10
300 2589 7
301 2599 10
302 2608 9
303 2618 10
304 2628 10
305 2637 9
306 2646 9
307 2656 10
308 2665 9
309 2674 9
310 2683 9
311 2690 7
312 2699 9
313 2709 10
314 2718 9
315 2728 10
316 2738 10
317 2747 9
318 2755 8
319 2765 10
320 2773 8
321 2782 9
322 2791 9
323 2800 9
324 2809 9
325 2818 9
326 2828 10
327 2838 10
328 2848 10
329 2856 8
330 2866 10
331 2875 9
332 2882 7
333 2890 8
334 2899 9
335 2906 7
336 2916 10
337 2924 8
338 2934 10
339 2943 9
340 2953 10
341 2962 9
342 2972 10
343 2981 9
344 2989 8
345 2997 8
346 3007 10
347 3017 10
348 3027 10
349 3036 9
350 3046 10
351 3054 8
352 3063 9
353 3073 10
354 3081 8
355 3091 10
356 3098 7
357 3108 10
358 3118 10
359 3128 10
360 3136 8
361 3146 10
362 3156 10
363 3166 10
364 3175 9
365 3183 8
366 3193 10
367 3203 10
368 3211 8
369 3220 9
370 3229 9
371 3237 8
372 3247 10
373 3256 9
374 3264 8
375 3274 10
376 3283 9
377 3292 9
378 3302 10
379 3310 8
380 3320 10
381 3329 9
382 3338 9
383 3347 9
384 3356 9
385 3366 10
386 3376 10
387 3386 10
388 3395 9
389 3403 8
390 3412 9
391 3420 8
392 3429 9
393 3438 9
394 3447 9
395 3457 10
396 3466 9
397 3475 9
398 3485 10
399 3495 10
400 3504 9
401 3513 9
402 3522 9
403 3531 9
404 3540 9
405 3550 10
406 3560 10
407 3570 10
408 3580 10
409 3589 9
410 3599 10
411 3609 10
412 3617 8
413 3625 8
414 3633 8
415 3642 9
416 3652 10
417 3660 8
418 3669 9
419 3677 8
420 3685 8
421 3695 10
422 3703 8
423 3713 10
424 3723 10
425 3733 10
426 3742 9
427 3752 10
428 3761 9
429 3771 10
430 3781 10
431 3790 9
432 3800 10
433 3810 10
434 3819 9
435 3829 10
436 3837 8
437 3843 6
438 3853 10
439 3862 9
440 3872 10
441 3880 8
442 3888 8
443 3895 7
444 3905 10
445 3914 9
446 3924 10
447 3933 9
448 3941 8
449 3950 9
450 3958 8
451 3968 10
452 3978 10
453 3986 8
454 3995 9
455 4004 9
456 4014 10
457 4021 7
458 4031 10
459 4041 10
460 4051 10
461 4061 10
462 4070 9
463 4080 10
464 4090 10
465 4099 9
466 4107 8
467 4116 9
468 4126 10
469 4136 10
470 4146 10
471 4155 9
472 4162 7
473 4171 9
474 4180 9
475 4190 10
476 4198 8
477 4208 10
478 4216 8
479 4226 10
480 4235 9
481 4245 10
482 4255 10
483 4265 10
484 4274 9
485 4284 10
486 4293 9
487 4303 10
488 4312 9
489 4321 9
490 4330 9
491 4338 8
492 4348 10
493 4358 10
494 4368 10
495 4378 10
496 4388 10
497 4398 10
498 4408 10
499 4418 10
500 4427 9
