1 4 4
2 9 5
3 18 9
4 25 7
5 31 6
6 39 8
7 46 7
8 51 5
9 56 5
10 63 7
11 70 7
12 77 7
13 85 8
14 92 7
15 102 10
16 112 10
17 119 7
18 129 10
19 135 6
20 143 8
21 150 7
22 160 10
23 168 8
24 175 7
25 183 8
26 193 10
27 201 8
28 210 9
29 218 8
30 227 9
31 234 7
32 243 9
33 251 8
34 258 7
35 267 9
36 276 9
37 283 7
38 291 8
39 298 7
40 305 7
41 313 8
42 323 10
43 333 10
44 341 8
45 349 8
46 359 10
47 367 8
48 374 7
49 382 8
50 390 8
51 399 9
52 407 8
53 413 6
54 423 10
55 433 10
56 443 10
57 452 9
58 461 9
59 469 8
60 478 9
61 486 8
62 495 9
63 503 8
64 513 10
65 520 7
66 529 9
67 537 8
68 546 9
69 553 7
70 562 9
71 572 10
72 580 8
73 589 9
74 596 7
75 603 7
76 611 8
77 617 6
78 626 9
79 636 10
80 642 6
81 651 9
82 657 6
83 667 10
84 676 9
85 684 8
86 694 10
87 703 9
88 711 8
89 721 10
90 729 8
91 738 9
92 748 10
93 757 9
94 767 10
95 776 9
96 785 9
97 795 10
98 805 10
99 815 10
100 824 9
101 834 10
102 843 9
103 852 9
104 859 7
105 869 10
106 876 7
107 884 8
108 893 9
109 902 9
110 911 9
111 920 9
112 929 9
113 939 10
114 949 10
115 958 9
116 968 10
117 976 8
118 986 10
119 996 10
120 1003 7
121 1011 8
122 1020 9
123 1028 8
124 1037 9
125 1047 10
126 1054 7
127 1064 10
128 1072 8
129 1080 8
130 1088 8
131 1097 9
132 1105 8
133 1115 10
134 1123 8
135 1132 9
136 1141 9
137 1149 8
138 1158 9
139 1165 7
140 1175 10
141 1184 9
142 1194 10
143 1201 7
144 1211 10
145 1218 7
146 1228 10
147 1237 9
148 1247 10
149 1256 9
150 1265 9
151 1275 10
152 1285 10
153 1295 10
154 1304 9
155 1314 10
156 1323 9
157 1333 10
158 1343 10
159 1351 8
160 1359 8
161 1368 9
162 1378 10
163 1388 10
164 1398 10
165 1406 8
166 1413 7
167 1422 9
168 1431 9
169 1438 7
170 1446 8
171 1454 8
172 1462 8
173 1472 10
174 1481 9
175 1490 9
176 1500 10
177 1510 10
178 1520 10
179 1530 10
180 1540 10
181 1550 10
182 1559 9
183 1567 8
184 1576 9
185 1584 8
186 1594 10
187 1602 8
188 1610 8
189 1618 8
190 1626 8
191 1636 10
192 1646 10
193 1655 9
194 1665 10
195 1675 10
196 1684 9
197 1694 10
198 1703 9
199 1712 9
200 1722 10
201 1732 10
202 1741 9
203 1750 9
204 1760 10
205 1768 8
206 1778 10
207 1787 9
208 1796 9
209 1806 10
210 1815 9
211 1824 9
212 1834 10
213 1843 9
214 1853 10
215 1862 9
216 1872 10
217 1879 7
218 1889 10
219 1897 8
220 1907 10
221 1917 10
222 1926 9
223 1935 9
224 1944 9
225 1952 8
226 1960 8
227 1968 8
228 1977 9
229 1985 8
230 1995 10
231 2005 10
232 2015 10
233 2024 9
234 2034 10
235 2044 10
236 2054 10
237 2063 9
238 2072 9
239 2079 7
240 2089 10
241 2098 9
242 2107 9
243 2116 9
244 2125 9
245 2134 9
246 2144 10
247 2153 9
248 2162 9
249 2171 9
250 2180 9
251 2190 10
252 2199 9
253 2209 10
254 2217 8
255 2227 10
256 2236 9
257 2246 10
258 2256 10
259 2265 9
260 2274 9
261 2284 10
262 2292 8
263 2302 10
264 2309 7
265 2319 10
266 2327 8
267 2336 9
268 2346 10
269 2356 10
270 2366 10
271 2376 10
272 2386 10
273 2396 10
274 2406 10
275 2416 10
276 2424 8
277 2434 10
278 2444 10
279 2454 10
280 2464 10
281 2473 9
282 2483 10
283 2493 10
284 2503 10
285 2512 9
286 2522 10
287 2532 10
288 2541 9
289 2550 9
290 2560 10
291 2567 7
292 2576 9
293 2585 9
294 2595 10
295 2603 8
296 2611 8
297 2618 7
298 2626 8
299 2635 9
300 2643 8
301 2652 9
302 2662 10
303 2671 9
304 2679 8
305 2688 9
306 2696 8
307 2706 10
308 2715 9
309 2725 10
310 2735 10
311 2740 5
312 2750 10
313 2759 9
314 2768 9
315 2777 9
316 2787 10
317 2796 9
318 2805 9
319 2815 10
320 2824 9
321 2833 9
322 2842 9
323 2849 7
324 2857 8
325 2867 10
326 2877 10
327 2887 10
328 2897 10
329 2906 9
330 2916 10
331 2926 10
332 2936 10
333 2946 10
334 2956 10
335 2965 9
336 2975 10
337 2983 8
338 2992 9
339 3000 8
340 3010 10
341 3017 7
342 3027 10
343 3036 9
344 3045 9
345 3055 10
346 3064 9
347 3074 10
348 3083 9
349 3092 9
350 3102 10
351 3111 9
352 3120 9
353 3130 10
354 3138 8
355 3148 10
356 3158 10
357 3166 8
358 3175 9
359 3185 10
360 3194 9
361 3203 9
362 3210 7
363 3220 10
364 3229 9
365 3237 8
366 3247 10
367 3256 9
368 3264 8
369 3273 9
370 3283 10
371 3291 8
372 3300 9
373 3310 10
374 3319 9
375 3329 10
376 3339 10
377 3349 10
378 3357 8
379 3366 9
380 3373 7
381 3382 9
382 3390 8
383 3399 9
384 3409 10
385 3418 9
386 3428 10
387 3437 9
388 3447 10
389 3455 8
390 3465 10
391 3474 9
392 3484 10
393 3493 9
394 3503 10
395 3511 8
396 3521 10
397 3531 10
398 3541 10
399 3551 10
400 3561 10
401 3570 9
402 3580 10
403 3590 10
404 3599 9
405 3608 9
406 3618 10
407 3626 8
408 3634 8
409 3644 10
410 3654 10
411 3664 10
412 3673 9
413 3683 10
414 3691 8
415 3699 8
416 3708 9
417 3718 10
418 3727 9
419 3737 10
420 3747 10
421 3756 9
422 3766 10
423 3775 9
424 3784 9
425 3793 9
426 3800 7
427 3809 9
428 3819 10
429 3828 9
430 3838 10
431 3846 8
432 3854 8
433 3864 10
434 3874 10
435 3884 10
436 3894 10
437 3902 8
438 3911 9
439 3921 10
440 3929 8
441 3939 10
442 3948 9
443 3957 9
444 3967 10
445 3977 10
446 3987 10
447 3997 10
448 4006 9
449 4016 10
450 4025 9
451 4035 10
452 4044 9
453 4053 9
454 4063 10
455 4073 10
456 4082 9
457 4092 10
458 4100 8
459 4109 9
460 4117 8
461 4126 9
462 4136 10
463 4145 9
464 4155 10
465 4164 9
466 4174 10
467 4183 9
468 4193 10
469 4202 9
470 4211 9
471 4220 9
472 4228 8
473 4237 9
474 4247 10
475 4256 9
476 4265 9
477 4275 10
478 4284 9
479 4294 10
480 4304 10
481 4313 9
482 4322 9
483 4330 8
484 4340 10
485 4350 10
486 4359 9
487 4369 10
488 4379 10
489 4389 10
490 4399 10
491 4409 10
492 4418 9
493 4426 8
494 4435 9
495 4444 9
496 4454 10
497 4463 9
498 4472 9
499 4481 9
500 4490 9
