1 3 3
2 5 2
3 11 6
4 14 3
5 19 5
6 23 4
7 28 5
8 35 7
9 41 6
10 49 8
11 54 5
12 61 7
13 68 7
14 78 10
15 85 7
16 93 8
17 101 8
18 108 7
19 116 8
20 125 9
21 135 10
22 141 6
23 150 9
24 157 7
25 165 8
26 171 6
27 178 7
28 186 8
29 194 8
30 203 9
31 212 9
32 220 8
33 230 10
34 239 9
35 248 9
36 258 10
37 265 7
38 273 8
39 282 9
40 289 7
41 299 10
42 309 10
43 317 8
44 325 8
45 333 8
46 341 8
47 348 7
48 356 8
49 364 8
50 374 10
51 384 10
52 393 9
53 401 8
54 408 7
55 417 9
56 427 10
57 436 9
58 446 10
59 456 10
60 464 8
61 472 8
62 482 10
63 492 10
64 502 10
65 509 7
66 518 9
67 528 10
68 537 9
69 547 10
70 556 9
71 565 9
72 573 8
73 581 8
74 591 10
75 601 10
76 608 7
77 616 8
78 625 9
79 635 10
80 644 9
81 652 8
82 661 9
83 669 8
84 678 9
85 687 9
86 695 8
87 704 9
88 713 9
89 722 9
90 731 9
91 741 10
92 747 6
93 756 9
94 766 10
95 775 9
96 785 10
97 795 10
98 805 10
99 811 6
100 819 8
101 828 9
102 838 10
103 846 8
104 856 10
105 865 9
106 874 9
107 883 9
108 892 9
109 899 7
110 908 9
111 917 9
112 926 9
113 934 8
114 941 7
115 950 9
116 958 8
117 966 8
118 975 9
119 982 7
120 992 10
121 1000 8
122 1008 8
123 1016 8
124 1024 8
125 1033 9
126 1043 10
127 1052 9
128 1061 9
129 1071 10
130 1081 10
131 1091 10
132 1099 8
133 1108 9
134 1118 10
135 1128 10
136 1137 9
137 1147 10
138 1156 9
139 1165 9
140 1173 8
141 1183 10
142 1193 10
143 1202 9
144 1211 9
145 1221 10
146 1230 9
147 1240 10
148 1250 10
149 1259 9
150 1268 9
151 1275 7
152 1285 10
153 1294 9
154 1304 10
155 1314 10
156 1323 9
157 1333 10
158 1341 8
159 1351 10
160 1361 10
161 1371 10
162 1380 9
163 1389 9
164 1397 8
165 1404 7
166 1414 10
167 1424 10
168 1434 10
169 1442 8
170 1450 8
171 1458 8
172 1468 10
173 1478 10
174 1488 10
175 1497 9
176 1506 9
177 1516 10
178 1524 8
179 1534 10
180 1543 9
181 1553 10
182 1562 9
183 1569 7
184 1578 9
185 1587 9
186 1596 9
187 1606 10
188 1616 10
189 1625 9
190 1633 8
191 1642 9
192 1652 10
193 1662 10
194 1672 10
195 1682 10
196 1692 10
197 1701 9
198 1710 9
199 1719 9
200 1729 10
201 1739 10
202 1748 9
203 1755 7
204 1765 10
205 1772 7
206 1781 9
207 1791 10
208 1798 7
209 1808 10
210 1817 9
211 1826 9
212 1836 10
213 1845 9
214 1854 9
215 1863 9
216 1873 10
217 1882 9
218 1890 8
219 1900 10
220 1907 7
221 1916 9
222 1924 8
223 1931 7
224 1941 10
225 1950 9
226 1959 9
227 1968 9
228 1978 10
229 1985 7
230 1994 9
231 2004 10
232 2012 8
233 2021 9
234 2030 9
235 2039 9
236 2049 10
237 2057 8
238 2064 7
239 2073 9
240 2082 9
241 2091 9
242 2098 7
243 2108 10
244 2118 10
245 2126 8
246 2134 8
247 2144 10
248 2154 10
249 2163 9
250 2173 10
251 2182 9
252 2191 9
253 2200 9
254 2210 10
255 2220 10
256 2228 8
257 2236 8
258 2244 8
259 2253 9
260 2262 9
261 2272 10
262 2280 8
263 2290 10
264 2299 9
265 2308 9
266 2318 10
267 2328 10
268 2338 10
269 2347 9
270 2357 10
271 2365 8
272 2373 8
273 2383 10
274 2392 9
275 2400 8
276 2409 9
277 2418 9
278 2427 9
279 2435 8
280 2443 8
281 2450 7
282 2460 10
283 2470 10
284 2480 10
285 2489 9
286 2498 9
287 2508 10
288 2518 10
289 2526 8
290 2534 8
291 2544 10
292 2552 8
293 2561 9
294 2571 10
295 2579 8
296 2588 9
297 2598 10
298 2607 9
299 2615 8
300 2624 9
301 2633 9
302 2642 9
303 2650 8
304 2659 9
305 2667 8
306 2676 9
307 2685 9
308 2695 10
309 2705 10
310 2714 9
311 2723 9
312 2732 9
313 2741 9
314 2750 9
315 2759 9
316 2769 10
317 2778 9
318 2787 9
319 2796 9
320 2804 8
321 2813 9
322 2820 7
323 2830 10
324 2838 8
325 2846 8
326 2855 9
327 2862 7
328 2871 9
329 2879 8
330 2889 10
331 2896 7
332 2905 9
333 2914 9
334 2924 10
335 2933 9
336 2941 8
337 2951 10
338 2959 8
339 2969 10
340 2979 10
341 2989 10
342 2998 9
343 3008 10
344 3016 8
345 3023 7
346 3033 10
347 3040 7
348 3050 10
349 3060 10
350 3070 10
351 3078 8
352 3087 9
353 3095 8
354 3105 10
355 3112 7
356 3122 10
357 3130 8
358 3138 8
359 3145 7
360 3155 10
361 3164 9
362 3174 10
363 3183 9
364 3192 9
365 3202 10
366 3211 9
367 3220 9
368 3229 9
369 3238 9
370 3247 9
371 3254 7
372 3264 10
373 3270 6
374 3280 10
375 3289 9
376 3299 10
377 3307 8
378 3314 7
379 3323 9
380 3332 9
381 3341 9
382 3350 9
383 3360 10
384 3370 10
385 3379 9
386 3385 6
387 3395 10
388 3405 10
389 3413 8
390 3421 8
391 3431 10
392 3440 9
393 3450 10
394 3459 9
395 3468 9
396 3478 10
397 3486 8
398 3494 8
399 3504 10
400 3513 9
401 3522 9
402 3532 10
403 3538 6
404 3546 8
405 3554 8
406 3563 9
407 3572 9
408 3580 8
409 3590 10
410 3599 9
411 3608 9
412 3617 9
413 3626 9
414 3635 9
415 3644 9
416 3653 9
417 3662 9
418 3671 9
419 3680 9
420 3690 10
421 3700 10
422 3709 9
423 3719 10
424 3728 9
425 3738 10
426 3748 10
427 3756 8
428 3766 10
429 3775 9
430 3784 9
431 3794 10
432 3804 10
433 3812 8
434 3822 10
435 3830 8
436 3840 10
437 3848 8
438 3857 9
439 3866 9
440 3875 9
441 3885 10
442 3894 9
443 3902 8
444 3911 9
445 3920 9
446 3928 8
447 3938 10
448 3948 10
449 3957 9
450 3967 10
451 3977 10
452 3986 9
453 3995 9
454 4005 10
455 4014 9
456 4023 9
457 4031 8
458 4039 8
459 4048 9
460 4058 10
461 4066 8
462 4076 10
463 4085 9
464 4095 10
465 4105 10
466 4115 10
467 4125 10
468 4134 9
469 4142 8
470 4152 10
471 4159 7
472 4168 9
473 4178 10
474 4186 8
475 4196 10
476 4205 9
477 4215 10
478 4224 9
479 4232 8
480 4241 9
481 4249 8
482 4259 10
483 4269 10
484 4276 7
485 4286 10
486 4294 8
487 4303 9
488 4313 10
489 4323 10
490 4333 10
491 4343 10
492 4353 10
493 4362 9
494 4372 10
495 4380 8
496 4390 10
497 4400 10
498 4410 10
499 4419 9
500 4427 8
