1 5 5
2 11 6
3 18 7
4 24 6
5 30 6
6 37 7
7 46 9
8 50 4
9 57 7
10 66 9
11 70 4
12 78 8
13 84 6
14 93 9
15 100 7
16 105 5
17 112 7
18 120 8
19 128 8
20 135 7
21 143 8
22 152 9
23 158 6
24 166 8
25 176 10
26 185 9
27 195 10
28 201 6
29 206 5
30 215 9
31 224 9
32 233 9
33 243 10
34 250 7
35 260 10
36 269 9
37 278 9
38 286 8
39 292 6
40 299 7
41 307 8
42 314 7
43 323 9
44 332 9
45 342 10
46 349 7
47 356 7
48 366 10
49 374 8
50 383 9
51 393 10
52 402 9
53 412 10
54 420 8
55 429 9
56 435 6
57 444 9
58 452 8
59 458 6
60 466 8
61 476 10
62 486 10
63 496 10
64 505 9
65 515 10
66 523 8
67 533 10
68 543 10
69 552 9
70 562 10
71 570 8
72 578 8
73 586 8
74 595 9
75 604 9
76 614 10
77 623 9
78 631 8
79 641 10
80 649 8
81 657 8
82 667 10
83 677 10
84 684 7
85 689 5
86 697 8
87 706 9
88 716 10
89 725 9
90 735 10
91 745 10
92 755 10
93 764 9
94 771 7
95 780 9
96 790 10
97 800 10
98 810 10
99 819 9
100 828 9
101 838 10
102 848 10
103 858 10
104 866 8
105 874 8
106 884 10
107 892 8
108 901 9
109 908 7
110 916 8
111 924 8
112 934 10
113 941 7
114 950 9
115 959 9
116 969 10
117 978 9
118 985 7
119 991 6
120 1000 9
121 1009 9
122 1018 9
123 1026 8
124 1033 7
125 1041 8
126 1050 9
127 1059 9
128 1068 9
129 1075 7
130 1082 7
131 1092 10
132 1102 10
133 1108 6
134 1117 9
135 1127 10
136 1135 8
137 1144 9
138 1149 5
139 1157 8
140 1167 10
141 1173 6
142 1181 8
143 1188 7
144 1198 10
145 1205 7
146 1214 9
147 1223 9
148 1231 8
149 1241 10
150 1249 8
151 1256 7
152 1264 8
153 1272 8
154 1281 9
155 1290 9
156 1299 9
157 1308 9
158 1316 8
159 1325 9
160 1335 10
161 1344 9
162 1354 10
163 1362 8
164 1371 9
165 1381 10
166 1390 9
167 1400 10
168 1407 7
169 1415 8
170 1424 9
171 1432 8
172 1441 9
173 1451 10
174 1460 9
175 1467 7
176 1475 8
177 1483 8
178 1493 10
179 1503 10
180 1511 8
181 1518 7
182 1528 10
183 1536 8
184 1546 10
185 1555 9
186 1563 8
187 1572 9
188 1582 10
189 1591 9
190 1598 7
191 1607 9
192 1616 9
193 1624 8
194 1632 8
195 1642 10
196 1651 9
197 1657 6
198 1663 6
199 1673 10
200 1682 9
201 1691 9
202 1699 8
203 1709 10
204 1718 9
205 1726 8
206 1734 8
207 1744 10
208 1753 9
209 1763 10
210 1773 10
211 1780 7
212 1788 8
213 1797 9
214 1805 8
215 1813 8
216 1823 10
217 1833 10
218 1841 8
219 1850 9
220 1860 10
221 1868 8
222 1878 10
223 1886 8
224 1896 10
225 1905 9
226 1911 6
227 1920 9
228 1929 9
229 1938 9
230 1946 8
231 1956 10
232 1966 10
233 1972 6
234 1982 10
235 1988 6
236 1997 9
237 2007 10
238 2016 9
239 2025 9
240 2033 8
241 2042 9
242 2052 10
243 2062 10
244 2070 8
245 2080 10
246 2088 8
247 2098 10
248 2105 7
249 2113 8
250 2122 9
251 2131 9
252 2140 9
253 2150 10
254 2158 8
255 2165 7
256 2175 10
257 2184 9
258 2194 10
259 2203 9
260 2211 8
261 2221 10
262 2230 9
263 2240 10
264 2247 7
265 2255 8
266 2264 9
267 2274 10
268 2284 10
269 2293 9
270 2301 8
271 2311 10
272 2321 10
273 2331 10
274 2341 10
275 2349 8
276 2359 10
277 2369 10
278 2377 8
279 2386 9
280 2394 8
281 2404 10
282 2411 7
283 2421 10
284 2431 10
285 2439 8
286 2447 8
287 2457 10
288 2466 9
289 2475 9
290 2485 10
291 2495 10
292 2503 8
293 2513 10
294 2522 9
295 2532 10
296 2540 8
297 2550 10
298 2559 9
299 2569 10
300 2578 9
301 2587 9
302 2596 9
303 2604 8
304 2613 9
305 2621 8
306 2628 7
307 2636 8
308 2646 10
309 2655 9
310 2664 9
311 2674 10
312 2684 10
313 2694 10
314 2704 10
315 2713 9
316 2722 9
317 2731 9
318 2740 9
319 2750 10
320 2760 10
321 2769 9
322 2779 10
323 2788 9
324 2796 8
325 2803 7
326 2812 9
327 2821 9
328 2830 9
329 2838 8
330 2848 10
331 2856 8
332 2866 10
333 2874 8
334 2884 10
335 2894 10
336 2904 10
337 2912 8
338 2920 8
339 2930 10
340 2940 10
341 2950 10
342 2958 8
343 2968 10
344 2975 7
345 2984 9
346 2992 8
347 3001 9
348 3011 10
349 3021 10
350 3028 7
351 3038 10
352 3048 10
353 3056 8
354 3064 8
355 3072 8
356 3082 10
357 3092 10
358 3100 8
359 3109 9
360 3117 8
361 3127 10
362 3136 9
363 3145 9
364 3154 9
365 3162 8
366 3172 10
367 3181 9
368 3190 9
369 3199 9
370 3209 10
371 3217 8
372 3224 7
373 3231 7
374 3239 8
375 3249 10
376 3257 8
377 3265 8
378 3274 9
379 3281 7
380 3291 10
381 3300 9
382 3310 10
383 3320 10
384 3328 8
385 3337 9
386 3347 10
387 3356 9
388 3365 9
389 3374 9
390 3384 10
391 3394 10
392 3404 10
393 3413 9
394 3422 9
395 3431 9
396 3439 8
397 3449 10
398 3459 10
399 3469 10
400 3478 9
401 3488 10
402 3497 9
403 3507 10
404 3516 9
405 3525 9
406 3532 7
407 3541 9
408 3550 9
409 3559 9
410 3568 9
411 3578 10
412 3587 9
413 3597 10
414 3607 10
415 3615 8
416 3625 10
417 3634 9
418 3644 10
419 3654 10
420 3664 10
421 3674 10
422 3684 10
423 3693 9
424 3702 9
425 3711 9
426 3720 9
427 3729 9
428 3739 10
429 3747 8
430 3756 9
431 3765 9
432 3774 9
433 3784 10
434 3794 10
435 3802 8
436 3810 8
437 3820 10
438 3828 8
439 3837 9
440 3845 8
441 3855 10
442 3865 10
443 3874 9
444 3884 10
445 3892 8
446 3902 10
447 3910 8
448 3919 9
449 3929 10
450 3938 9
451 3948 10
452 3956 8
453 3966 10
454 3976 10
455 3985 9
456 3995 10
457 4003 8
458 4012 9
459 4022 10
460 4032 10
461 4039 7
462 4049 10
463 4058 9
464 4067 9
465 4076 9
466 4085 9
467 4094 9
468 4104 10
469 4114 10
470 4124 10
471 4133 9
472 4140 7
473 4150 10
474 4159 9
475 4169 10
476 4178 9
477 4187 9
478 4197 10
479 4205 8
480 4215 10
481 4224 9
482 4233 9
483 4243 10
484 4251 8
485 4260 9
486 4270 10
487 4280 10
488 4289 9
489 4299 10
490 4309 10
491 4316 7
492 4325 9
493 4334 9
494 4342 8
495 4352 10
496 4362 10
497 4371 9
498 4380 9
499 4390 10
500 4400 10
