1 7 7
2 14 7
3 21 7
4 26 5
5 35 9
6 41 6
7 47 6
8 53 6
9 59 6
10 62 3
11 70 8
12 78 8
13 87 9
14 96 9
15 104 8
16 110 6
17 117 7
18 124 7
19 131 7
20 139 8
21 149 10
22 159 10
23 169 10
24 178 9
25 187 9
26 195 8
27 205 10
28 215 10
29 225 10
30 232 7
31 242 10
32 250 8
33 259 9
34 267 8
35 276 9
36 285 9
37 294 9
38 303 9
39 313 10
40 322 9
41 330 8
42 340 10
43 350 10
44 358 8
45 367 9
46 376 9
47 383 7
48 392 9
49 402 10
50 411 9
51 420 9
52 428 8
53 436 8
54 443 7
55 452 9
56 462 10
57 471 9
58 479 8
59 489 10
60 498 9
61 506 8
62 515 9
63 524 9
64 533 9
65 542 9
66 551 9
67 561 10
68 571 10
69 579 8
70 588 9
71 597 9
72 607 10
73 617 10
74 624 7
75 632 8
76 642 10
77 650 8
78 660 10
79 669 9
80 678 9
81 685 7
82 694 9
83 703 9
84 712 9
85 719 7
86 726 7
87 735 9
88 745 10
89 755 10
90 765 10
91 774 9
92 782 8
93 791 9
94 799 8
95 809 10
96 817 8
97 826 9
98 835 9
99 844 9
100 854 10
101 864 10
102 872 8
103 882 10
104 890 8
105 900 10
106 910 10
107 918 8
108 927 9
109 936 9
110 946 10
111 954 8
112 961 7
113 971 10
114 980 9
115 990 10
116 1000 10
117 1009 9
118 1017 8
119 1026 9
120 1035 9
121 1045 10
122 1055 10
123 1064 9
124 1073 9
125 1080 7
126 1089 9
127 1098 9
128 1108 10
129 1118 10
130 1125 7
131 1132 7
132 1141 9
133 1150 9
134 1158 8
135 1167 9
136 1177 10
137 1187 10
138 1195 8
139 1205 10
140 1212 7
141 1219 7
142 1229 10
143 1239 10
144 1248 9
145 1255 7
146 1264 9
147 1273 9
148 1281 8
149 1291 10
150 1301 10
151 1310 9
152 1320 10
153 1328 8
154 1336 8
155 1346 10
156 1355 9
157 1363 8
158 1371 8
159 1379 8
160 1387 8
161 1396 9
162 1405 9
163 1414 9
164 1424 10
165 1434 10
166 1443 9
167 1453 10
168 1461 8
169 1468 7
170 1476 8
171 1486 10
172 1495 9
173 1505 10
174 1512 7
175 1522 10
176 1532 10
177 1540 8
178 1550 10
179 1559 9
180 1568 9
181 1578 10
182 1586 8
183 1595 9
184 1603 8
185 1612 9
186 1620 8
187 1629 9
188 1635 6
189 1645 10
190 1655 10
191 1665 10
192 1675 10
193 1684 9
194 1694 10
195 1704 10
196 1713 9
197 1722 9
198 1731 9
199 1741 10
200 1749 8
201 1757 8
202 1765 8
203 1774 9
204 1784 10
205 1793 9
206 1802 9
207 1811 9
208 1820 9
209 1829 9
210 1839 10
211 1847 8
212 1857 10
213 1867 10
214 1876 9
215 1885 9
216 1893 8
217 1902 9
218 1911 9
219 1920 9
220 1930 10
221 1939 9
222 1946 7
223 1955 9
224 1964 9
225 1974 10
226 1984 10
227 1993 9
228 2003 10
229 2011 8
230 2020 9
231 2030 10
232 2039 9
233 2048 9
234 2057 9
235 2065 8
236 2074 9
237 2083 9
238 2093 10
239 2103 10
240 2111 8
241 2121 10
242 2129 8
243 2137 8
244 2145 8
245 2155 10
246 2164 9
247 2172 8
248 2182 10
249 2192 10
250 2202 10
251 2212 10
252 2221 9
253 2230 9
254 2238 8
255 2246 8
256 2256 10
257 2265 9
258 2273 8
259 2282 9
260 2291 9
261 2301 10
262 2308 7
263 2317 9
264 2326 9
265 2336 10
266 2344 8
267 2351 7
268 2360 9
269 2370 10
270 2379 9
271 2387 8
272 2396 9
273 2405 9
274 2414 9
275 2424 10
276 2434 10
277 2442 8
278 2452 10
279 2461 9
280 2471 10
281 2481 10
282 2489 8
283 2498 9
284 2508 10
285 2518 10
286 2528 10
287 2537 9
288 2547 10
289 2556 9
290 2565 9
291 2575 10
292 2584 9
293 2592 8
294 2602 10
295 2611 9
296 2621 10
297 2628 7
298 2636 8
299 2645 9
300 2654 9
301 2662 8
302 2671 9
303 2679 8
304 2689 10
305 2699 10
306 2709 10
307 2719 10
308 2729 10
309 2739 10
310 2749 10
311 2758 9
312 2766 8
313 2775 9
314 2784 9
315 2794 10
316 2804 10
317 2813 9
318 2823 10
319 2832 9
320 2842 10
321 2852 10
322 2860 8
323 2869 9
324 2879 10
325 2889 10
326 2899 10
327 2908 9
328 2917 9
329 2925 8
330 2934 9
331 2944 10
332 2952 8
333 2961 9
334 2971 10
335 2980 9
336 2990 10
337 3000 10
338 3009 9
339 3019 10
340 3029 10
341 3038 9
342 3046 8
343 3055 9
344 3065 10
345 3074 9
346 3083 9
347 3092 9
348 3102 10
349 3110 8
350 3120 10
351 3128 8
352 3138 10
353 3148 10
354 3156 8
355 3166 10
356 3176 10
357 3185 9
358 3195 10
359 3204 9
360 3213 9
361 3221 8
362 3230 9
363 3237 7
364 3246 9
365 3255 9
366 3263 8
367 3273 10
368 3282 9
369 3290 8
370 3299 9
371 3306 7
372 3315 9
373 3324 9
374 3332 8
375 3342 10
376 3350 8
377 3358 8
378 3366 8
379 3376 10
380 3384 8
381 3394 10
382 3402 8
383 3411 9
384 3421 10
385 3429 8
386 3439 10
387 3448 9
388 3458 10
389 3468 10
390 3477 9
391 3486 9
392 3496 10
393 3506 10
394 3515 9
395 3525 10
396 3534 9
397 3544 10
398 3551 7
399 3560 9
400 3569 9
401 3579 10
402 3589 10
403 3597 8
404 3603 6
405 3612 9
406 3619 7
407 3627 8
408 3637 10
409 3647 10
410 3656 9
411 3664 8
412 3673 9
413 3682 9
414 3690 8
415 3699 9
416 3708 9
417 3717 9
418 3724 7
419 3734 10
420 3743 9
421 3752 9
422 3761 9
423 3770 9
424 3779 9
425 3788 9
426 3798 10
427 3808 10
428 3814 6
429 3824 10
430 3833 9
431 3842 9
432 3851 9
433 3861 10
434 3868 7
435 3878 10
436 3888 10
437 3897 9
438 3905 8
439 3913 8
440 3923 10
441 3932 9
442 3942 10
443 3949 7
444 3958 9
445 3967 9
446 3977 10
447 3985 8
448 3995 10
449 4005 10
450 4013 8
451 4021 8
452 4031 10
453 4040 9
454 4049 9
455 4058 9
456 4067 9
457 4077 10
458 4086 9
459 4094 8
460 4104 10
461 4114 10
462 4123 9
463 4133 10
464 4141 8
465 4151 10
466 4160 9
467 4170 10
468 4180 10
469 4189 9
470 4198 9
471 4207 9
472 4216 9
473 4225 9
474 4235 10
475 4243 8
476 4251 8
477 4259 8
478 4266 7
479 4276 10
480 4285 9
481 4295 10
482 4305 10
483 4314 9
484 4324 10
485 4333 9
486 4342 9
487 4351 9
488 4361 10
489 4371 10
490 4380 9
491 4390 10
492 4398 8
493 4407 9
494 4417 10
495 4427 10
496 4437 10
497 4446 9
498 4456 10
499 4465 9
500 4475 10
