1 2 2
2 6 4
3 12 6
4 20 8
5 26 6
6 33 7
7 37 4
8 44 7
9 51 7
10 55 4
11 63 8
12 69 6
13 75 6
14 83 8
15 90 7
16 99 9
17 108 9
18 116 8
19 123 7
20 129 6
21 138 9
22 148 10
23 156 8
24 164 8
25 171 7
26 179 8
27 187 8
28 195 8
29 204 9
30 210 6
31 217 7
32 224 7
33 233 9
34 241 8
35 251 10
36 260 9
37 269 9
38 276 7
39 284 8
40 292 8
41 300 8
42 310 10
43 319 9
44 327 8
45 337 10
46 345 8
47 353 8
48 361 8
49 369 8
50 378 9
51 388 10
52 397 9
53 406 9
54 416 10
55 425 9
56 435 10
57 444 9
58 453 9
59 463 10
60 470 7
61 477 7
62 485 8
63 494 9
64 503 9
65 509 6
66 519 10
67 529 10
68 536 7
69 545 9
70 554 9
71 562 8
72 569 7
73 579 10
74 588 9
75 597 9
76 606 9
77 613 7
78 619 6
79 627 8
80 636 9
81 645 9
82 655 10
83 664 9
84 672 8
85 681 9
86 688 7
87 696 8
88 705 9
89 715 10
90 723 8
91 732 9
92 742 10
93 751 9
94 761 10
95 769 8
96 778 9
97 786 8
98 793 7
99 802 9
100 811 9
101 820 9
102 830 10
103 840 10
104 848 8
105 857 9
106 867 10
107 874 7
108 884 10
109 894 10
110 902 8
111 912 10
112 920 8
113 930 10
114 940 10
115 948 8
116 957 9
117 964 7
118 973 9
119 982 9
120 991 9
121 1001 10
122 1009 8
123 1019 10
124 1029 10
125 1039 10
126 1048 9
127 1055 7
128 1065 10
129 1075 10
130 1081 6
131 1091 10
132 1100 9
133 1109 9
134 1118 9
135 1126 8
136 1136 10
137 1145 9
138 1155 10
139 1163 8
140 1170 7
141 1180 10
142 1190 10
143 1199 9
144 1209 10
145 1219 10
146 1228 9
147 1238 10
148 1247 9
149 1256 9
150 1264 8
151 1273 9
152 1281 8
153 1289 8
154 1299 10
155 1308 9
156 1317 9
157 1326 9
158 1334 8
159 1343 9
160 1353 10
161 1363 10
162 1373 10
163 1382 9
164 1391 9
165 1401 10
166 1410 9
167 1420 10
168 1428 8
169 1436 8
170 1445 9
171 1455 10
172 1465 10
173 1475 10
174 1485 10
175 1493 8
176 1503 10
177 1513 10
178 1523 10
179 1532 9
180 1541 9
181 1551 10
182 1560 9
183 1568 8
184 1578 10
185 1587 9
186 1596 9
187 1606 10
188 1615 9
189 1625 10
190 1633 8
191 1641 8
192 1651 10
193 1661 10
194 1669 8
195 1678 9
196 1686 8
197 1695 9
198 1704 9
199 1712 8
200 1721 9
201 1729 8
202 1738 9
203 1748 10
204 1758 10
205 1768 10
206 1776 8
207 1785 9
208 1794 9
209 1803 9
210 1812 9
211 1821 9
212 1831 10
213 1838 7
214 1847 9
215 1854 7
216 1863 9
217 1872 9
218 1882 10
219 1891 9
220 1900 9
221 1909 9
222 1919 10
223 1929 10
224 1939 10
225 1949 10
226 1959 10
227 1969 10
228 1979 10
229 1989 10
230 1998 9
231 2007 9
232 2016 9
233 2024 8
234 2032 8
235 2040 8
236 2048 8
237 2058 10
238 2068 10
239 2078 10
240 2088 10
241 2098 10
242 2108 10
243 2118 10
244 2128 10
245 2137 9
246 2146 9
247 2156 10
248 2165 9
249 2175 10
250 2185 10
251 2194 9
252 2204 10
253 2213 9
254 2223 10
255 2232 9
256 2241 9
257 2248 7
258 2257 9
259 2267 10
260 2276 9
261 2285 9
262 2292 7
263 2302 10
264 2312 10
265 2321 9
266 2331 10
267 2341 10
268 2350 9
269 2360 10
270 2368 8
271 2377 9
272 2384 7
273 2394 10
274 2403 9
275 2412 9
276 2422 10
277 2430 8
278 2439 9
279 2449 10
280 2459 10
281 2469 10
282 2478 9
283 2488 10
284 2497 9
285 2507 10
286 2517 10
287 2526 9
288 2536 10
289 2546 10
290 2554 8
291 2563 9
292 2573 10
293 2583 10
294 2593 10
295 2601 8
296 2610 9
297 2620 10
298 2630 10
299 2640 10
300 2648 8
301 2657 9
302 2666 9
303 2676 10
304 2686 10
305 2695 9
306 2705 10
307 2714 9
308 2723 9
309 2733 10
310 2743 10
311 2753 10
312 2761 8
313 2769 8
314 2778 9
315 2788 10
316 2796 8
317 2806 10
318 2815 9
319 2825 10
320 2834 9
321 2844 10
322 2853 9
323 2863 10
324 2871 8
325 2881 10
326 2891 10
327 2900 9
328 2910 10
329 2920 10
330 2930 10
331 2940 10
332 2950 10
333 2959 9
334 2966 7
335 2976 10
336 2985 9
337 2995 10
338 3003 8
339 3013 10
340 3021 8
341 3027 6
342 3036 9
343 3045 9
344 3055 10
345 3065 10
346 3075 10
347 3083 8
348 3093 10
349 3103 10
350 3108 5
351 3118 10
352 3127 9
353 3137 10
354 3146 9
355 3156 10
356 3166 10
357 3176 10
358 3185 9
359 3195 10
360 3202 7
361 3212 10
362 3221 9
363 3231 10
364 3241 10
365 3251 10
366 3260 9
367 3270 10
368 3280 10
369 3290 10
370 3299 9
371 3309 10
372 3318 9
373 3327 9
374 3335 8
375 3345 10
376 3355 10
377 3364 9
378 3374 10
379 3384 10
380 3393 9
381 3400 7
382 3409 9
383 3418 9
384 3427 9
385 3437 10
386 3447 10
387 3457 10
388 3465 8
389 3474 9
390 3482 8
391 3490 8
392 3499 9
393 3509 10
394 3518 9
395 3527 9
396 3536 9
397 3546 10
398 3556 10
399 3564 8
400 3573 9
401 3582 9
402 3590 8
403 3599 9
404 3607 8
405 3617 10
406 3626 9
407 3635 9
408 3644 9
409 3652 8
410 3660 8
411 3669 9
412 3679 10
413 3689 10
414 3699 10
415 3709 10
416 3716 7
417 3725 9
418 3735 10
419 3745 10
420 3754 9
421 3762 8
422 3770 8
423 3779 9
424 3788 9
425 3797 9
426 3807 10
427 3816 9
428 3826 10
429 3836 10
430 3845 9
431 3854 9
432 3863 9
433 3872 9
434 3882 10
435 3892 10
436 3902 10
437 3911 9
438 3918 7
439 3928 10
440 3938 10
441 3946 8
442 3955 9
443 3964 9
444 3974 10
445 3983 9
446 3992 9
447 4002 10
448 4012 10
449 4021 9
450 4031 10
451 4040 9
452 4050 10
453 4059 9
454 4067 8
455 4077 10
456 4087 10
457 4097 10
458 4104 7
459 4113 9
460 4122 9
461 4132 10
462 4142 10
463 4152 10
464 4162 10
465 4171 9
466 4180 9
467 4189 9
468 4198 9
469 4208 10
470 4218 10
471 4228 10
472 4238 10
473 4248 10
474 4258 10
475 4267 9
476 4277 10
477 4286 9
478 4295 9
479 4305 10
480 4315 10
481 4324 9
482 4333 9
483 4343 10
484 4349 6
485 4358 9
486 4366 8
487 4376 10
488 4386 10
489 4396 10
490 4406 10
491 4416 10
492 4425 9
493 4434 9
494 4443 9
495 4452 9
496 4461 9
497 4471 10
498 4480 9
499 4490 10
500 4500 10
