1 4 4
2 11 7
3 18 7
4 23 5
5 29 6
6 36 7
7 44 8
8 49 5
9 56 7
10 61 5
11 69 8
12 78 9
13 83 5
14 90 7
15 95 5
16 102 7
17 109 7
18 114 5
19 121 7
20 129 8
21 137 8
22 145 8
23 154 9
24 162 8
25 168 6
26 177 9
27 184 7
28 191 7
29 198 7
30 207 9
31 216 9
32 225 9
33 235 10
34 244 9
35 253 9
36 262 9
37 272 10
38 282 10
39 291 9
40 300 9
41 310 10
42 319 9
43 326 7
44 336 10
45 344 8
46 352 8
47 361 9
48 370 9
49 379 9
50 389 10
51 397 8
52 405 8
53 414 9
54 423 9
55 432 9
56 441 9
57 450 9
58 459 9
59 469 10
60 479 10
61 489 10
62 498 9
63 508 10
64 518 10
65 525 7
66 533 8
67 543 10
68 552 9
69 559 7
70 569 10
71 576 7
72 586 10
73 596 10
74 604 8
75 614 10
76 621 7
77 631 10
78 639 8
79 649 10
80 658 9
81 667 9
82 677 10
83 687 10
84 697 10
85 707 10
86 716 9
87 725 9
88 733 8
89 741 8
90 750 9
91 759 9
92 766 7
93 776 10
94 785 9
95 794 9
96 803 9
97 812 9
98 821 9
99 830 9
100 838 8
101 847 9
102 855 8
103 864 9
104 874 10
105 884 10
106 893 9
107 901 8
108 910 9
109 916 6
110 925 9
111 932 7
112 942 10
113 952 10
114 961 9
115 971 10
116 980 9
117 989 9
118 999 10
119 1009 10
120 1017 8
121 1026 9
122 1035 9
123 1044 9
124 1053 9
125 1063 10
126 1072 9
127 1082 10
128 1091 9
129 1101 10
130 1111 10
131 1121 10
132 1129 8
133 1139 10
134 1149 10
135 1157 8
136 1167 10
137 1176 9
138 1186 10
139 1196 10
140 1205 9
141 1215 10
142 1223 8
143 1233 10
144 1242 9
145 1251 9
146 1261 10
147 1270 9
148 1280 10
149 1289 9
150 1299 10
151 1307 8
152 1316 9
153 1324 8
154 1332 8
155 1340 8
156 1349 9
157 1359 10
158 1367 8
159 1376 9
160 1385 9
161 1391 6
162 1401 10
163 1409 8
164 1417 8
165 1426 9
166 1435 9
167 1442 7
168 1450 8
169 1460 10
170 1468 8
171 1476 8
172 1485 9
173 1495 10
174 1504 9
175 1513 9
176 1521 8
177 1529 8
178 1539 10
179 1548 9
180 1555 7
181 1561 6
182 1569 8
183 1577 8
184 1586 9
185 1596 10
186 1604 8
187 1614 10
188 1623 9
189 1633 10
190 1643 10
191 1652 9
192 1662 10
193 1670 8
194 1680 10
195 1688 8
196 1698 10
197 1702 4
198 1710 8
199 1717 7
200 1726 9
201 1736 10
202 1746 10
203 1754 8
204 1764 10
205 1771 7
206 1779 8
207 1788 9
208 1797 9
209 1807 10
210 1816 9
211 1824 8
212 1834 10
213 1842 8
214 1849 7
215 1859 10
216 1868 9
217 1875 7
218 1884 9
219 1893 9
220 1902 9
221 1911 9
222 1921 10
223 1929 8
224 1937 8
225 1947 10
226 1957 10
227 1967 10
228 1976 9
229 1985 9
230 1994 9
231 2003 9
232 2011 8
233 2020 9
234 2030 10
235 2038 8
236 2048 10
237 2058 10
238 2068 10
239 2078 10
240 2087 9
241 2097 10
242 2106 9
243 2115 9
244 2125 10
245 2133 8
246 2141 8
247 2149 8
248 2159 10
249 2168 9
250 2178 10
251 2188 10
252 2196 8
253 2204 8
254 2212 8
255 2222 10
256 2230 8
257 2239 9
258 2248 9
259 2258 10
260 2266 8
261 2275 9
262 2285 10
263 2294 9
264 2304 10
265 2313 9
266 2323 10
267 2331 8
268 2341 10
269 2350 9
270 2360 10
271 2369 9
272 2379 10
273 2388 9
274 2395 7
275 2404 9
276 2414 10
277 2424 10
278 2433 9
279 2443 10
280 2453 10
281 2463 10
282 2472 9
283 2480 8
284 2490 10
285 2499 9
286 2508 9
287 2515 7
288 2523 8
289 2532 9
290 2542 10
291 2550 8
292 2560 10
293 2568 8
294 2576 8
295 2584 8
296 2592 8
297 2602 10
298 2611 9
299 2621 10
300 2629 8
301 2638 9
302 2648 10
303 2658 10
304 2667 9
305 2677 10
306 2687 10
307 2696 9
308 2705 9
309 2714 9
310 2722 8
311 2730 8
312 2739 9
313 2748 9
314 2758 10
315 2767 9
316 2773 6
317 2782 9
318 2790 8
319 2800 10
320 2810 10
321 2820 10
322 2828 8
323 2836 8
324 2845 9
325 2853 8
326 2863 10
327 2871 8
328 2881 10
329 2890 9
330 2898 8
331 2908 10
332 2917 9
333 2924 7
334 2932 8
335 2940 8
336 2949 9
337 2958 9
338 2967 9
339 2975 8
340 2984 9
341 2993 9
342 3001 8
343 3010 9
344 3020 10
345 3029 9
346 3036 7
347 3045 9
348 3055 10
349 3064 9
350 3073 9
351 3082 9
352 3091 9
353 3100 9
354 3108 8
355 3118 10
356 3125 7
357 3134 9
358 3144 10
359 3154 10
360 3160 6
361 3169 9
362 3178 9
363 3186 8
364 3196 10
365 3203 7
366 3213 10
367 3220 7
368 3230 10
369 3239 9
370 3249 10
371 3259 10
372 3268 9
373 3278 10
374 3288 10
375 3297 9
376 3305 8
377 3313 8
378 3322 9
379 3331 9
380 3340 9
381 3349 9
382 3358 9
383 3366 8
384 3373 7
385 3381 8
386 3391 10
387 3399 8
388 3408 9
389 3418 10
390 3426 8
391 3435 9
392 3445 10
393 3455 10
394 3462 7
395 3472 10
396 3482 10
397 3491 9
398 3500 9
399 3508 8
400 3518 10
401 3527 9
402 3535 8
403 3544 9
404 3553 9
405 3563 10
406 3572 9
407 3580 8
408 3590 10
409 3598 8
410 3605 7
411 3615 10
412 3625 10
413 3632 7
414 3640 8
415 3648 8
416 3658 10
417 3666 8
418 3675 9
419 3684 9
420 3692 8
421 3702 10
422 3712 10
423 3722 10
424 3731 9
425 3738 7
426 3747 9
427 3756 9
428 3765 9
429 3774 9
430 3784 10
431 3794 10
432 3803 9
433 3812 9
434 3821 9
435 3830 9
436 3839 9
437 3848 9
438 3857 9
439 3867 10
440 3877 10
441 3887 10
442 3893 6
443 3902 9
444 3912 10
445 3922 10
446 3931 9
447 3941 10
448 3950 9
449 3959 9
450 3967 8
451 3976 9
452 3985 9
453 3994 9
454 4003 9
455 4012 9
456 4020 8
457 4029 9
458 4039 10
459 4048 9
460 4056 8
461 4066 10
462 4076 10
463 4083 7
464 4093 10
465 4101 8
466 4110 9
467 4118 8
468 4127 9
469 4135 8
470 4143 8
471 4149 6
472 4158 9
473 4167 9
474 4177 10
475 4187 10
476 4197 10
477 4206 9
478 4216 10
479 4225 9
480 4235 10
481 4244 9
482 4253 9
483 4263 10
484 4271 8
485 4280 9
486 4290 10
487 4300 10
488 4308 8
489 4318 10
490 4328 10
491 4336 8
492 4345 9
493 4354 9
494 4363 9
495 4372 9
496 4381 9
497 4391 10
498 4400 9
499 4410 10
500 4419 9
