1 4 4
2 10 6
3 16 6
4 21 5
5 28 7
6 34 6
7 41 7
8 48 7
9 55 7
10 62 7
11 68 6
12 76 8
13 84 8
14 93 9
15 101 8
16 108 7
17 117 9
18 123 6
19 130 7
20 139 9
21 146 7
22 156 10
23 166 10
24 174 8
25 181 7
26 191 10
27 196 5
28 202 6
29 210 8
30 218 8
31 226 8
32 235 9
33 244 9
34 253 9
35 263 10
36 272 9
37 281 9
38 289 8
39 298 9
40 306 8
41 316 10
42 322 6
43 331 9
44 338 7
45 345 7
46 354 9
47 364 10
48 373 9
49 383 10
50 392 9
51 402 10
52 411 9
53 418 7
54 426 8
55 434 8
56 444 10
57 453 9
58 461 8
59 470 9
60 479 9
61 488 9
62 495 7
63 505 10
64 515 10
65 523 8
66 531 8
67 538 7
68 544 6
69 551 7
70 560 9
71 568 8
72 578 10
73 588 10
74 596 8
75 604 8
76 614 10
77 623 9
78 631 8
79 640 9
80 650 10
81 657 7
82 665 8
83 675 10
84 683 8
85 693 10
86 702 9
87 712 10
88 719 7
89 728 9
90 736 8
91 746 10
92 754 8
93 763 9
94 773 10
95 783 10
96 793 10
97 801 8
98 811 10
99 819 8
100 829 10
101 838 9
102 847 9
103 856 9
104 863 7
105 872 9
106 881 9
107 889 8
108 899 10
109 907 8
110 916 9
111 925 9
112 933 8
113 943 10
114 952 9
115 960 8
116 970 10
117 978 8
118 986 8
119 996 10
120 1004 8
121 1014 10
122 1022 8
123 1031 9
124 1039 8
125 1049 10
126 1059 10
127 1068 9
128 1077 9
129 1086 9
130 1096 10
131 1106 10
132 1116 10
133 1124 8
134 1132 8
135 1142 10
136 1150 8
137 1158 8
138 1164 6
139 1173 9
140 1182 9
141 1191 9
142 1199 8
143 1208 9
144 1215 7
145 1222 7
146 1230 8
147 1240 10
148 1248 8
149 1258 10
150 1267 9
151 1275 8
152 1285 10
153 1295 10
154 1304 9
155 1313 9
156 1322 9
157 1332 10
158 1341 9
159 1348 7
160 1357 9
161 1366 9
162 1375 9
163 1384 9
164 1394 10
165 1402 8
166 1412 10
167 1422 10
168 1432 10
169 1442 10
170 1450 8
171 1458 8
172 1468 10
173 1476 8
174 1486 10
175 1493 7
176 1501 8
177 1511 10
178 1518 7
179 1527 9
180 1536 9
181 1545 9
182 1554 9
183 1563 9
184 1572 9
185 1580 8
186 1588 8
187 1598 10
188 1607 9
189 1615 8
190 1625 10
191 1634 9
192 1643 9
193 1653 10
194 1662 9
195 1672 10
196 1681 9
197 1690 9
198 1700 10
199 1710 10
200 1718 8
201 1728 10
202 1738 10
203 1746 8
204 1756 10
205 1765 9
206 1774 9
207 1782 8
208 1792 10
209 1801 9
210 1809 8
211 1817 8
212 1826 9
213 1836 10
214 1845 9
215 1854 9
216 1862 8
217 1872 10
218 1881 9
219 1890 9
220 1900 10
221 1909 9
222 1917 8
223 1927 10
224 1936 9
225 1946 10
226 1955 9
227 1965 10
228 1975 10
229 1984 9
230 1993 9
231 2003 10
232 2011 8
233 2020 9
234 2029 9
235 2039 10
236 2049 10
237 2056 7
238 2064 8
239 2073 9
240 2082 9
241 2092 10
242 2100 8
243 2110 10
244 2119 9
245 2127 8
246 2136 9
247 2145 9
248 2155 10
249 2165 10
250 2174 9
251 2184 10
252 2194 10
253 2202 8
254 2210 8
255 2220 10
256 2229 9
257 2238 9
258 2245 7
259 2254 9
260 2264 10
261 2274 10
262 2283 9
263 2291 8
264 2301 10
265 2310 9
266 2319 9
267 2329 10
268 2336 7
269 2345 9
270 2355 10
271 2365 10
272 2373 8
273 2383 10
274 2393 10
275 2401 8
276 2411 10
277 2419 8
278 2429 10
279 2438 9
280 2447 9
281 2457 10
282 2465 8
283 2473 8
284 2482 9
285 2491 9
286 2501 10
287 2510 9
288 2520 10
289 2530 10
290 2540 10
291 2550 10
292 2560 10
293 2570 10
294 2579 9
295 2589 10
296 2598 9
297 2607 9
298 2615 8
299 2625 10
300 2632 7
301 2640 8
302 2650 10
303 2660 10
304 2670 10
305 2680 10
306 2690 10
307 2699 9
308 2707 8
309 2715 8
310 2724 9
311 2733 9
312 2741 8
313 2751 10
314 2761 10
315 2768 7
316 2777 9
317 2786 9
318 2796 10
319 2805 9
320 2812 7
321 2821 9
322 2830 9
323 2839 9
324 2848 9
325 2857 9
326 2867 10
327 2877 10
328 2887 10
329 2896 9
330 2906 10
331 2915 9
332 2925 10
333 2935 10
334 2944 9
335 2952 8
336 2962 10
337 2970 8
338 2980 10
339 2989 9
340 2998 9
341 3005 7
342 3014 9
343 3023 9
344 3031 8
345 3040 9
346 3050 10
347 3058 8
348 3067 9
349 3076 9
350 3085 9
351 3093 8
352 3102 9
353 3112 10
354 3120 8
355 3129 9
356 3139 10
357 3148 9
358 3158 10
359 3168 10
360 3178 10
361 3186 8
362 3195 9
363 3203 8
364 3212 9
365 3220 8
366 3228 8
367 3236 8
368 3246 10
369 3254 8
370 3263 9
371 3273 10
372 3281 8
373 3291 10
374 3300 9
375 3310 10
376 3320 10
377 3329 9
378 3337 8
379 3347 10
380 3357 10
381 3365 8
382 3375 10
383 3385 10
384 3391 6
385 3397 6
386 3406 9
387 3415 9
388 3425 10
389 3435 10
390 3444 9
391 3453 9
392 3462 9
393 3471 9
394 3481 10
395 3491 10
396 3501 10
397 3509 8
398 3519 10
399 3529 10
400 3538 9
401 3548 10
402 3557 9
403 3566 9
404 3575 9
405 3585 10
406 3595 10
407 3604 9
408 3614 10
409 3624 10
410 3632 8
411 3640 8
412 3648 8
413 3658 10
414 3667 9
415 3676 9
416 3685 9
417 3694 9
418 3703 9
419 3713 10
420 3722 9
421 3732 10
422 3741 9
423 3750 9
424 3759 9
425 3769 10
426 3779 10
427 3789 10
428 3799 10
429 3809 10
430 3819 10
431 3828 9
432 3837 9
433 3846 9
434 3856 10
435 3865 9
436 3875 10
437 3884 9
438 3894 10
439 3904 10
440 3914 10
441 3923 9
442 3931 8
443 3941 10
444 3951 10
445 3961 10
446 3971 10
447 3980 9
448 3988 8
449 3996 8
450 4005 9
451 4014 9
452 4024 10
453 4033 9
454 4042 9
455 4051 9
456 4061 10
457 4071 10
458 4080 9
459 4090 10
460 4098 8
461 4105 7
462 4115 10
463 4125 10
464 4134 9
465 4144 10
466 4154 10
467 4164 10
468 4173 9
469 4180 7
470 4189 9
471 4199 10
472 4208 9
473 4216 8
474 4225 9
475 4233 8
476 4241 8
477 4251 10
478 4260 9
479 4267 7
480 4276 9
481 4285 9
482 4294 9
483 4304 10
484 4311 7
485 4320 9
486 4328 8
487 4338 10
488 4346 8
489 4355 9
490 4364 9
491 4373 9
492 4382 9
493 4392 10
494 4399 7
495 4409 10
496 4419 10
497 4429 10
498 4438 9
499 4447 9
500 4456 9
