1 8 8
2 13 5
3 20 7
4 26 6
5 29 3
6 32 3
7 41 9
8 48 7
9 57 9
10 63 6
11 70 7
12 76 6
13 85 9
14 94 9
15 102 8
16 108 6
17 116 8
18 124 8
19 133 9
20 139 6
21 147 8
22 153 6
23 161 8
24 169 8
25 179 10
26 186 7
27 196 10
28 205 9
29 213 8
30 222 9
31 232 10
32 241 9
33 250 9
34 258 8
35 268 10
36 277 9
37 286 9
38 295 9
39 304 9
40 313 9
41 322 9
42 332 10
43 342 10
44 351 9
45 359 8
46 368 9
47 375 7
48 385 10
49 395 10
50 404 9
51 412 8
52 422 10
53 431 9
54 440 9
55 449 9
56 458 9
57 466 8
58 474 8
59 484 10
60 494 10
61 500 6
62 508 8
63 516 8
64 525 9
65 531 6
66 540 9
67 550 10
68 558 8
69 568 10
70 578 10
71 586 8
72 595 9
73 604 9
74 610 6
75 618 8
76 628 10
77 637 9
78 646 9
79 654 8
80 664 10
81 673 9
82 681 8
83 689 8
84 698 9
85 708 10
86 717 9
87 725 8
88 733 8
89 742 9
90 751 9
91 761 10
92 769 8
93 778 9
94 786 8
95 793 7
96 799 6
97 808 9
98 817 9
99 827 10
100 837 10
101 845 8
102 853 8
103 862 9
104 871 9
105 880 9
106 888 8
107 898 10
108 907 9
109 916 9
110 924 8
111 934 10
112 943 9
113 953 10
114 963 10
115 972 9
116 982 10
117 989 7
118 999 10
119 1008 9
120 1018 10
121 1028 10
122 1036 8
123 1045 9
124 1055 10
125 1065 10
126 1075 10
127 1084 9
128 1094 10
129 1103 9
130 1113 10
131 1121 8
132 1131 10
133 1139 8
134 1148 9
135 1157 9
136 1166 9
137 1176 10
138 1182 6
139 1189 7
140 1198 9
141 1207 9
142 1217 10
143 1226 9
144 1235 9
145 1245 10
146 1254 9
147 1263 9
148 1273 10
149 1282 9
150 1291 9
151 1298 7
152 1305 7
153 1314 9
154 1324 10
155 1333 9
156 1342 9
157 1349 7
158 1357 8
159 1365 8
160 1373 8
161 1383 10
162 1390 7
163 1398 8
164 1408 10
165 1418 10
166 1427 9
167 1436 9
168 1446 10
169 1456 10
170 1466 10
171 1476 10
172 1486 10
173 1495 9
174 1503 8
175 1512 9
176 1521 9
177 1530 9
178 1536 6
179 1544 8
180 1552 8
181 1562 10
182 1570 8
183 1580 10
184 1588 8
185 1598 10
186 1608 10
187 1616 8
188 1625 9
189 1634 9
190 1644 10
191 1653 9
192 1661 8
193 1668 7
194 1677 9
195 1687 10
196 1697 10
197 1707 10
198 1716 9
199 1725 9
200 1733 8
201 1742 9
202 1751 9
203 1760 9
204 1768 8
205 1777 9
206 1786 9
207 1796 10
208 1806 10
209 1816 10
210 1825 9
211 1832 7
212 1841 9
213 1851 10
214 1860 9
215 1870 10
216 1880 10
217 1889 9
218 1899 10
219 1909 10
220 1919 10
221 1928 9
222 1938 10
223 1948 10
224 1957 9
225 1965 8
226 1973 8
227 1983 10
228 1991 8
229 2001 10
230 2007 6
231 2016 9
232 2023 7
233 2032 9
234 2041 9
235 2049 8
236 2059 10
237 2069 10
238 2079 10
239 2089 10
240 2098 9
241 2107 9
242 2115 8
243 2125 10
244 2133 8
245 2143 10
246 2153 10
247 2162 9
248 2170 8
249 2180 10
250 2190 10
251 2199 9
252 2209 10
253 2219 10
254 2227 8
255 2237 10
256 2246 9
257 2256 10
258 2265 9
259 2272 7
260 2282 10
261 2292 10
262 2301 9
263 2310 9
264 2320 10
265 2330 10
266 2340 10
267 2349 9
268 2358 9
269 2366 8
270 2375 9
271 2385 10
272 2395 10
273 2405 10
274 2415 10
275 2425 10
276 2434 9
277 2443 9
278 2451 8
279 2461 10
280 2470 9
281 2480 10
282 2490 10
283 2498 8
284 2508 10
285 2516 8
286 2525 9
287 2535 10
288 2543 8
289 2553 10
290 2562 9
291 2572 10
292 2581 9
293 2589 8
294 2597 8
295 2604 7
296 2612 8
297 2621 9
298 2631 10
299 2638 7
300 2648 10
301 2658 10
302 2665 7
303 2673 8
304 2682 9
305 2692 10
306 2702 10
307 2712 10
308 2720 8
309 2729 9
310 2739 10
311 2749 10
312 2758 9
313 2767 9
314 2775 8
315 2784 9
316 2793 9
317 2802 9
318 2811 9
319 2820 9
320 2830 10
321 2840 10
322 2850 10
323 2859 9
324 2869 10
325 2879 10
326 2888 9
327 2898 10
328 2906 8
329 2916 10
330 2926 10
331 2936 10
332 2946 10
333 2956 10
334 2966 10
335 2975 9
336 2985 10
337 2993 8
338 3003 10
339 3013 10
340 3022 9
341 3031 9
342 3040 9
343 3048 8
344 3057 9
345 3064 7
346 3074 10
347 3083 9
348 3093 10
349 3102 9
350 3112 10
351 3120 8
352 3130 10
353 3140 10
354 3149 9
355 3159 10
356 3169 10
357 3179 10
358 3188 9
359 3196 8
360 3205 9
361 3214 9
362 3222 8
363 3232 10
364 3240 8
365 3250 10
366 3260 10
367 3269 9
368 3279 10
369 3288 9
370 3298 10
371 3308 10
372 3318 10
373 3327 9
374 3337 10
375 3347 10
376 3357 10
377 3367 10
378 3374 7
379 3384 10
380 3391 7
381 3401 10
382 3410 9
383 3420 10
384 3430 10
385 3440 10
386 3450 10
387 3459 9
388 3468 9
389 3477 9
390 3485 8
391 3494 9
392 3502 8
393 3512 10
394 3521 9
395 3530 9
396 3540 10
397 3548 8
398 3557 9
399 3566 9
400 3575 9
401 3584 9
402 3593 9
403 3603 10
404 3612 9
405 3621 9
406 3631 10
407 3640 9
408 3650 10
409 3660 10
410 3669 9
411 3678 9
412 3688 10
413 3697 9
414 3706 9
415 3714 8
416 3722 8
417 3730 8
418 3740 10
419 3750 10
420 3758 8
421 3767 9
422 3777 10
423 3786 9
424 3796 10
425 3806 10
426 3815 9
427 3823 8
428 3833 10
429 3842 9
430 3850 8
431 3860 10
432 3870 10
433 3880 10
434 3889 9
435 3899 10
436 3909 10
437 3919 10
438 3928 9
439 3938 10
440 3948 10
441 3958 10
442 3966 8
443 3974 8
444 3984 10
445 3993 9
446 4003 10
447 4013 10
448 4023 10
449 4032 9
450 4041 9
451 4050 9
452 4060 10
453 4069 9
454 4079 10
455 4089 10
456 4098 9
457 4108 10
458 4117 9
459 4124 7
460 4132 8
461 4142 10
462 4152 10
463 4160 8
464 4170 10
465 4178 8
466 4188 10
467 4197 9
468 4206 9
469 4215 9
470 4224 9
471 4234 10
472 4244 10
473 4253 9
474 4262 9
475 4271 9
476 4281 10
477 4291 10
478 4300 9
479 4310 10
480 4318 8
481 4327 9
482 4337 10
483 4346 9
484 4355 9
485 4365 10
486 4373 8
487 4382 9
488 4391 9
489 4401 10
490 4411 10
491 4420 9
492 4430 10
493 4437 7
494 4447 10
495 4456 9
496 4466 10
497 4476 10
498 4486 10
499 4495 9
500 4504 9
