1 3 3
2 7 4
3 13 6
4 20 7
5 26 6
6 34 8
7 39 5
8 46 7
9 55 9
10 63 8
11 72 9
12 80 8
13 86 6
14 94 8
15 101 7
16 107 6
17 114 7
18 122 8
19 126 4
20 133 7
21 139 6
22 146 7
23 153 7
24 161 8
25 171 10
26 181 10
27 191 10
28 199 8
29 208 9
30 217 9
31 224 7
32 234 10
33 243 9
34 253 10
35 263 10
36 273 10
37 283 10
38 292 9
39 299 7
40 308 9
41 318 10
42 327 9
43 337 10
44 345 8
45 354 9
46 363 9
47 371 8
48 377 6
49 383 6
50 393 10
51 402 9
52 411 9
53 418 7
54 423 5
55 432 9
56 441 9
57 449 8
58 456 7
59 465 9
60 474 9
61 484 10
62 494 10
63 502 8
64 511 9
65 519 8
66 528 9
67 533 5
68 542 9
69 551 9
70 558 7
71 565 7
72 575 10
73 583 8
74 591 8
75 599 8
76 608 9
77 617 9
78 626 9
79 636 10
80 643 7
81 650 7
82 659 9
83 669 10
84 677 8
85 685 8
86 693 8
87 701 8
88 710 9
89 719 9
90 727 8
91 736 9
92 745 9
93 755 10
94 765 10
95 775 10
96 785 10
97 792 7
98 802 10
99 811 9
100 819 8
101 829 10
102 837 8
103 847 10
104 857 10
105 867 10
106 875 8
107 883 8
108 892 9
109 898 6
110 908 10
111 917 9
112 927 10
113 937 10
114 945 8
115 953 8
116 962 9
117 970 8
118 977 7
119 986 9
120 994 8
121 1003 9
122 1013 10
123 1023 10
124 1032 9
125 1040 8
126 1049 9
127 1059 10
128 1068 9
129 1078 10
130 1086 8
131 1095 9
132 1104 9
133 1113 9
134 1123 10
135 1133 10
136 1142 9
137 1151 9
138 1159 8
139 1168 9
140 1176 8
141 1185 9
142 1194 9
143 1203 9
144 1213 10
145 1221 8
146 1230 9
147 1240 10
148 1249 9
149 1259 10
150 1268 9
151 1278 10
152 1287 9
153 1297 10
154 1304 7
155 1314 10
156 1323 9
157 1333 10
158 1340 7
159 1348 8
160 1356 8
161 1364 8
162 1373 9
163 1381 8
164 1391 10
165 1398 7
166 1408 10
167 1417 9
168 1424 7
169 1433 9
170 1442 9
171 1451 9
172 1461 10
173 1470 9
174 1480 10
175 1488 8
176 1496 8
177 1506 10
178 1514 8
179 1524 10
180 1534 10
181 1544 10
182 1554 10
183 1563 9
184 1573 10
185 1583 10
186 1593 10
187 1603 10
188 1613 10
189 1623 10
190 1632 9
191 1641 9
192 1651 10
193 1659 8
194 1667 8
195 1675 8
196 1685 10
197 1694 9
198 1704 10
199 1713 9
200 1723 10
201 1733 10
202 1743 10
203 1749 6
204 1759 10
205 1768 9
206 1778 10
207 1788 10
208 1796 8
209 1806 10
210 1815 9
211 1825 10
212 1834 9
213 1842 8
214 1851 9
215 1860 9
216 1868 8
217 1878 10
218 1887 9
219 1896 9
220 1906 10
221 1916 10
222 1925 9
223 1934 9
224 1943 9
225 1953 10
226 1961 8
227 1971 10
228 1981 10
229 1991 10
230 2001 10
231 2010 9
232 2018 8
233 2028 10
234 2036 8
235 2046 10
236 2055 9
237 2065 10
238 2074 9
239 2083 9
240 2093 10
241 2101 8
242 2109 8
243 2118 9
244 2127 9
245 2136 9
246 2146 10
247 2155 9
248 2164 9
249 2173 9
250 2183 10
251 2193 10
252 2202 9
253 2212 10
254 2221 9
255 2231 10
256 2241 10
257 2250 9
258 2260 10
259 2267 7
260 2275 8
261 2284 9
262 2293 9
263 2303 10
264 2313 10
265 2323 10
266 2333 10
267 2343 10
268 2352 9
269 2361 9
270 2371 10
271 2381 10
272 2390 9
273 2398 8
274 2407 9
275 2415 8
276 2423 8
277 2432 9
278 2441 9
279 2451 10
280 2460 9
281 2470 10
282 2479 9
283 2488 9
284 2497 9
285 2507 10
286 2517 10
287 2525 8
288 2535 10
289 2544 9
290 2554 10
291 2564 10
292 2573 9
293 2583 10
294 2593 10
295 2602 9
296 2610 8
297 2619 9
298 2629 10
299 2638 9
300 2646 8
301 2654 8
302 2664 10
303 2674 10
304 2684 10
305 2693 9
306 2703 10
307 2713 10
308 2723 10
309 2731 8
310 2740 9
311 2750 10
312 2760 10
313 2770 10
314 2780 10
315 2789 9
316 2798 9
317 2808 10
318 2818 10
319 2828 10
320 2837 9
321 2846 9
322 2856 10
323 2866 10
324 2876 10
325 2886 10
326 2894 8
327 2903 9
328 2912 9
329 2922 10
330 2931 9
331 2941 10
332 2950 9
333 2959 9
334 2967 8
335 2977 10
336 2987 10
337 2997 10
338 3007 10
339 3017 10
340 3027 10
341 3037 10
342 3047 10
343 3056 9
344 3065 9
345 3074 9
346 3082 8
347 3090 8
348 3099 9
349 3109 10
350 3117 8
351 3127 10
352 3133 6
353 3143 10
354 3152 9
355 3162 10
356 3170 8
357 3179 9
358 3189 10
359 3199 10
360 3209 10
361 3217 8
362 3227 10
363 3236 9
364 3246 10
365 3256 10
366 3266 10
367 3276 10
368 3285 9
369 3293 8
370 3303 10
371 3311 8
372 3321 10
373 3329 8
374 3336 7
375 3345 9
376 3355 10
377 3362 7
378 3371 9
379 3381 10
380 3388 7
381 3397 9
382 3406 9
383 3415 9
384 3423 8
385 3431 8
386 3441 10
387 3447 6
388 3457 10
389 3467 10
390 3477 10
391 3485 8
392 3495 10
393 3504 9
394 3514 10
395 3524 10
396 3533 9
397 3542 9
398 3552 10
399 3561 9
400 3571 10
401 3580 9
402 3590 10
403 3600 10
404 3609 9
405 3618 9
406 3628 10
407 3638 10
408 3648 10
409 3657 9
410 3667 10
411 3676 9
412 3685 9
413 3694 9
414 3703 9
415 3712 9
416 3721 9
417 3729 8
418 3739 10
419 3747 8
420 3757 10
421 3767 10
422 3776 9
423 3786 10
424 3793 7
425 3803 10
426 3813 10
427 3822 9
428 3830 8
429 3840 10
430 3847 7
431 3857 10
432 3867 10
433 3876 9
434 3885 9
435 3895 10
436 3905 10
437 3915 10
438 3924 9
439 3934 10
440 3944 10
441 3954 10
442 3963 9
443 3973 10
444 3983 10
445 3993 10
446 4002 9
447 4012 10
448 4019 7
449 4027 8
450 4037 10
451 4047 10
452 4057 10
453 4067 10
454 4075 8
455 4085 10
456 4095 10
457 4105 10
458 4115 10
459 4125 10
460 4135 10
461 4142 7
462 4151 9
463 4159 8
464 4168 9
465 4177 9
466 4185 8
467 4195 10
468 4205 10
469 4215 10
470 4223 8
471 4232 9
472 4242 10
473 4252 10
474 4261 9
475 4271 10
476 4279 8
477 4287 8
478 4297 10
479 4307 10
480 4316 9
481 4324 8
482 4334 10
483 4344 10
484 4353 9
485 4363 10
486 4372 9
487 4381 9
488 4390 9
489 4400 10
490 4409 9
491 4417 8
492 4427 10
493 4436 9
494 4446 10
495 4455 9
496 4465 10
497 4473 8
498 4483 10
499 4491 8
500 4501 10
