1 5 5
2 12 7
3 19 7
4 25 6
5 32 7
6 40 8
7 49 9
8 54 5
9 59 5
10 68 9
11 76 8
12 81 5
13 89 8
14 95 6
15 101 6
16 111 10
17 119 8
18 127 8
19 133 6
20 141 8
21 147 6
22 151 4
23 158 7
24 165 7
25 173 8
26 181 8
27 189 8
28 197 8
29 206 9
30 214 8
31 219 5
32 229 10
33 239 10
34 246 7
35 255 9
36 264 9
37 274 10
38 282 8
39 291 9
40 300 9
41 306 6
42 315 9
43 323 8
44 329 6
45 338 9
46 347 9
47 356 9
48 365 9
49 375 10
50 383 8
51 391 8
52 401 10
53 409 8
54 417 8
55 426 9
56 435 9
57 441 6
58 446 5
59 452 6
60 459 7
61 467 8
62 477 10
63 487 10
64 493 6
65 503 10
66 511 8
67 521 10
68 530 9
69 539 9
70 546 7
71 556 10
72 563 7
73 573 10
74 583 10
75 593 10
76 602 9
77 611 9
78 620 9
79 630 10
80 639 9
81 649 10
82 657 8
83 666 9
84 671 5
85 680 9
86 689 9
87 699 10
88 709 10
89 718 9
90 728 10
91 738 10
92 748 10
93 757 9
94 766 9
95 776 10
96 785 9
97 794 9
98 802 8
99 810 8
100 819 9
101 829 10
102 839 10
103 849 10
104 857 8
105 866 9
106 876 10
107 885 9
108 895 10
109 904 9
110 913 9
111 923 10
112 932 9
113 941 9
114 950 9
115 959 9
116 968 9
117 977 9
118 986 9
119 996 10
120 1006 10
121 1016 10
122 1026 10
123 1036 10
124 1046 10
125 1056 10
126 1066 10
127 1076 10
128 1085 9
129 1094 9
130 1103 9
131 1112 9
132 1121 9
133 1131 10
134 1141 10
135 1151 10
136 1160 9
137 1168 8
138 1178 10
139 1186 8
140 1194 8
141 1203 9
142 1212 9
143 1221 9
144 1230 9
145 1238 8
146 1247 9
147 1257 10
148 1267 10
149 1276 9
150 1285 9
151 1294 9
152 1303 9
153 1313 10
154 1323 10
155 1332 9
156 1342 10
157 1352 10
158 1361 9
159 1370 9
160 1375 5
161 1384 9
162 1394 10
163 1404 10
164 1412 8
165 1421 9
166 1430 9
167 1438 8
168 1446 8
169 1456 10
170 1466 10
171 1475 9
172 1484 9
173 1494 10
174 1502 8
175 1511 9
176 1521 10
177 1529 8
178 1538 9
179 1548 10
180 1558 10
181 1568 10
182 1578 10
183 1587 9
184 1597 10
185 1606 9
186 1615 9
187 1623 8
188 1633 10
189 1641 8
190 1651 10
191 1661 10
192 1670 9
193 1679 9
194 1689 10
195 1699 10
196 1709 10
197 1719 10
198 1729 10
199 1739 10
200 1749 10
201 1759 10
202 1769 10
203 1778 9
204 1787 9
205 1796 9
206 1806 10
207 1813 7
208 1821 8
209 1831 10
210 1841 10
211 1851 10
212 1860 9
213 1869 9
214 1879 10
215 1889 10
216 1899 10
217 1909 10
218 1918 9
219 1926 8
220 1936 10
221 1945 9
222 1955 10
223 1964 9
224 1972 8
225 1980 8
226 1988 8
227 1997 9
228 2006 9
229 2015 9
230 2024 9
231 2033 9
232 2043 10
233 2053 10
234 2063 10
235 2073 10
236 2083 10
237 2093 10
238 2103 10
239 2113 10
240 2123 10
241 2131 8
242 2139 8
243 2146 7
244 2156 10
245 2164 8
246 2174 10
247 2183 9
248 2192 9
249 2201 9
250 2209 8
251 2219 10
252 2228 9
253 2238 10
254 2248 10
255 2257 9
256 2267 10
257 2277 10
258 2287 10
259 2296 9
260 2305 9
261 2314 9
262 2323 9
263 2332 9
264 2342 10
265 2352 10
266 2361 9
267 2370 9
268 2380 10
269 2390 10
270 2399 9
271 2409 10
272 2418 9
273 2426 8
274 2436 10
275 2445 9
276 2455 10
277 2465 10
278 2474 9
279 2484 10
280 2494 10
281 2502 8
282 2511 9
283 2520 9
284 2530 10
285 2538 8
286 2546 8
287 2555 9
288 2563 8
289 2572 9
290 2581 9
291 2591 10
292 2600 9
293 2609 9
294 2619 10
295 2628 9
296 2637 9
297 2647 10
298 2656 9
299 2664 8
300 2673 9
301 2680 7
302 2689 9
303 2699 10
304 2709 10
305 2717 8
306 2724 7
307 2734 10
308 2744 10
309 2754 10
310 2764 10
311 2774 10
312 2782 8
313 2792 10
314 2800 8
315 2809 9
316 2818 9
317 2828 10
318 2837 9
319 2846 9
320 2855 9
321 2864 9
322 2872 8
323 2881 9
324 2890 9
325 2898 8
326 2908 10
327 2916 8
328 2925 9
329 2934 9
330 2944 10
331 2953 9
332 2961 8
333 2971 10
334 2980 9
335 2990 10
336 3000 10
337 3009 9
338 3019 10
339 3029 10
340 3039 10
341 3048 9
342 3058 10
343 3065 7
344 3074 9
345 3084 10
346 3093 9
347 3103 10
348 3113 10
349 3121 8
350 3129 8
351 3137 8
352 3147 10
353 3155 8
354 3164 9
355 3173 9
356 3182 9
357 3191 9
358 3200 9
359 3208 8
360 3217 9
361 3226 9
362 3234 8
363 3242 8
364 3251 9
365 3261 10
366 3271 10
367 3280 9
368 3290 10
369 3300 10
370 3309 9
371 3319 10
372 3329 10
373 3339 10
374 3347 8
375 3357 10
376 3367 10
377 3376 9
378 3386 10
379 3396 10
380 3406 10
381 3416 10
382 3426 10
383 3436 10
384 3444 8
385 3454 10
386 3464 10
387 3474 10
388 3484 10
389 3494 10
390 3504 10
391 3514 10
392 3524 10
393 3534 10
394 3544 10
395 3550 6
396 3558 8
397 3566 8
398 3576 10
399 3585 9
400 3595 10
401 3605 10
402 3612 7
403 3621 9
404 3631 10
405 3640 9
406 3649 9
407 3658 9
408 3667 9
409 3676 9
410 3685 9
411 3695 10
412 3704 9
413 3712 8
414 3721 9
415 3729 8
416 3739 10
417 3749 10
418 3759 10
419 3768 9
420 3778 10
421 3788 10
422 3798 10
423 3807 9
424 3815 8
425 3825 10
426 3835 10
427 3844 9
428 3854 10
429 3863 9
430 3871 8
431 3880 9
432 3889 9
433 3899 10
434 3909 10
435 3919 10
436 3928 9
437 3938 10
438 3948 10
439 3956 8
440 3966 10
441 3975 9
442 3985 10
443 3994 9
444 4002 8
445 4012 10
446 4021 9
447 4029 8
448 4038 9
449 4048 10
450 4058 10
451 4068 10
452 4077 9
453 4086 9
454 4094 8
455 4104 10
456 4112 8
457 4121 9
458 4129 8
459 4138 9
460 4147 9
461 4157 10
462 4166 9
463 4176 10
464 4185 9
465 4193 8
466 4203 10
467 4211 8
468 4221 10
469 4231 10
470 4241 10
471 4249 8
472 4258 9
473 4268 10
474 4278 10
475 4286 8
476 4296 10
477 4305 9
478 4315 10
479 4325 10
480 4334 9
481 4343 9
482 4352 9
483 4362 10
484 4369 7
485 4379 10
486 4389 10
487 4398 9
488 4407 9
489 4414 7
490 4424 10
491 4432 8
492 4440 8
493 4449 9
494 4459 10
495 4467 8
496 4476 9
497 4486 10
498 4495 9
499 4504 9
500 4514 10
