1 7 7
2 12 5
3 16 4
4 21 5
5 30 9
6 38 8
7 43 5
8 47 4
9 53 6
10 59 6
11 64 5
12 72 8
13 81 9
14 87 6
15 94 7
16 102 8
17 110 8
18 117 7
19 125 8
20 134 9
21 143 9
22 150 7
23 159 9
24 167 8
25 176 9
26 185 9
27 195 10
28 203 8
29 212 9
30 220 8
31 228 8
32 236 8
33 243 7
34 250 7
35 259 9
36 267 8
37 277 10
38 287 10
39 295 8
40 302 7
41 310 8
42 318 8
43 328 10
44 336 8
45 343 7
46 352 9
47 359 7
48 369 10
49 379 10
50 387 8
51 396 9
52 405 9
53 413 8
54 421 8
55 429 8
56 438 9
57 447 9
58 456 9
59 466 10
60 476 10
61 486 10
62 496 10
63 506 10
64 513 7
65 522 9
66 530 8
67 539 9
68 547 8
69 556 9
70 564 8
71 574 10
72 582 8
73 590 8
74 598 8
75 606 8
76 614 8
77 622 8
78 630 8
79 640 10
80 647 7
81 655 8
82 665 10
83 672 7
84 681 9
85 690 9
86 700 10
87 708 8
88 717 9
89 727 10
90 736 9
91 743 7
92 753 10
93 761 8
94 769 8
95 776 7
96 786 10
97 793 7
98 803 10
99 810 7
100 818 8
101 828 10
102 837 9
103 844 7
104 853 9
105 863 10
106 871 8
107 879 8
108 887 8
109 896 9
110 905 9
111 914 9
112 924 10
113 933 9
114 942 9
115 950 8
116 960 10
117 969 9
118 977 8
119 986 9
120 994 8
121 1004 10
122 1012 8
123 1022 10
124 1029 7
125 1037 8
126 1047 10
127 1056 9
128 1066 10
129 1073 7
130 1082 9
131 1091 9
132 1101 10
133 1110 9
134 1119 9
135 1126 7
136 1135 9
137 1145 10
138 1154 9
139 1164 10
140 1174 10
141 1179 5
142 1187 8
143 1195 8
144 1204 9
145 1213 9
146 1221 8
147 1231 10
148 1240 9
149 1250 10
150 1259 9
151 1268 9
152 1276 8
153 1285 9
154 1292 7
155 1301 9
156 1310 9
157 1320 10
158 1330 10
159 1339 9
160 1349 10
161 1359 10
162 1369 10
163 1378 9
164 1387 9
165 1397 10
166 1407 10
167 1416 9
168 1424 8
169 1433 9
170 1441 8
171 1451 10
172 1460 9
173 1469 9
174 1476 7
175 1486 10
176 1496 10
177 1504 8
178 1513 9
179 1522 9
180 1532 10
181 1541 9
182 1550 9
183 1559 9
184 1568 9
185 1577 9
186 1587 10
187 1597 10
188 1606 9
189 1614 8
190 1624 10
191 1633 9
192 1643 10
193 1652 9
194 1660 8
195 1669 9
196 1678 9
197 1687 9
198 1696 9
199 1706 10
200 1715 9
201 1725 10
202 1734 9
203 1742 8
204 1748 6
205 1756 8
206 1765 9
207 1772 7
208 1782 10
209 1791 9
210 1801 10
211 1811 10
212 1821 10
213 1829 8
214 1838 9
215 1846 8
216 1855 9
217 1865 10
218 1872 7
219 1880 8
220 1887 7
221 1894 7
222 1903 9
223 1911 8
224 1920 9
225 1929 9
226 1938 9
227 1945 7
228 1953 8
229 1962 9
230 1971 9
231 1980 9
232 1990 10
233 1998 8
234 2006 8
235 2016 10
236 2026 10
237 2036 10
238 2044 8
239 2052 8
240 2062 10
241 2070 8
242 2078 8
243 2087 9
244 2097 10
245 2107 10
246 2116 9
247 2126 10
248 2136 10
249 2142 6
250 2149 7
251 2157 8
252 2166 9
253 2176 10
254 2185 9
255 2194 9
256 2204 10
257 2213 9
258 2223 10
259 2233 10
260 2242 9
261 2252 10
262 2261 9
263 2270 9
264 2277 7
265 2284 7
266 2294 10
267 2303 9
268 2312 9
269 2321 9
270 2329 8
271 2337 8
272 2345 8
273 2354 9
274 2361 7
275 2370 9
276 2379 9
277 2388 9
278 2397 9
279 2406 9
280 2415 9
281 2424 9
282 2433 9
283 2443 10
284 2453 10
285 2463 10
286 2473 10
287 2483 10
288 2493 10
289 2499 6
290 2507 8
291 2517 10
292 2526 9
293 2535 9
294 2545 10
295 2554 9
296 2564 10
297 2574 10
298 2583 9
299 2593 10
300 2603 10
301 2613 10
302 2621 8
303 2631 10
304 2640 9
305 2649 9
306 2659 10
307 2668 9
308 2678 10
309 2687 9
310 2696 9
311 2706 10
312 2715 9
313 2724 9
314 2733 9
315 2743 10
316 2752 9
317 2761 9
318 2769 8
319 2778 9
320 2787 9
321 2796 9
322 2805 9
323 2815 10
324 2825 10
325 2835 10
326 2844 9
327 2854 10
328 2863 9
329 2873 10
330 2881 8
331 2891 10
332 2901 10
333 2909 8
334 2919 10
335 2929 10
336 2938 9
337 2947 9
338 2957 10
339 2966 9
340 2976 10
341 2986 10
342 2995 9
343 3004 9
344 3012 8
345 3021 9
346 3031 10
347 3040 9
348 3050 10
349 3060 10
350 3069 9
351 3079 10
352 3089 10
353 3097 8
354 3107 10
355 3115 8
356 3125 10
357 3135 10
358 3145 10
359 3154 9
360 3164 10
361 3173 9
362 3182 9
363 3191 9
364 3199 8
365 3208 9
366 3218 10
367 3228 10
368 3238 10
369 3245 7
370 3255 10
371 3264 9
372 3272 8
373 3282 10
374 3291 9
375 3301 10
376 3310 9
377 3319 9
378 3329 10
379 3339 10
380 3348 9
381 3357 9
382 3366 9
383 3376 10
384 3386 10
385 3396 10
386 3405 9
387 3415 10
388 3425 10
389 3432 7
390 3441 9
391 3451 10
392 3458 7
393 3468 10
394 3477 9
395 3486 9
396 3495 9
397 3505 10
398 3514 9
399 3523 9
400 3532 9
401 3542 10
402 3551 9
403 3559 8
404 3568 9
405 3578 10
406 3588 10
407 3598 10
408 3607 9
409 3616 9
410 3625 9
411 3633 8
412 3643 10
413 3652 9
414 3662 10
415 3671 9
416 3680 9
417 3690 10
418 3697 7
419 3706 9
420 3715 9
421 3724 9
422 3733 9
423 3743 10
424 3750 7
425 3759 9
426 3769 10
427 3779 10
428 3789 10
429 3799 10
430 3808 9
431 3817 9
432 3826 9
433 3836 10
434 3846 10
435 3854 8
436 3864 10
437 3873 9
438 3883 10
439 3891 8
440 3899 8
441 3908 9
442 3917 9
443 3927 10
444 3934 7
445 3944 10
446 3954 10
447 3964 10
448 3973 9
449 3983 10
450 3992 9
451 4000 8
452 4009 9
453 4017 8
454 4027 10
455 4035 8
456 4044 9
457 4052 8
458 4062 10
459 4072 10
460 4080 8
461 4089 9
462 4098 9
463 4107 9
464 4115 8
465 4124 9
466 4134 10
467 4144 10
468 4153 9
469 4161 8
470 4170 9
471 4180 10
472 4190 10
473 4200 10
474 4209 9
475 4218 9
476 4226 8
477 4236 10
478 4244 8
479 4252 8
480 4262 10
481 4272 10
482 4281 9
483 4290 9
484 4300 10
485 4310 10
486 4319 9
487 4329 10
488 4336 7
489 4345 9
490 4354 9
491 4364 10
492 4372 8
493 4381 9
494 4390 9
495 4398 8
496 4406 8
497 4416 10
498 4423 7
499 4433 10
500 4442 9
