1 4 4
2 9 5
3 14 5
4 21 7
5 29 8
6 34 5
7 39 5
8 48 9
9 55 7
10 60 5
11 66 6
12 74 8
13 80 6
14 87 7
15 94 7
16 102 8
17 109 7
18 118 9
19 126 8
20 134 8
21 142 8
22 150 8
23 159 9
24 167 8
25 175 8
26 185 10
27 194 9
28 202 8
29 212 10
30 219 7
31 228 9
32 236 8
33 243 7
34 253 10
35 261 8
36 269 8
37 276 7
38 283 7
39 291 8
40 300 9
41 309 9
42 317 8
43 326 9
44 335 9
45 342 7
46 347 5
47 357 10
48 367 10
49 376 9
50 384 8
51 389 5
52 396 7
53 405 9
54 413 8
55 422 9
56 430 8
57 439 9
58 447 8
59 456 9
60 464 8
61 473 9
62 480 7
63 490 10
64 499 9
65 509 10
66 519 10
67 527 8
68 537 10
69 546 9
70 555 9
71 565 10
72 575 10
73 585 10
74 595 10
75 603 8
76 612 9
77 622 10
78 632 10
79 641 9
80 650 9
81 660 10
82 666 6
83 675 9
84 684 9
85 694 10
86 702 8
87 709 7
88 718 9
89 726 8
90 733 7
91 743 10
92 753 10
93 762 9
94 772 10
95 779 7
96 787 8
97 796 9
98 805 9
99 813 8
100 822 9
101 831 9
102 840 9
103 849 9
104 859 10
105 867 8
106 876 9
107 885 9
108 894 9
109 903 9
110 912 9
111 919 7
112 928 9
113 935 7
114 941 6
115 949 8
116 957 8
117 966 9
118 974 8
119 982 8
120 991 9
121 998 7
122 1006 8
123 1014 8
124 1022 8
125 1029 7
126 1039 10
127 1047 8
128 1056 9
129 1066 10
130 1074 8
131 1083 9
132 1092 9
133 1101 9
134 1110 9
135 1118 8
136 1125 7
137 1135 10
138 1145 10
139 1153 8
140 1163 10
141 1172 9
142 1181 9
143 1191 10
144 1200 9
145 1208 8
146 1216 8
147 1226 10
148 1235 9
149 1244 9
150 1253 9
151 1262 9
152 1271 9
153 1280 9
154 1289 9
155 1297 8
156 1305 8
157 1314 9
158 1324 10
159 1332 8
160 1340 8
161 1348 8
162 1357 9
163 1364 7
164 1372 8
165 1380 8
166 1389 9
167 1398 9
168 1407 9
169 1417 10
170 1425 8
171 1435 10
172 1444 9
173 1452 8
174 1461 9
175 1469 8
176 1478 9
177 1488 10
178 1498 10
179 1506 8
180 1515 9
181 1525 10
182 1534 9
183 1543 9
184 1553 10
185 1562 9
186 1572 10
187 1582 10
188 1591 9
189 1601 10
190 1610 9
191 1620 10
192 1628 8
193 1636 8
194 1643 7
195 1653 10
196 1661 8
197 1671 10
198 1679 8
199 1689 10
200 1698 9
201 1707 9
202 1717 10
203 1727 10
204 1737 10
205 1747 10
206 1757 10
207 1767 10
208 1776 9
209 1785 9
210 1795 10
211 1805 10
212 1814 9
213 1823 9
214 1832 9
215 1840 8
216 1848 8
217 1858 10
218 1868 10
219 1878 10
220 1888 10
221 1897 9
222 1907 10
223 1916 9
224 1925 9
225 1934 9
226 1943 9
227 1949 6
228 1958 9
229 1968 10
230 1978 10
231 1988 10
232 1997 9
233 2006 9
234 2014 8
235 2022 8
236 2030 8
237 2039 9
238 2049 10
239 2059 10
240 2069 10
241 2079 10
242 2089 10
243 2098 9
244 2107 9
245 2116 9
246 2123 7
247 2133 10
248 2142 9
249 2152 10
250 2160 8
251 2170 10
252 2180 10
253 2187 7
254 2197 10
255 2205 8
256 2214 9
257 2223 9
258 2231 8
259 2241 10
260 2250 9
261 2259 9
262 2267 8
263 2277 10
264 2287 10
265 2295 8
266 2305 10
267 2315 10
268 2323 8
269 2333 10
270 2341 8
271 2350 9
272 2359 9
273 2368 9
274 2378 10
275 2388 10
276 2398 10
277 2406 8
278 2416 10
279 2426 10
280 2436 10
281 2444 8
282 2454 10
283 2464 10
284 2472 8
285 2481 9
286 2491 10
287 2501 10
288 2510 9
289 2520 10
290 2527 7
291 2537 10
292 2547 10
293 2556 9
294 2566 10
295 2576 10
296 2585 9
297 2593 8
298 2603 10
299 2613 10
300 2623 10
301 2633 10
302 2643 10
303 2651 8
304 2661 10
305 2669 8
306 2678 9
307 2687 9
308 2697 10
309 2706 9
310 2715 9
311 2724 9
312 2733 9
313 2743 10
314 2752 9
315 2762 10
316 2772 10
317 2781 9
318 2790 9
319 2799 9
320 2808 9
321 2818 10
322 2828 10
323 2837 9
324 2846 9
325 2855 9
326 2864 9
327 2873 9
328 2882 9
329 2892 10
330 2900 8
331 2909 9
332 2918 9
333 2928 10
334 2937 9
335 2946 9
336 2955 9
337 2964 9
338 2973 9
339 2983 10
340 2992 9
341 3002 10
342 3012 10
343 3021 9
344 3030 9
345 3039 9
346 3049 10
347 3059 10
348 3066 7
349 3075 9
350 3084 9
351 3093 9
352 3101 8
353 3109 8
354 3117 8
355 3127 10
356 3134 7
357 3144 10
358 3153 9
359 3163 10
360 3172 9
361 3181 9
362 3189 8
363 3198 9
364 3207 9
365 3217 10
366 3226 9
367 3235 9
368 3245 10
369 3254 9
370 3264 10
371 3272 8
372 3281 9
373 3289 8
374 3299 10
375 3307 8
376 3315 8
377 3323 8
378 3332 9
379 3342 10
380 3350 8
381 3359 9
382 3369 10
383 3378 9
384 3387 9
385 3396 9
386 3405 9
387 3413 8
388 3423 10
389 3433 10
390 3441 8
391 3449 8
392 3459 10
393 3469 10
394 3478 9
395 3485 7
396 3495 10
397 3504 9
398 3513 9
399 3520 7
400 3530 10
401 3539 9
402 3549 10
403 3557 8
404 3567 10
405 3576 9
406 3583 7
407 3593 10
408 3602 9
409 3612 10
410 3621 9
411 3630 9
412 3640 10
413 3649 9
414 3658 9
415 3667 9
416 3677 10
417 3687 10
418 3696 9
419 3706 10
420 3715 9
421 3725 10
422 3734 9
423 3744 10
424 3753 9
425 3763 10
426 3772 9
427 3782 10
428 3792 10
429 3802 10
430 3812 10
431 3822 10
432 3831 9
433 3840 9
434 3850 10
435 3860 10
436 3869 9
437 3879 10
438 3887 8
439 3896 9
440 3905 9
441 3912 7
442 3922 10
443 3932 10
444 3940 8
445 3949 9
446 3958 9
447 3966 8
448 3975 9
449 3983 8
450 3993 10
451 4000 7
452 4010 10
453 4019 9
454 4029 10
455 4039 10
456 4047 8
457 4057 10
458 4066 9
459 4075 9
460 4085 10
461 4094 9
462 4103 9
463 4112 9
464 4121 9
465 4130 9
466 4139 9
467 4147 8
468 4156 9
469 4164 8
470 4174 10
471 4183 9
472 4191 8
473 4200 9
474 4210 10
475 4220 10
476 4230 10
477 4237 7
478 4246 9
479 4255 9
480 4265 10
481 4274 9
482 4284 10
483 4291 7
484 4301 10
485 4309 8
486 4318 9
487 4328 10
488 4338 10
489 4346 8
490 4355 9
491 4365 10
492 4374 9
493 4384 10
494 4393 9
495 4402 9
496 4412 10
497 4421 9
498 4429 8
499 4437 8
500 4447 10
