1 2 2
2 7 5
3 11 4
4 19 8
5 28 9
6 36 8
7 43 7
8 48 5
9 55 7
10 62 7
11 70 8
12 76 6
13 83 7
14 91 8
15 98 7
16 106 8
17 115 9
18 122 7
19 130 8
20 138 8
21 147 9
22 152 5
23 162 10
24 171 9
25 180 9
26 187 7
27 196 9
28 202 6
29 211 9
30 221 10
31 231 10
32 239 8
33 248 9
34 255 7
35 261 6
36 271 10
37 281 10
38 290 9
39 299 9
40 305 6
41 314 9
42 322 8
43 331 9
44 339 8
45 349 10
46 357 8
47 366 9
48 375 9
49 384 9
50 391 7
51 399 8
52 407 8
53 416 9
54 426 10
55 435 9
56 445 10
57 453 8
58 459 6
59 469 10
60 478 9
61 487 9
62 497 10
63 506 9
64 516 10
65 526 10
66 534 8
67 543 9
68 553 10
69 562 9
70 571 9
71 580 9
72 588 8
73 598 10
74 606 8
75 612 6
76 620 8
77 630 10
78 639 9
79 647 8
80 657 10
81 666 9
82 675 9
83 684 9
84 692 8
85 701 9
86 710 9
87 719 9
88 729 10
89 739 10
90 749 10
91 758 9
92 767 9
93 776 9
94 784 8
95 793 9
96 803 10
97 810 7
98 818 8
99 828 10
100 838 10
101 847 9
102 855 8
103 863 8
104 872 9
105 880 8
106 888 8
107 897 9
108 907 10
109 915 8
110 925 10
111 934 9
112 943 9
113 953 10
114 961 8
115 968 7
116 978 10
117 987 9
118 996 9
119 1005 9
120 1013 8
121 1023 10
122 1032 9
123 1042 10
124 1050 8
125 1060 10
126 1069 9
127 1077 8
128 1084 7
129 1094 10
130 1103 9
131 1111 8
132 1120 9
133 1129 9
134 1139 10
135 1149 10
136 1158 9
137 1167 9
138 1177 10
139 1187 10
140 1196 9
141 1206 10
142 1215 9
143 1225 10
144 1234 9
145 1243 9
146 1253 10
147 1262 9
148 1271 9
149 1278 7
150 1287 9
151 1296 9
152 1305 9
153 1314 9
154 1322 8
155 1332 10
156 1341 9
157 1349 8
158 1359 10
159 1369 10
160 1379 10
161 1389 10
162 1398 9
163 1406 8
164 1415 9
165 1423 8
166 1431 8
167 1441 10
168 1451 10
169 1460 9
170 1470 10
171 1480 10
172 1489 9
173 1499 10
174 1508 9
175 1518 10
176 1526 8
177 1534 8
178 1544 10
179 1552 8
180 1562 10
181 1572 10
182 1581 9
183 1590 9
184 1600 10
185 1609 9
186 1618 9
187 1628 10
188 1637 9
189 1647 10
190 1656 9
191 1665 9
192 1674 9
193 1683 9
194 1691 8
195 1701 10
196 1710 9
197 1719 9
198 1728 9
199 1738 10
200 1747 9
201 1754 7
202 1764 10
203 1773 9
204 1782 9
205 1792 10
206 1802 10
207 1810 8
208 1818 8
209 1828 10
210 1838 10
211 1848 10
212 1857 9
213 1865 8
214 1873 8
215 1881 8
216 1891 10
217 1901 10
218 1911 10
219 1921 10
220 1930 9
221 1939 9
222 1948 9
223 1957 9
224 1966 9
225 1973 7
226 1983 10
227 1990 7
228 2000 10
229 2009 9
230 2019 10
231 2028 9
232 2037 9
233 2046 9
234 2056 10
235 2066 10
236 2075 9
237 2082 7
238 2091 9
239 2101 10
240 2111 10
241 2119 8
242 2127 8
243 2135 8
244 2144 9
245 2152 8
246 2162 10
247 2171 9
248 2179 8
249 2189 10
250 2198 9
251 2206 8
252 2214 8
253 2223 9
254 2233 10
255 2242 9
256 2252 10
257 2261 9
258 2270 9
259 2277 7
260 2286 9
261 2293 7
262 2303 10
263 2312 9
264 2322 10
265 2332 10
266 2341 9
267 2351 10
268 2361 10
269 2370 9
270 2380 10
271 2390 10
272 2400 10
273 2410 10
274 2420 10
275 2430 10
276 2440 10
277 2449 9
278 2459 10
279 2465 6
280 2475 10
281 2485 10
282 2494 9
283 2503 9
284 2513 10
285 2523 10
286 2532 9
287 2540 8
288 2549 9
289 2559 10
290 2568 9
291 2578 10
292 2587 9
293 2595 8
294 2605 10
295 2613 8
296 2621 8
297 2630 9
298 2639 9
299 2649 10
300 2659 10
301 2669 10
302 2679 10
303 2689 10
304 2698 9
305 2707 9
306 2715 8
307 2724 9
308 2733 9
309 2743 10
310 2752 9
311 2762 10
312 2771 9
313 2780 9
314 2790 10
315 2798 8
316 2806 8
317 2815 9
318 2823 8
319 2833 10
320 2842 9
321 2852 10
322 2861 9
323 2870 9
324 2879 9
325 2889 10
326 2896 7
327 2906 10
328 2916 10
329 2926 10
330 2935 9
331 2943 8
332 2952 9
333 2959 7
334 2967 8
335 2977 10
336 2985 8
337 2995 10
338 3004 9
339 3014 10
340 3023 9
341 3033 10
342 3042 9
343 3051 9
344 3061 10
345 3070 9
346 3078 8
347 3088 10
348 3096 8
349 3105 9
350 3114 9
351 3124 10
352 3134 10
353 3144 10
354 3153 9
355 3162 9
356 3171 9
357 3179 8
358 3187 8
359 3197 10
360 3206 9
361 3216 10
362 3226 10
363 3234 8
364 3242 8
365 3252 10
366 3261 9
367 3270 9
368 3280 10
369 3290 10
370 3299 9
371 3308 9
372 3317 9
373 3327 10
374 3337 10
375 3347 10
376 3357 10
377 3367 10
378 3376 9
379 3385 9
380 3395 10
381 3405 10
382 3414 9
383 3423 9
384 3433 10
385 3441 8
386 3449 8
387 3459 10
388 3469 10
389 3478 9
390 3487 9
391 3496 9
392 3505 9
393 3515 10
394 3525 10
395 3535 10
396 3545 10
397 3554 9
398 3563 9
399 3571 8
400 3579 8
401 3589 10
402 3599 10
403 3608 9
404 3618 10
405 3626 8
406 3635 9
407 3644 9
408 3653 9
409 3662 9
410 3671 9
411 3681 10
412 3691 10
413 3699 8
414 3707 8
415 3717 10
416 3727 10
417 3736 9
418 3746 10
419 3754 8
420 3764 10
421 3772 8
422 3781 9
423 3791 10
424 3800 9
425 3810 10
426 3819 9
427 3829 10
428 3837 8
429 3846 9
430 3856 10
431 3865 9
432 3874 9
433 3884 10
434 3893 9
435 3903 10
436 3911 8
437 3921 10
438 3930 9
439 3937 7
440 3946 9
441 3955 9
442 3965 10
443 3974 9
444 3984 10
445 3993 9
446 4003 10
447 4012 9
448 4022 10
449 4032 10
450 4041 9
451 4051 10
452 4060 9
453 4069 9
454 4079 10
455 4089 10
456 4098 9
457 4108 10
458 4118 10
459 4128 10
460 4136 8
461 4146 10
462 4154 8
463 4163 9
464 4172 9
465 4180 8
466 4190 10
467 4199 9
468 4209 10
469 4218 9
470 4227 9
471 4235 8
472 4244 9
473 4254 10
474 4264 10
475 4274 10
476 4283 9
477 4289 6
478 4299 10
479 4309 10
480 4318 9
481 4327 9
482 4337 10
483 4347 10
484 4356 9
485 4366 10
486 4376 10
487 4385 9
488 4395 10
489 4404 9
490 4413 9
491 4422 9
492 4432 10
493 4442 10
494 4450 8
495 4459 9
496 4469 10
497 4477 8
498 4487 10
499 4496 9
500 4506 10
