1 4 4
2 9 5
3 16 7
4 24 8
5 31 7
6 39 8
7 47 8
8 54 7
9 59 5
10 66 7
11 76 10
12 83 7
13 91 8
14 97 6
15 106 9
16 112 6
17 121 9
18 130 9
19 135 5
20 142 7
21 150 8
22 159 9
23 167 8
24 174 7
25 182 8
26 188 6
27 196 8
28 204 8
29 213 9
30 220 7
31 228 8
32 237 9
33 245 8
34 253 8
35 261 8
36 270 9
37 278 8
38 287 9
39 295 8
40 303 8
41 312 9
42 321 9
43 331 10
44 340 9
45 350 10
46 359 9
47 368 9
48 376 8
49 384 8
50 394 10
51 404 10
52 412 8
53 422 10
54 430 8
55 439 9
56 447 8
57 456 9
58 463 7
59 473 10
60 483 10
61 491 8
62 501 10
63 510 9
64 519 9
65 529 10
66 539 10
67 549 10
68 558 9
69 567 9
70 577 10
71 587 10
72 595 8
73 603 8
74 610 7
75 619 9
76 627 8
77 637 10
78 647 10
79 655 8
80 665 10
81 674 9
82 682 8
83 692 10
84 701 9
85 710 9
86 719 9
87 729 10
88 737 8
89 746 9
90 755 9
91 764 9
92 773 9
93 780 7
94 788 8
95 795 7
96 804 9
97 814 10
98 824 10
99 833 9
100 842 9
101 851 9
102 860 9
103 870 10
104 877 7
105 887 10
106 897 10
107 906 9
108 915 9
109 923 8
110 932 9
111 941 9
112 950 9
113 959 9
114 968 9
115 975 7
116 985 10
117 993 8
118 1002 9
119 1010 8
120 1020 10
121 1028 8
122 1037 9
123 1047 10
124 1057 10
125 1065 8
126 1073 8
127 1082 9
128 1091 9
129 1100 9
130 1110 10
131 1120 10
132 1130 10
133 1138 8
134 1147 9
135 1156 9
136 1166 10
137 1175 9
138 1185 10
139 1194 9
140 1204 10
141 1213 9
142 1220 7
143 1228 8
144 1236 8
145 1244 8
146 1253 9
147 1261 8
148 1270 9
149 1279 9
150 1288 9
151 1297 9
152 1306 9
153 1315 9
154 1324 9
155 1334 10
156 1344 10
157 1352 8
158 1362 10
159 1371 9
160 1381 10
161 1389 8
162 1399 10
163 1409 10
164 1419 10
165 1427 8
166 1436 9
167 1445 9
168 1454 9
169 1463 9
170 1472 9
171 1481 9
172 1490 9
173 1498 8
174 1507 9
175 1517 10
176 1527 10
177 1534 7
178 1544 10
179 1554 10
180 1563 9
181 1573 10
182 1583 10
183 1591 8
184 1599 8
185 1609 10
186 1619 10
187 1629 10
188 1637 8
189 1647 10
190 1656 9
191 1665 9
192 1675 10
193 1685 10
194 1695 10
195 1705 10
196 1713 8
197 1723 10
198 1731 8
199 1740 9
200 1750 10
201 1758 8
202 1767 9
203 1776 9
204 1785 9
205 1795 10
206 1801 6
207 1810 9
208 1819 9
209 1829 10
210 1839 10
211 1848 9
212 1857 9
213 1865 8
214 1875 10
215 1885 10
216 1895 10
217 1905 10
218 1914 9
219 1924 10
220 1933 9
221 1943 10
222 1952 9
223 1961 9
224 1969 8
225 1976 7
226 1985 9
227 1992 7
228 2002 10
229 2010 8
230 2020 10
231 2028 8
232 2036 8
233 2045 9
234 2054 9
235 2062 8
236 2071 9
237 2080 9
238 2087 7
239 2096 9
240 2106 10
241 2116 10
242 2125 9
243 2134 9
244 2143 9
245 2152 9
246 2160 8
247 2170 10
248 2180 10
249 2189 9
250 2199 10
251 2207 8
252 2215 8
253 2225 10
254 2235 10
255 2244 9
256 2253 9
257 2263 10
258 2271 8
259 2279 8
260 2289 10
261 2296 7
262 2304 8
263 2312 8
264 2322 10
265 2332 10
266 2342 10
267 2350 8
268 2360 10
269 2367 7
270 2376 9
271 2386 10
272 2396 10
273 2404 8
274 2412 8
275 2421 9
276 2428 7
277 2437 9
278 2444 7
279 2454 10
280 2464 10
281 2474 10
282 2484 10
283 2494 10
284 2504 10
285 2512 8
286 2522 10
287 2532 10
288 2540 8
289 2547 7
290 2557 10
291 2566 9
292 2576 10
293 2585 9
294 2594 9
295 2604 10
296 2613 9
297 2620 7
298 2629 9
299 2639 10
300 2649 10
301 2658 9
302 2666 8
303 2676 10
304 2684 8
305 2694 10
306 2703 9
307 2711 8
308 2717 6
309 2727 10
310 2736 9
311 2745 9
312 2754 9
313 2763 9
314 2772 9
315 2781 9
316 2791 10
317 2801 10
318 2811 10
319 2820 9
320 2830 10
321 2836 6
322 2844 8
323 2851 7
324 2860 9
325 2870 10
326 2879 9
327 2889 10
328 2899 10
329 2909 10
330 2919 10
331 2928 9
332 2937 9
333 2945 8
334 2955 10
335 2965 10
336 2974 9
337 2984 10
338 2994 10
339 3003 9
340 3012 9
341 3021 9
342 3030 9
343 3040 10
344 3050 10
345 3059 9
346 3068 9
347 3078 10
348 3088 10
349 3097 9
350 3107 10
351 3117 10
352 3127 10
353 3136 9
354 3146 10
355 3156 10
356 3164 8
357 3173 9
358 3182 9
359 3191 9
360 3200 9
361 3209 9
362 3218 9
363 3228 10
364 3236 8
365 3246 10
366 3256 10
367 3263 7
368 3273 10
369 3283 10
370 3291 8
371 3301 10
372 3310 9
373 3320 10
374 3330 10
375 3340 10
376 3350 10
377 3360 10
378 3370 10
379 3380 10
380 3390 10
381 3399 9
382 3408 9
383 3417 9
384 3427 10
385 3436 9
386 3446 10
387 3455 9
388 3463 8
389 3471 8
390 3480 9
391 3490 10
392 3498 8
393 3508 10
394 3518 10
395 3527 9
396 3537 10
397 3546 9
398 3554 8
399 3563 9
400 3573 10
401 3583 10
402 3592 9
403 3601 9
404 3610 9
405 3620 10
406 3630 10
407 3640 10
408 3650 10
409 3660 10
410 3669 9
411 3679 10
412 3689 10
413 3697 8
414 3706 9
415 3716 10
416 3726 10
417 3736 10
418 3746 10
419 3756 10
420 3764 8
421 3774 10
422 3783 9
423 3793 10
424 3801 8
425 3810 9
426 3819 9
427 3829 10
428 3838 9
429 3847 9
430 3857 10
431 3865 8
432 3873 8
433 3883 10
434 3891 8
435 3900 9
436 3909 9
437 3917 8
438 3925 8
439 3935 10
440 3944 9
441 3953 9
442 3963 10
443 3971 8
444 3980 9
445 3990 10
446 3999 9
447 4009 10
448 4018 9
449 4028 10
450 4038 10
451 4048 10
452 4057 9
453 4067 10
454 4076 9
455 4085 9
456 4095 10
457 4102 7
458 4112 10
459 4120 8
460 4130 10
461 4140 10
462 4149 9
463 4159 10
464 4167 8
465 4176 9
466 4186 10
467 4196 10
468 4204 8
469 4214 10
470 4224 10
471 4232 8
472 4240 8
473 4248 8
474 4257 9
475 4266 9
476 4275 9
477 4285 10
478 4294 9
479 4302 8
480 4312 10
481 4321 9
482 4330 9
483 4340 10
484 4350 10
485 4359 9
486 4367 8
487 4376 9
488 4386 10
489 4394 8
490 4403 9
491 4410 7
492 4420 10
493 4430 10
494 4440 10
495 4449 9
496 4459 10
497 4469 10
498 4479 10
499 4489 10
500 4499 10
