1 5 5
2 11 6
3 19 8
4 24 5
5 28 4
6 36 8
7 45 9
8 51 6
9 59 8
10 68 9
11 77 9
12 85 8
13 91 6
14 98 7
15 106 8
16 113 7
17 121 8
18 127 6
19 137 10
20 145 8
21 151 6
22 157 6
23 167 10
24 175 8
25 185 10
26 191 6
27 198 7
28 206 8
29 214 8
30 221 7
31 229 8
32 238 9
33 244 6
34 253 9
35 261 8
36 270 9
37 279 9
38 288 9
39 297 9
40 306 9
41 315 9
42 324 9
43 333 9
44 341 8
45 349 8
46 357 8
47 365 8
48 372 7
49 381 9
50 387 6
51 397 10
52 405 8
53 414 9
54 421 7
55 429 8
56 437 8
57 444 7
58 453 9
59 463 10
60 472 9
61 481 9
62 490 9
63 500 10
64 508 8
65 517 9
66 526 9
67 535 9
68 544 9
69 553 9
70 563 10
71 573 10
72 581 8
73 590 9
74 599 9
75 609 10
76 618 9
77 628 10
78 636 8
79 645 9
80 653 8
81 663 10
82 673 10
83 682 9
84 692 10
85 702 10
86 711 9
87 718 7
88 728 10
89 736 8
90 745 9
91 754 9
92 764 10
93 774 10
94 783 9
95 792 9
96 802 10
97 812 10
98 822 10
99 832 10
100 841 9
101 851 10
102 859 8
103 868 9
104 877 9
105 886 9
106 894 8
107 902 8
108 912 10
109 921 9
110 931 10
111 939 8
112 948 9
113 958 10
114 967 9
115 977 10
116 987 10
117 997 10
118 1006 9
119 1016 10
120 1024 8
121 1033 9
122 1041 8
123 1050 9
124 1059 9
125 1068 9
126 1078 10
127 1086 8
128 1094 8
129 1103 9
130 1111 8
131 1120 9
132 1130 10
133 1138 8
134 1147 9
135 1157 10
136 1166 9
137 1175 9
138 1184 9
139 1193 9
140 1200 7
141 1210 10
142 1218 8
143 1228 10
144 1237 9
145 1245 8
146 1254 9
147 1264 10
148 1274 10
149 1283 9
150 1292 9
151 1301 9
152 1310 9
153 1320 10
154 1329 9
155 1337 8
156 1346 9
157 1355 9
158 1363 8
159 1372 9
160 1382 10
161 1392 10
162 1399 7
163 1409 10
164 1418 9
165 1426 8
166 1435 9
167 1445 10
168 1453 8
169 1460 7
170 1470 10
171 1480 10
172 1489 9
173 1499 10
174 1507 8
175 1517 10
176 1526 9
177 1534 8
178 1543 9
179 1551 8
180 1561 10
181 1570 9
182 1578 8
183 1587 9
184 1597 10
185 1606 9
186 1615 9
187 1624 9
188 1633 9
189 1640 7
190 1650 10
191 1658 8
192 1668 10
193 1675 7
194 1684 9
195 1694 10
196 1703 9
197 1712 9
198 1722 10
199 1732 10
200 1741 9
201 1751 10
202 1760 9
203 1770 10
204 1779 9
205 1787 8
206 1795 8
207 1805 10
208 1814 9
209 1822 8
210 1832 10
211 1841 9
212 1851 10
213 1861 10
214 1870 9
215 1880 10
216 1890 10
217 1899 9
218 1908 9
219 1918 10
220 1926 8
221 1934 8
222 1944 10
223 1953 9
224 1962 9
225 1970 8
226 1980 10
227 1990 10
228 1998 8
229 2006 8
230 2016 10
231 2025 9
232 2035 10
233 2045 10
234 2055 10
235 2063 8
236 2073 10
237 2080 7
238 2088 8
239 2098 10
240 2108 10
241 2116 8
242 2126 10
243 2135 9
244 2143 8
245 2153 10
246 2163 10
247 2173 10
248 2181 8
249 2189 8
250 2199 10
251 2208 9
252 2218 10
253 2225 7
254 2235 10
255 2244 9
256 2252 8
257 2261 9
258 2268 7
259 2278 10
260 2288 10
261 2298 10
262 2308 10
263 2318 10
264 2327 9
265 2337 10
266 2346 9
267 2355 9
268 2364 9
269 2374 10
270 2384 10
271 2392 8
272 2400 8
273 2409 9
274 2419 10
275 2428 9
276 2438 10
277 2447 9
278 2457 10
279 2466 9
280 2476 10
281 2484 8
282 2493 9
283 2502 9
284 2512 10
285 2519 7
286 2529 10
287 2539 10
288 2549 10
289 2559 10
290 2567 8
291 2576 9
292 2586 10
293 2596 10
294 2603 7
295 2612 9
296 2622 10
297 2630 8
298 2640 10
299 2649 9
300 2659 10
301 2668 9
302 2677 9
303 2687 10
304 2697 10
305 2707 10
306 2717 10
307 2726 9
308 2736 10
309 2746 10
310 2756 10
311 2766 10
312 2775 9
313 2783 8
314 2791 8
315 2800 9
316 2806 6
317 2816 10
318 2826 10
319 2834 8
320 2843 9
321 2851 8
322 2860 9
323 2869 9
324 2878 9
325 2886 8
326 2895 9
327 2905 10
328 2914 9
329 2924 10
330 2933 9
331 2942 9
332 2952 10
333 2962 10
334 2972 10
335 2981 9
336 2990 9
337 2999 9
338 3009 10
339 3018 9
340 3027 9
341 3037 10
342 3046 9
343 3053 7
344 3062 9
345 3072 10
346 3082 10
347 3092 10
348 3101 9
349 3109 8
350 3119 10
351 3129 10
352 3138 9
353 3148 10
354 3158 10
355 3168 10
356 3176 8
357 3185 9
358 3193 8
359 3203 10
360 3212 9
361 3221 9
362 3231 10
363 3241 10
364 3251 10
365 3261 10
366 3271 10
367 3280 9
368 3290 10
369 3299 9
370 3308 9
371 3318 10
372 3327 9
373 3337 10
374 3346 9
375 3355 9
376 3362 7
377 3370 8
378 3380 10
379 3389 9
380 3398 9
381 3408 10
382 3417 9
383 3425 8
384 3434 9
385 3443 9
386 3451 8
387 3461 10
388 3471 10
389 3479 8
390 3487 8
391 3496 9
392 3505 9
393 3515 10
394 3525 10
395 3533 8
396 3543 10
397 3553 10
398 3563 10
399 3573 10
400 3580 7
401 3590 10
402 3599 9
403 3609 10
404 3618 9
405 3627 9
406 3636 9
407 3645 9
408 3654 9
409 3663 9
410 3673 10
411 3681 8
412 3691 10
413 3701 10
414 3710 9
415 3720 10
416 3729 9
417 3736 7
418 3745 9
419 3755 10
420 3764 9
421 3773 9
422 3783 10
423 3791 8
424 3800 9
425 3809 9
426 3818 9
427 3827 9
428 3835 8
429 3845 10
430 3854 9
431 3864 10
432 3874 10
433 3884 10
434 3894 10
435 3903 9
436 3913 10
437 3923 10
438 3932 9
439 3942 10
440 3952 10
441 3962 10
442 3971 9
443 3980 9
444 3988 8
445 3998 10
446 4007 9
447 4017 10
448 4025 8
449 4034 9
450 4043 9
451 4053 10
452 4063 10
453 4073 10
454 4081 8
455 4090 9
456 4098 8
457 4107 9
458 4117 10
459 4127 10
460 4137 10
461 4146 9
462 4155 9
463 4164 9
464 4174 10
465 4182 8
466 4191 9
467 4201 10
468 4211 10
469 4221 10
470 4228 7
471 4238 10
472 4246 8
473 4256 10
474 4265 9
475 4275 10
476 4285 10
477 4293 8
478 4302 9
479 4311 9
480 4320 9
481 4330 10
482 4340 10
483 4350 10
484 4359 9
485 4369 10
486 4378 9
487 4387 9
488 4396 9
489 4405 9
490 4415 10
491 4424 9
492 4434 10
493 4443 9
494 4452 9
495 4462 10
496 4471 9
497 4481 10
498 4491 10
499 4501 10
500 4511 10
