1 5 5
2 8 3
3 15 7
4 20 5
5 28 8
6 32 4
7 37 5
8 43 6
9 50 7
10 59 9
11 65 6
12 69 4
13 76 7
14 80 4
15 87 7
16 94 7
17 102 8
18 108 6
19 116 8
20 122 6
21 130 8
22 137 7
23 145 8
24 152 7
25 160 8
26 167 7
27 176 9
28 183 7
29 190 7
30 198 8
31 206 8
32 215 9
33 223 8
34 231 8
35 240 9
36 249 9
37 255 6
38 264 9
39 273 9
40 281 8
41 290 9
42 298 8
43 306 8
44 314 8
45 323 9
46 330 7
47 340 10
48 348 8
49 356 8
50 364 8
51 372 8
52 380 8
53 386 6
54 395 9
55 403 8
56 411 8
57 421 10
58 431 10
59 440 9
60 450 10
61 460 10
62 467 7
63 476 9
64 485 9
65 491 6
66 499 8
67 509 10
68 518 9
69 528 10
70 536 8
71 545 9
72 552 7
73 561 9
74 568 7
75 577 9
76 585 8
77 592 7
78 600 8
79 610 10
80 617 7
81 626 9
82 636 10
83 645 9
84 654 9
85 663 9
86 671 8
87 680 9
88 689 9
89 696 7
90 705 9
91 714 9
92 722 8
93 731 9
94 741 10
95 751 10
96 760 9
97 768 8
98 777 9
99 787 10
100 797 10
101 806 9
102 813 7
103 822 9
104 831 9
105 840 9
106 850 10
107 858 8
108 868 10
109 876 8
110 884 8
111 893 9
112 902 9
113 911 9
114 918 7
115 926 8
116 933 7
117 943 10
118 953 10
119 961 8
120 971 10
121 981 10
122 990 9
123 998 8
124 1008 10
125 1016 8
126 1025 9
127 1035 10
128 1045 10
129 1054 9
130 1063 9
131 1073 10
132 1082 9
133 1090 8
134 1100 10
135 1109 9
136 1118 9
137 1125 7
138 1134 9
139 1144 10
140 1153 9
141 1162 9
142 1172 10
143 1182 10
144 1192 10
145 1200 8
146 1210 10
147 1220 10
148 1228 8
149 1238 10
150 1248 10
151 1258 10
152 1267 9
153 1277 10
154 1286 9
155 1293 7
156 1301 8
157 1311 10
158 1319 8
159 1328 9
160 1336 8
161 1345 9
162 1354 9
163 1362 8
164 1371 9
165 1379 8
166 1387 8
167 1396 9
168 1405 9
169 1414 9
170 1423 9
171 1433 10
172 1440 7
173 1450 10
174 1457 7
175 1467 10
176 1476 9
177 1485 9
178 1494 9
179 1503 9
180 1512 9
181 1521 9
182 1528 7
183 1536 8
184 1544 8
185 1552 8
186 1562 10
187 1569 7
188 1577 8
189 1587 10
190 1596 9
191 1605 9
192 1613 8
193 1623 10
194 1633 10
195 1642 9
196 1651 9
197 1660 9
198 1666 6
199 1675 9
200 1683 8
201 1692 9
202 1699 7
203 1707 8
204 1715 8
205 1723 8
206 1732 9
207 1741 9
208 1751 10
209 1761 10
210 1771 10
211 1779 8
212 1787 8
213 1794 7
214 1804 10
215 1813 9
216 1822 9
217 1832 10
218 1840 8
219 1848 8
220 1856 8
221 1863 7
222 1871 8
223 1879 8
224 1889 10
225 1899 10
226 1907 8
227 1913 6
228 1921 8
229 1931 10
230 1941 10
231 1950 9
232 1959 9
233 1969 10
234 1978 9
235 1988 10
236 1997 9
237 2007 10
238 2016 9
239 2024 8
240 2032 8
241 2041 9
242 2051 10
243 2059 8
244 2067 8
245 2075 8
246 2085 10
247 2095 10
248 2105 10
249 2113 8
250 2121 8
251 2130 9
252 2139 9
253 2149 10
254 2158 9
255 2168 10
256 2177 9
257 2187 10
258 2197 10
259 2207 10
260 2217 10
261 2225 8
262 2235 10
263 2244 9
264 2253 9
265 2263 10
266 2270 7
267 2279 9
268 2286 7
269 2294 8
270 2304 10
271 2314 10
272 2323 9
273 2332 9
274 2341 9
275 2349 8
276 2359 10
277 2369 10
278 2379 10
279 2388 9
280 2398 10
281 2406 8
282 2415 9
283 2424 9
284 2433 9
285 2443 10
286 2453 10
287 2463 10
288 2472 9
289 2481 9
290 2491 10
291 2500 9
292 2510 10
293 2519 9
294 2528 9
295 2538 10
296 2548 10
297 2557 9
298 2567 10
299 2577 10
300 2586 9
301 2596 10
302 2606 10
303 2615 9
304 2624 9
305 2633 9
306 2643 10
307 2653 10
308 2663 10
309 2673 10
310 2683 10
311 2693 10
312 2703 10
313 2711 8
314 2721 10
315 2731 10
316 2741 10
317 2751 10
318 2760 9
319 2768 8
320 2777 9
321 2787 10
322 2797 10
323 2807 10
324 2816 9
325 2826 10
326 2835 9
327 2845 10
328 2854 9
329 2863 9
330 2873 10
331 2883 10
332 2892 9
333 2902 10
334 2911 9
335 2919 8
336 2929 10
337 2939 10
338 2949 10
339 2959 10
340 2967 8
341 2975 8
342 2984 9
343 2993 9
344 3002 9
345 3011 9
346 3020 9
347 3030 10
348 3040 10
349 3049 9
350 3059 10
351 3069 10
352 3078 9
353 3087 9
354 3097 10
355 3107 10
356 3116 9
357 3125 9
358 3133 8
359 3142 9
360 3151 9
361 3160 9
362 3170 10
363 3178 8
364 3187 9
365 3197 10
366 3207 10
367 3217 10
368 3226 9
369 3236 10
370 3245 9
371 3255 10
372 3265 10
373 3275 10
374 3285 10
375 3294 9
376 3303 9
377 3312 9
378 3320 8
379 3330 10
380 3339 9
381 3347 8
382 3357 10
383 3365 8
384 3375 10
385 3383 8
386 3391 8
387 3401 10
388 3411 10
389 3420 9
390 3430 10
391 3439 9
392 3447 8
393 3457 10
394 3465 8
395 3475 10
396 3484 9
397 3493 9
398 3503 10
399 3513 10
400 3523 10
401 3531 8
402 3541 10
403 3550 9
404 3559 9
405 3568 9
406 3577 9
407 3586 9
408 3595 9
409 3605 10
410 3615 10
411 3625 10
412 3634 9
413 3643 9
414 3652 9
415 3662 10
416 3670 8
417 3678 8
418 3687 9
419 3695 8
420 3705 10
421 3714 9
422 3723 9
423 3730 7
424 3739 9
425 3749 10
426 3758 9
427 3768 10
428 3775 7
429 3784 9
430 3793 9
431 3802 9
432 3812 10
433 3822 10
434 3830 8
435 3839 9
436 3847 8
437 3856 9
438 3866 10
439 3876 10
440 3886 10
441 3896 10
442 3905 9
443 3914 9
444 3921 7
445 3931 10
446 3941 10
447 3950 9
448 3960 10
449 3970 10
450 3979 9
451 3989 10
452 3999 10
453 4008 9
454 4018 10
455 4028 10
456 4036 8
457 4045 9
458 4053 8
459 4061 8
460 4071 10
461 4080 9
462 4087 7
463 4097 10
464 4105 8
465 4115 10
466 4125 10
467 4133 8
468 4143 10
469 4153 10
470 4162 9
471 4170 8
472 4179 9
473 4188 9
474 4198 10
475 4208 10
476 4215 7
477 4225 10
478 4235 10
479 4245 10
480 4255 10
481 4264 9
482 4274 10
483 4284 10
484 4293 9
485 4302 9
486 4311 9
487 4321 10
488 4331 10
489 4340 9
490 4349 9
491 4358 9
492 4368 10
493 4376 8
494 4385 9
495 4393 8
496 4403 10
497 4413 10
498 4421 8
499 4430 9
500 4439 9
