1 4 4
2 8 4
3 13 5
4 23 10
5 29 6
6 36 7
7 41 5
8 46 5
9 52 6
10 57 5
11 66 9
12 73 7
13 79 6
14 87 8
15 94 7
16 102 8
17 110 8
18 119 9
19 127 8
20 133 6
21 142 9
22 150 8
23 159 9
24 167 8
25 175 8
26 184 9
27 190 6
28 196 6
29 204 8
30 213 9
31 222 9
32 231 9
33 239 8
34 248 9
35 255 7
36 263 8
37 273 10
38 281 8
39 290 9
40 300 10
41 309 9
42 318 9
43 326 8
44 333 7
45 341 8
46 350 9
47 359 9
48 367 8
49 377 10
50 387 10
51 396 9
52 403 7
53 412 9
54 422 10
55 431 9
56 439 8
57 447 8
58 455 8
59 465 10
60 475 10
61 481 6
62 488 7
63 498 10
64 508 10
65 517 9
66 527 10
67 534 7
68 541 7
69 551 10
70 560 9
71 567 7
72 577 10
73 586 9
74 594 8
75 604 10
76 612 8
77 620 8
78 630 10
79 639 9
80 647 8
81 656 9
82 666 10
83 674 8
84 682 8
85 691 9
86 700 9
87 709 9
88 719 10
89 728 9
90 737 9
91 747 10
92 757 10
93 766 9
94 773 7
95 783 10
96 793 10
97 800 7
98 809 9
99 819 10
100 828 9
101 837 9
102 845 8
103 855 10
104 865 10
105 874 9
106 884 10
107 893 9
108 902 9
109 912 10
110 921 9
111 929 8
112 936 7
113 945 9
114 955 10
115 964 9
116 973 9
117 983 10
118 990 7
119 999 9
120 1008 9
121 1016 8
122 1025 9
123 1033 8
124 1040 7
125 1049 9
126 1058 9
127 1067 9
128 1077 10
129 1087 10
130 1096 9
131 1105 9
132 1114 9
133 1122 8
134 1131 9
135 1139 8
136 1149 10
137 1159 10
138 1168 9
139 1177 9
140 1185 8
141 1193 8
142 1203 10
143 1212 9
144 1219 7
145 1228 9
146 1237 9
147 1246 9
148 1255 9
149 1265 10
150 1275 10
151 1285 10
152 1292 7
153 1302 10
154 1311 9
155 1321 10
156 1330 9
157 1340 10
158 1346 6
159 1356 10
160 1366 10
161 1375 9
162 1382 7
163 1392 10
164 1400 8
165 1410 10
166 1420 10
167 1430 10
168 1438 8
169 1448 10
170 1458 10
171 1466 8
172 1473 7
173 1483 10
174 1493 10
175 1501 8
176 1510 9
177 1518 8
178 1528 10
179 1537 9
180 1547 10
181 1555 8
182 1563 8
183 1572 9
184 1582 10
185 1591 9
186 1600 9
187 1610 10
188 1617 7
189 1626 9
190 1634 8
191 1641 7
192 1651 10
193 1661 10
194 1669 8
195 1679 10
196 1688 9
197 1696 8
198 1703 7
199 1712 9
200 1722 10
201 1731 9
202 1741 10
203 1751 10
204 1761 10
205 1771 10
206 1781 10
207 1791 10
208 1801 10
209 1810 9
210 1820 10
211 1830 10
212 1839 9
213 1849 10
214 1858 9
215 1868 10
216 1877 9
217 1886 9
218 1895 9
219 1904 9
220 1913 9
221 1921 8
222 1930 9
223 1939 9
224 1949 10
225 1959 10
226 1969 10
227 1978 9
228 1986 8
229 1995 9
230 2002 7
231 2011 9
232 2020 9
233 2028 8
234 2038 10
235 2046 8
236 2055 9
237 2065 10
238 2074 9
239 2083 9
240 2092 9
241 2102 10
242 2111 9
243 2120 9
244 2127 7
245 2135 8
246 2144 9
247 2154 10
248 2164 10
249 2173 9
250 2183 10
251 2192 9
252 2200 8
253 2208 8
254 2218 10
255 2226 8
256 2235 9
257 2244 9
258 2254 10
259 2264 10
260 2274 10
261 2283 9
262 2291 8
263 2299 8
264 2308 9
265 2315 7
266 2322 7
267 2332 10
268 2341 9
269 2350 9
270 2359 9
271 2368 9
272 2376 8
273 2386 10
274 2394 8
275 2403 9
276 2412 9
277 2422 10
278 2431 9
279 2440 9
280 2449 9
281 2457 8
282 2465 8
283 2474 9
284 2484 10
285 2493 9
286 2503 10
287 2512 9
288 2522 10
289 2531 9
290 2541 10
291 2551 10
292 2561 10
293 2570 9
294 2579 9
295 2588 9
296 2598 10
297 2607 9
298 2615 8
299 2624 9
300 2634 10
301 2641 7
302 2651 10
303 2660 9
304 2669 9
305 2678 9
306 2687 9
307 2694 7
308 2704 10
309 2713 9
310 2723 10
311 2732 9
312 2742 10
313 2751 9
314 2760 9
315 2770 10
316 2780 10
317 2789 9
318 2799 10
319 2808 9
320 2817 9
321 2827 10
322 2837 10
323 2846 9
324 2855 9
325 2864 9
326 2872 8
327 2881 9
328 2889 8
329 2898 9
330 2908 10
331 2916 8
332 2925 9
333 2933 8
334 2941 8
335 2950 9
336 2959 9
337 2969 10
338 2978 9
339 2988 10
340 2997 9
341 3006 9
342 3014 8
343 3023 9
344 3031 8
345 3041 10
346 3050 9
347 3060 10
348 3069 9
349 3079 10
350 3089 10
351 3098 9
352 3107 9
353 3114 7
354 3123 9
355 3133 10
356 3143 10
357 3153 10
358 3161 8
359 3170 9
360 3179 9
361 3188 9
362 3197 9
363 3205 8
364 3215 10
365 3224 9
366 3234 10
367 3244 10
368 3253 9
369 3263 10
370 3272 9
371 3282 10
372 3292 10
373 3300 8
374 3309 9
375 3319 10
376 3329 10
377 3337 8
378 3347 10
379 3356 9
380 3365 9
381 3375 10
382 3385 10
383 3393 8
384 3403 10
385 3413 10
386 3422 9
387 3431 9
388 3441 10
389 3450 9
390 3460 10
391 3469 9
392 3479 10
393 3488 9
394 3498 10
395 3505 7
396 3514 9
397 3524 10
398 3534 10
399 3544 10
400 3553 9
401 3563 10
402 3572 9
403 3579 7
404 3589 10
405 3598 9
406 3607 9
407 3614 7
408 3624 10
409 3632 8
410 3642 10
411 3652 10
412 3662 10
413 3671 9
414 3680 9
415 3690 10
416 3699 9
417 3708 9
418 3718 10
419 3728 10
420 3738 10
421 3748 10
422 3757 9
423 3767 10
424 3777 10
425 3786 9
426 3796 10
427 3805 9
428 3814 9
429 3823 9
430 3832 9
431 3841 9
432 3850 9
433 3856 6
434 3866 10
435 3874 8
436 3883 9
437 3893 10
438 3902 9
439 3907 5
440 3917 10
441 3926 9
442 3935 9
443 3944 9
444 3951 7
445 3961 10
446 3970 9
447 3978 8
448 3988 10
449 3998 10
450 4006 8
451 4016 10
452 4025 9
453 4033 8
454 4043 10
455 4052 9
456 4061 9
457 4071 10
458 4080 9
459 4089 9
460 4099 10
461 4109 10
462 4117 8
463 4127 10
464 4135 8
465 4145 10
466 4154 9
467 4163 9
468 4172 9
469 4181 9
470 4190 9
471 4198 8
472 4206 8
473 4215 9
474 4225 10
475 4234 9
476 4244 10
477 4254 10
478 4264 10
479 4274 10
480 4284 10
481 4292 8
482 4302 10
483 4312 10
484 4322 10
485 4330 8
486 4338 8
487 4345 7
488 4354 9
489 4364 10
490 4374 10
491 4382 8
492 4392 10
493 4401 9
494 4411 10
495 4420 9
496 4428 8
497 4437 9
498 4447 10
499 4456 9
500 4465 9
