1 3 3
2 10 7
3 15 5
4 20 5
5 25 5
6 31 6
7 40 9
8 46 6
9 52 6
10 58 6
11 63 5
12 70 7
13 79 9
14 88 9
15 96 8
16 103 7
17 111 8
18 118 7
19 128 10
20 136 8
21 145 9
22 154 9
23 163 9
24 169 6
25 175 6
26 184 9
27 194 10
28 203 9
29 211 8
30 221 10
31 230 9
32 240 10
33 250 10
34 259 9
35 265 6
36 273 8
37 281 8
38 290 9
39 298 8
40 306 8
41 316 10
42 325 9
43 334 9
44 342 8
45 351 9
46 358 7
47 366 8
48 376 10
49 383 7
50 392 9
51 400 8
52 409 9
53 419 10
54 427 8
55 436 9
56 444 8
57 453 9
58 463 10
59 473 10
60 483 10
61 489 6
62 497 8
63 505 8
64 512 7
65 522 10
66 530 8
67 539 9
68 548 9
69 557 9
70 566 9
71 574 8
72 584 10
73 594 10
74 603 9
75 612 9
76 622 10
77 631 9
78 641 10
79 651 10
80 660 9
81 670 10
82 679 9
83 689 10
84 696 7
85 706 10
86 716 10
87 725 9
88 735 10
89 742 7
90 752 10
91 759 7
92 769 10
93 778 9
94 787 9
95 795 8
96 804 9
97 813 9
98 821 8
99 831 10
100 839 8
101 847 8
102 857 10
103 866 9
104 875 9
105 884 9
106 892 8
107 902 10
108 911 9
109 920 9
110 929 9
111 938 9
112 947 9
113 957 10
114 965 8
115 973 8
116 983 10
117 991 8
118 1001 10
119 1010 9
120 1019 9
121 1027 8
122 1037 10
123 1046 9
124 1055 9
125 1065 10
126 1074 9
127 1082 8
128 1091 9
129 1099 8
130 1107 8
131 1117 10
132 1125 8
133 1135 10
134 1144 9
135 1154 10
136 1163 9
137 1172 9
138 1181 9
139 1188 7
140 1196 8
141 1206 10
142 1213 7
143 1223 10
144 1231 8
145 1237 6
146 1246 9
147 1254 8
148 1263 9
149 1273 10
150 1282 9
151 1292 10
152 1302 10
153 1312 10
154 1321 9
155 1330 9
156 1340 10
157 1349 9
158 1359 10
159 1367 8
160 1377 10
161 1386 9
162 1396 10
163 1406 10
164 1416 10
165 1425 9
166 1433 8
167 1443 10
168 1451 8
169 1461 10
170 1471 10
171 1480 9
172 1489 9
173 1497 8
174 1507 10
175 1516 9
176 1525 9
177 1534 9
178 1544 10
179 1552 8
180 1561 9
181 1571 10
182 1580 9
183 1590 10
184 1599 9
185 1607 8
186 1617 10
187 1627 10
188 1636 9
189 1645 9
190 1653 8
191 1663 10
192 1672 9
193 1680 8
194 1689 9
195 1699 10
196 1709 10
197 1715 6
198 1723 8
199 1733 10
200 1742 9
201 1751 9
202 1760 9
203 1770 10
204 1779 9
205 1787 8
206 1794 7
207 1801 7
208 1809 8
209 1819 10
210 1826 7
211 1836 10
212 1846 10
213 1855 9
214 1865 10
215 1874 9
216 1884 10
217 1894 10
218 1904 10
219 1913 9
220 1921 8
221 1931 10
222 1939 8
223 1948 9
224 1957 9
225 1966 9
226 1975 9
227 1985 10
228 1995 10
229 2004 9
230 2012 8
231 2021 9
232 2030 9
233 2039 9
234 2049 10
235 2058 9
236 2068 10
237 2077 9
238 2087 10
239 2097 10
240 2107 10
241 2116 9
242 2125 9
243 2135 10
244 2144 9
245 2152 8
246 2161 9
247 2166 5
248 2176 10
249 2185 9
250 2194 9
251 2204 10
252 2214 10
253 2223 9
254 2233 10
255 2243 10
256 2251 8
257 2261 10
258 2271 10
259 2280 9
260 2290 10
261 2299 9
262 2307 8
263 2315 8
264 2325 10
265 2334 9
266 2342 8
267 2351 9
268 2359 8
269 2369 10
270 2379 10
271 2387 8
272 2397 10
273 2406 9
274 2415 9
275 2422 7
276 2432 10
277 2441 9
278 2451 10
279 2460 9
280 2469 9
281 2477 8
282 2487 10
283 2497 10
284 2507 10
285 2517 10
286 2526 9
287 2534 8
288 2542 8
289 2551 9
290 2561 10
291 2569 8
292 2579 10
293 2587 8
294 2596 9
295 2606 10
296 2616 10
297 2623 7
298 2631 8
299 2641 10
300 2650 9
301 2659 9
302 2667 8
303 2675 8
304 2684 9
305 2694 10
306 2703 9
307 2713 10
308 2723 10
309 2733 10
310 2742 9
311 2751 9
312 2761 10
313 2770 9
314 2778 8
315 2788 10
316 2798 10
317 2808 10
318 2817 9
319 2827 10
320 2836 9
321 2845 9
322 2854 9
323 2863 9
324 2872 9
325 2881 9
326 2891 10
327 2899 8
328 2909 10
329 2919 10
330 2929 10
331 2939 10
332 2949 10
333 2958 9
334 2966 8
335 2976 10
336 2985 9
337 2991 6
338 2999 8
339 3009 10
340 3019 10
341 3028 9
342 3038 10
343 3046 8
344 3055 9
345 3065 10
346 3073 8
347 3082 9
348 3092 10
349 3102 10
350 3112 10
351 3122 10
352 3132 10
353 3142 10
354 3152 10
355 3160 8
356 3169 9
357 3179 10
358 3189 10
359 3199 10
360 3209 10
361 3218 9
362 3228 10
363 3238 10
364 3247 9
365 3256 9
366 3266 10
367 3276 10
368 3285 9
369 3294 9
370 3304 10
371 3313 9
372 3322 9
373 3331 9
374 3341 10
375 3351 10
376 3360 9
377 3369 9
378 3379 10
379 3389 10
380 3399 10
381 3407 8
382 3416 9
383 3426 10
384 3435 9
385 3445 10
386 3454 9
387 3464 10
388 3474 10
389 3483 9
390 3493 10
391 3503 10
392 3512 9
393 3522 10
394 3530 8
395 3540 10
396 3550 10
397 3559 9
398 3568 9
399 3578 10
400 3588 10
401 3597 9
402 3605 8
403 3614 9
404 3624 10
405 3634 10
406 3642 8
407 3652 10
408 3660 8
409 3669 9
410 3678 9
411 3688 10
412 3695 7
413 3704 9
414 3712 8
415 3722 10
416 3732 10
417 3741 9
418 3751 10
419 3760 9
420 3770 10
421 3779 9
422 3788 9
423 3795 7
424 3804 9
425 3814 10
426 3823 9
427 3832 9
428 3840 8
429 3849 9
430 3859 10
431 3868 9
432 3878 10
433 3887 9
434 3895 8
435 3904 9
436 3913 9
437 3920 7
438 3927 7
439 3937 10
440 3944 7
441 3954 10
442 3963 9
443 3972 9
444 3982 10
445 3991 9
446 4001 10
447 4011 10
448 4020 9
449 4027 7
450 4037 10
451 4044 7
452 4054 10
453 4062 8
454 4071 9
455 4080 9
456 4090 10
457 4099 9
458 4109 10
459 4119 10
460 4128 9
461 4136 8
462 4145 9
463 4154 9
464 4163 9
465 4173 10
466 4182 9
467 4189 7
468 4198 9
469 4207 9
470 4217 10
471 4227 10
472 4235 8
473 4245 10
474 4254 9
475 4263 9
476 4272 9
477 4281 9
478 4291 10
479 4300 9
480 4310 10
481 4319 9
482 4328 9
483 4337 9
484 4347 10
485 4357 10
486 4365 8
487 4373 8
488 4383 10
489 4393 10
490 4401 8
491 4410 9
492 4419 9
493 4429 10
494 4438 9
495 4448 10
496 4458 10
497 4467 9
498 4476 9
499 4485 9
500 4495 10
