1 3 3
2 8 5
3 13 5
4 20 7
5 27 7
6 35 8
7 44 9
8 52 8
9 60 8
10 67 7
11 74 7
12 80 6
13 88 8
14 98 10
15 107 9
16 116 9
17 123 7
18 132 9
19 139 7
20 146 7
21 154 8
22 162 8
23 171 9
24 180 9
25 187 7
26 195 8
27 203 8
28 212 9
29 221 9
30 230 9
31 237 7
32 246 9
33 255 9
34 264 9
35 273 9
36 279 6
37 285 6
38 294 9
39 304 10
40 314 10
41 323 9
42 332 9
43 340 8
44 346 6
45 352 6
46 359 7
47 368 9
48 376 8
49 385 9
50 394 9
51 403 9
52 411 8
53 418 7
54 425 7
55 434 9
56 442 8
57 450 8
58 459 9
59 467 8
60 476 9
61 486 10
62 495 9
63 503 8
64 512 9
65 521 9
66 531 10
67 539 8
68 548 9
69 558 10
70 568 10
71 576 8
72 585 9
73 594 9
74 603 9
75 613 10
76 623 10
77 632 9
78 640 8
79 649 9
80 657 8
81 665 8
82 671 6
83 680 9
84 688 8
85 697 9
86 705 8
87 714 9
88 721 7
89 729 8
90 738 9
91 747 9
92 756 9
93 766 10
94 774 8
95 783 9
96 792 9
97 801 9
98 810 9
99 819 9
100 828 9
101 837 9
102 845 8
103 854 9
104 861 7
105 870 9
106 879 9
107 887 8
108 896 9
109 904 8
110 913 9
111 922 9
112 930 8
113 938 8
114 948 10
115 957 9
116 966 9
117 975 9
118 983 8
119 992 9
120 999 7
121 1009 10
122 1015 6
123 1025 10
124 1035 10
125 1044 9
126 1053 9
127 1062 9
128 1071 9
129 1081 10
130 1089 8
131 1098 9
132 1108 10
133 1116 8
134 1124 8
135 1132 8
136 1140 8
137 1150 10
138 1159 9
139 1169 10
140 1178 9
141 1188 10
142 1197 9
143 1207 10
144 1216 9
145 1226 10
146 1235 9
147 1245 10
148 1254 9
149 1263 9
150 1272 9
151 1282 10
152 1292 10
153 1301 9
154 1309 8
155 1318 9
156 1326 8
157 1336 10
158 1346 10
159 1356 10
160 1366 10
161 1376 10
162 1385 9
163 1391 6
164 1400 9
165 1410 10
166 1419 9
167 1427 8
168 1437 10
169 1447 10
170 1456 9
171 1466 10
172 1475 9
173 1485 10
174 1494 9
175 1504 10
176 1513 9
177 1522 9
178 1532 10
179 1540 8
180 1548 8
181 1558 10
182 1568 10
183 1575 7
184 1583 8
185 1591 8
186 1601 10
187 1609 8
188 1617 8
189 1627 10
190 1634 7
191 1644 10
192 1653 9
193 1663 10
194 1673 10
195 1683 10
196 1692 9
197 1701 9
198 1711 10
199 1721 10
200 1730 9
201 1739 9
202 1748 9
203 1758 10
204 1768 10
205 1778 10
206 1788 10
207 1798 10
208 1808 10
209 1817 9
210 1826 9
211 1835 9
212 1845 10
213 1855 10
214 1865 10
215 1873 8
216 1881 8
217 1891 10
218 1900 9
219 1908 8
220 1918 10
221 1926 8
222 1934 8
223 1944 10
224 1953 9
225 1963 10
226 1970 7
227 1979 9
228 1989 10
229 1999 10
230 2008 9
231 2016 8
232 2026 10
233 2034 8
234 2043 9
235 2052 9
236 2059 7
237 2069 10
238 2079 10
239 2088 9
240 2096 8
241 2105 9
242 2114 9
243 2124 10
244 2133 9
245 2142 9
246 2151 9
247 2161 10
248 2170 9
249 2179 9
250 2188 9
251 2198 10
252 2207 9
253 2217 10
254 2227 10
255 2236 9
256 2245 9
257 2253 8
258 2263 10
259 2272 9
260 2282 10
261 2290 8
262 2299 9
263 2309 10
264 2319 10
265 2328 9
266 2338 10
267 2347 9
268 2356 9
269 2365 9
270 2374 9
271 2383 9
272 2392 9
273 2401 9
274 2410 9
275 2420 10
276 2430 10
277 2440 10
278 2450 10
279 2459 9
280 2469 10
281 2479 10
282 2489 10
283 2497 8
284 2507 10
285 2517 10
286 2526 9
287 2534 8
288 2543 9
289 2552 9
290 2560 8
291 2567 7
292 2573 6
293 2582 9
294 2591 9
295 2599 8
296 2608 9
297 2617 9
298 2626 9
299 2634 8
300 2643 9
301 2652 9
302 2659 7
303 2667 8
304 2676 9
305 2686 10
306 2696 10
307 2704 8
308 2714 10
309 2723 9
310 2733 10
311 2743 10
312 2752 9
313 2762 10
314 2772 10
315 2780 8
316 2789 9
317 2797 8
318 2805 8
319 2815 10
320 2824 9
321 2833 9
322 2841 8
323 2850 9
324 2858 8
325 2866 8
326 2875 9
327 2884 9
328 2894 10
329 2901 7
330 2911 10
331 2921 10
332 2930 9
333 2940 10
334 2950 10
335 2959 9
336 2968 9
337 2977 9
338 2986 9
339 2994 8
340 3004 10
341 3014 10
342 3024 10
343 3033 9
344 3040 7
345 3050 10
346 3060 10
347 3066 6
348 3075 9
349 3084 9
350 3091 7
351 3100 9
352 3110 10
353 3119 9
354 3129 10
355 3139 10
356 3148 9
357 3157 9
358 3165 8
359 3172 7
360 3179 7
361 3188 9
362 3197 9
363 3206 9
364 3215 9
365 3224 9
366 3231 7
367 3241 10
368 3251 10
369 3259 8
370 3267 8
371 3275 8
372 3284 9
373 3292 8
374 3301 9
375 3311 10
376 3321 10
377 3329 8
378 3338 9
379 3348 10
380 3357 9
381 3365 8
382 3375 10
383 3383 8
384 3391 8
385 3400 9
386 3409 9
387 3418 9
388 3424 6
389 3434 10
390 3443 9
391 3452 9
392 3462 10
393 3471 9
394 3480 9
395 3489 9
396 3498 9
397 3508 10
398 3517 9
399 3526 9
400 3534 8
401 3544 10
402 3553 9
403 3562 9
404 3572 10
405 3582 10
406 3592 10
407 3601 9
408 3610 9
409 3619 9
410 3627 8
411 3637 10
412 3646 9
413 3656 10
414 3666 10
415 3675 9
416 3685 10
417 3694 9
418 3704 10
419 3714 10
420 3724 10
421 3734 10
422 3743 9
423 3751 8
424 3760 9
425 3769 9
426 3777 8
427 3786 9
428 3795 9
429 3804 9
430 3814 10
431 3822 8
432 3832 10
433 3841 9
434 3850 9
435 3860 10
436 3867 7
437 3877 10
438 3887 10
439 3896 9
440 3905 9
441 3915 10
442 3923 8
443 3932 9
444 3940 8
445 3947 7
446 3957 10
447 3967 10
448 3976 9
449 3984 8
450 3994 10
451 4004 10
452 4014 10
453 4023 9
454 4033 10
455 4043 10
456 4053 10
457 4063 10
458 4073 10
459 4081 8
460 4090 9
461 4100 10
462 4110 10
463 4120 10
464 4129 9
465 4137 8
466 4147 10
467 4157 10
468 4166 9
469 4176 10
470 4185 9
471 4194 9
472 4202 8
473 4211 9
474 4221 10
475 4231 10
476 4241 10
477 4250 9
478 4259 9
479 4268 9
480 4278 10
481 4288 10
482 4296 8
483 4305 9
484 4314 9
485 4324 10
486 4333 9
487 4342 9
488 4351 9
489 4361 10
490 4371 10
491 4381 10
492 4390 9
493 4398 8
494 4407 9
495 4416 9
496 4426 10
497 4434 8
498 4440 6
499 4449 9
500 4459 10
