1 3 3
2 8 5
3 14 6
4 19 5
5 28 9
6 35 7
7 43 8
8 49 6
9 55 6
10 64 9
11 72 8
12 79 7
13 86 7
14 93 7
15 100 7
16 110 10
17 116 6
18 123 7
19 132 9
20 141 9
21 149 8
22 155 6
23 165 10
24 175 10
25 183 8
26 192 9
27 201 9
28 211 10
29 220 9
30 230 10
31 237 7
32 244 7
33 254 10
34 261 7
35 270 9
36 278 8
37 288 10
38 296 8
39 305 9
40 311 6
41 320 9
42 328 8
43 335 7
44 345 10
45 353 8
46 362 9
47 368 6
48 377 9
49 387 10
50 395 8
51 404 9
52 412 8
53 421 9
54 430 9
55 437 7
56 445 8
57 455 10
58 465 10
59 473 8
60 482 9
61 491 9
62 500 9
63 509 9
64 518 9
65 527 9
66 535 8
67 543 8
68 551 8
69 559 8
70 568 9
71 576 8
72 586 10
73 596 10
74 604 8
75 614 10
76 623 9
77 633 10
78 641 8
79 650 9
80 660 10
81 669 9
82 677 8
83 686 9
84 696 10
85 706 10
86 716 10
87 723 7
88 732 9
89 742 10
90 750 8
91 758 8
92 767 9
93 774 7
94 782 8
95 791 9
96 800 9
97 808 8
98 816 8
99 826 10
100 835 9
101 844 9
102 853 9
103 863 10
104 869 6
105 876 7
106 886 10
107 896 10
108 905 9
109 914 9
110 924 10
111 932 8
112 942 10
113 952 10
114 961 9
115 969 8
116 978 9
117 987 9
118 996 9
119 1006 10
120 1015 9
121 1025 10
122 1034 9
123 1044 10
124 1053 9
125 1061 8
126 1070 9
127 1080 10
128 1090 10
129 1099 9
130 1108 9
131 1116 8
132 1125 9
133 1135 10
134 1145 10
135 1153 8
136 1162 9
137 1171 9
138 1181 10
139 1188 7
140 1197 9
141 1206 9
142 1215 9
143 1224 9
144 1234 10
145 1243 9
146 1252 9
147 1262 10
148 1271 9
149 1280 9
150 1289 9
151 1299 10
152 1307 8
153 1315 8
154 1324 9
155 1333 9
156 1342 9
157 1352 10
158 1360 8
159 1369 9
160 1379 10
161 1387 8
162 1397 10
163 1405 8
164 1414 9
165 1423 9
166 1432 9
167 1441 9
168 1451 10
169 1461 10
170 1469 8
171 1479 10
172 1489 10
173 1499 10
174 1508 9
175 1516 8
176 1526 10
177 1534 8
178 1543 9
179 1552 9
180 1562 10
181 1570 8
182 1579 9
183 1586 7
184 1594 8
185 1604 10
186 1614 10
187 1623 9
188 1632 9
189 1642 10
190 1651 9
191 1661 10
192 1670 9
193 1679 9
194 1689 10
195 1697 8
196 1705 8
197 1715 10
198 1725 10
199 1734 9
200 1744 10
201 1752 8
202 1761 9
203 1770 9
204 1777 7
205 1786 9
206 1796 10
207 1806 10
208 1816 10
209 1825 9
210 1835 10
211 1843 8
212 1853 10
213 1863 10
214 1872 9
215 1881 9
216 1889 8
217 1899 10
218 1907 8
219 1914 7
220 1924 10
221 1934 10
222 1943 9
223 1953 10
224 1963 10
225 1971 8
226 1980 9
227 1990 10
228 1999 9
229 2009 10
230 2019 10
231 2028 9
232 2038 10
233 2047 9
234 2055 8
235 2064 9
236 2072 8
237 2082 10
238 2092 10
239 2102 10
240 2111 9
241 2120 9
242 2129 9
243 2139 10
244 2149 10
245 2159 10
246 2168 9
247 2178 10
248 2188 10
249 2198 10
250 2208 10
251 2217 9
252 2227 10
253 2237 10
254 2247 10
255 2257 10
256 2267 10
257 2276 9
258 2286 10
259 2296 10
260 2306 10
261 2316 10
262 2325 9
263 2333 8
264 2343 10
265 2352 9
266 2362 10
267 2372 10
268 2379 7
269 2389 10
270 2399 10
271 2409 10
272 2419 10
273 2428 9
274 2438 10
275 2448 10
276 2457 9
277 2466 9
278 2474 8
279 2482 8
280 2492 10
281 2502 10
282 2512 10
283 2522 10
284 2529 7
285 2538 9
286 2547 9
287 2556 9
288 2566 10
289 2575 9
290 2584 9
291 2592 8
292 2602 10
293 2611 9
294 2621 10
295 2631 10
296 2640 9
297 2649 9
298 2658 9
299 2667 9
300 2677 10
301 2686 9
302 2694 8
303 2702 8
304 2711 9
305 2720 9
306 2729 9
307 2739 10
308 2748 9
309 2758 10
310 2767 9
311 2775 8
312 2785 10
313 2795 10
314 2805 10
315 2814 9
316 2824 10
317 2832 8
318 2842 10
319 2852 10
320 2862 10
321 2870 8
322 2879 9
323 2887 8
324 2896 9
325 2906 10
326 2914 8
327 2923 9
328 2933 10
329 2941 8
330 2949 8
331 2959 10
332 2969 10
333 2978 9
334 2987 9
335 2997 10
336 3007 10
337 3017 10
338 3027 10
339 3035 8
340 3045 10
341 3052 7
342 3062 10
343 3070 8
344 3080 10
345 3090 10
346 3099 9
347 3108 9
348 3118 10
349 3127 9
350 3137 10
351 3146 9
352 3154 8
353 3164 10
354 3174 10
355 3184 10
356 3194 10
357 3202 8
358 3212 10
359 3220 8
360 3229 9
361 3238 9
362 3247 9
363 3256 9
364 3266 10
365 3275 9
366 3285 10
367 3295 10
368 3303 8
369 3313 10
370 3322 9
371 3331 9
372 3340 9
373 3349 9
374 3359 10
375 3368 9
376 3378 10
377 3387 9
378 3397 10
379 3406 9
380 3412 6
381 3422 10
382 3432 10
383 3442 10
384 3452 10
385 3460 8
386 3469 9
387 3476 7
388 3485 9
389 3493 8
390 3502 9
391 3512 10
392 3522 10
393 3532 10
394 3541 9
395 3550 9
396 3559 9
397 3568 9
398 3576 8
399 3586 10
400 3596 10
401 3606 10
402 3616 10
403 3626 10
404 3636 10
405 3646 10
406 3656 10
407 3665 9
408 3673 8
409 3682 9
410 3692 10
411 3700 8
412 3710 10
413 3720 10
414 3728 8
415 3737 9
416 3745 8
417 3755 10
418 3763 8
419 3770 7
420 3780 10
421 3789 9
422 3799 10
423 3809 10
424 3819 10
425 3828 9
426 3837 9
427 3847 10
428 3855 8
429 3865 10
430 3874 9
431 3884 10
432 3894 10
433 3903 9
434 3913 10
435 3923 10
436 3933 10
437 3943 10
438 3951 8
439 3960 9
440 3968 8
441 3977 9
442 3987 10
443 3996 9
444 4004 8
445 4014 10
446 4023 9
447 4033 10
448 4042 9
449 4051 9
450 4059 8
451 4069 10
452 4077 8
453 4086 9
454 4096 10
455 4105 9
456 4114 9
457 4124 10
458 4131 7
459 4140 9
460 4149 9
461 4157 8
462 4167 10
463 4176 9
464 4185 9
465 4195 10
466 4201 6
467 4207 6
468 4217 10
469 4225 8
470 4234 9
471 4243 9
472 4253 10
473 4263 10
474 4271 8
475 4280 9
476 4290 10
477 4299 9
478 4308 9
479 4315 7
480 4322 7
481 4331 9
482 4341 10
483 4348 7
484 4357 9
485 4366 9
486 4376 10
487 4386 10
488 4396 10
489 4405 9
490 4414 9
491 4424 10
492 4433 9
493 4443 10
494 4453 10
495 4463 10
496 4473 10
497 4482 9
498 4488 6
499 4497 9
500 4506 9
