1 6 6
2 13 7
3 20 7
4 23 3
5 31 8
6 39 8
7 48 9
8 58 10
9 67 9
10 75 8
11 84 9
12 88 4
13 95 7
14 103 8
15 111 8
16 119 8
17 125 6
18 134 9
19 144 10
20 151 7
21 159 8
22 166 7
23 173 7
24 180 7
25 189 9
26 198 9
27 203 5
28 210 7
29 220 10
30 229 9
31 238 9
32 248 10
33 256 8
34 264 8
35 272 8
36 278 6
37 283 5
38 293 10
39 301 8
40 311 10
41 318 7
42 325 7
43 333 8
44 341 8
45 349 8
46 359 10
47 367 8
48 375 8
49 384 9
50 392 8
51 402 10
52 411 9
53 420 9
54 428 8
55 438 10
56 445 7
57 455 10
58 465 10
59 474 9
60 484 10
61 494 10
62 502 8
63 511 9
64 520 9
65 528 8
66 535 7
67 544 9
68 553 9
69 563 10
70 573 10
71 579 6
72 589 10
73 597 8
74 607 10
75 617 10
76 627 10
77 636 9
78 646 10
79 655 9
80 663 8
81 672 9
82 682 10
83 691 9
84 701 10
85 710 9
86 719 9
87 728 9
88 736 8
89 745 9
90 755 10
91 763 8
92 771 8
93 779 8
94 783 4
95 793 10
96 800 7
97 810 10
98 820 10
99 828 8
100 836 8
101 844 8
102 854 10
103 862 8
104 872 10
105 881 9
106 890 9
107 900 10
108 910 10
109 920 10
110 929 9
111 938 9
112 947 9
113 957 10
114 966 9
115 976 10
116 985 9
117 993 8
118 1000 7
119 1010 10
120 1020 10
121 1028 8
122 1038 10
123 1046 8
124 1053 7
125 1063 10
126 1072 9
127 1079 7
128 1089 10
129 1098 9
130 1108 10
131 1117 9
132 1126 9
133 1135 9
134 1145 10
135 1154 9
136 1164 10
137 1172 8
138 1182 10
139 1191 9
140 1199 8
141 1209 10
142 1219 10
143 1228 9
144 1237 9
145 1246 9
146 1256 10
147 1265 9
148 1275 10
149 1285 10
150 1295 10
151 1305 10
152 1313 8
153 1321 8
154 1330 9
155 1337 7
156 1346 9
157 1356 10
158 1366 10
159 1375 9
160 1385 10
161 1394 9
162 1402 8
163 1411 9
164 1420 9
165 1429 9
166 1439 10
167 1449 10
168 1456 7
169 1465 9
170 1473 8
171 1481 8
172 1487 6
173 1496 9
174 1506 10
175 1514 8
176 1522 8
177 1531 9
178 1541 10
179 1550 9
180 1559 9
181 1569 10
182 1578 9
183 1587 9
184 1596 9
185 1606 10
186 1615 9
187 1623 8
188 1632 9
189 1642 10
190 1652 10
191 1662 10
192 1672 10
193 1680 8
194 1689 9
195 1698 9
196 1708 10
197 1716 8
198 1726 10
199 1736 10
200 1744 8
201 1754 10
202 1764 10
203 1773 9
204 1783 10
205 1792 9
206 1800 8
207 1807 7
208 1817 10
209 1827 10
210 1835 8
211 1845 10
212 1855 10
213 1864 9
214 1871 7
215 1880 9
216 1890 10
217 1900 10
218 1909 9
219 1919 10
220 1928 9
221 1937 9
222 1946 9
223 1954 8
224 1964 10
225 1972 8
226 1982 10
227 1991 9
228 2000 9
229 2010 10
230 2020 10
231 2028 8
232 2038 10
233 2047 9
234 2057 10
235 2065 8
236 2074 9
237 2083 9
238 2091 8
239 2100 9
240 2109 9
241 2119 10
242 2128 9
243 2138 10
244 2147 9
245 2157 10
246 2166 9
247 2175 9
248 2184 9
249 2193 9
250 2203 10
251 2213 10
252 2222 9
253 2230 8
254 2240 10
255 2248 8
256 2257 9
257 2266 9
258 2276 10
259 2285 9
260 2293 8
261 2301 8
262 2311 10
263 2319 8
264 2328 9
265 2337 9
266 2345 8
267 2354 9
268 2361 7
269 2369 8
270 2377 8
271 2385 8
272 2395 10
273 2405 10
274 2414 9
275 2422 8
276 2431 9
277 2440 9
278 2449 9
279 2457 8
280 2467 10
281 2476 9
282 2485 9
283 2495 10
284 2504 9
285 2513 9
286 2523 10
287 2533 10
288 2541 8
289 2549 8
290 2557 8
291 2567 10
292 2576 9
293 2584 8
294 2591 7
295 2601 10
296 2609 8
297 2618 9
298 2627 9
299 2635 8
300 2645 10
301 2655 10
302 2664 9
303 2673 9
304 2683 10
305 2690 7
306 2700 10
307 2709 9
308 2718 9
309 2726 8
310 2736 10
311 2746 10
312 2755 9
313 2765 10
314 2774 9
315 2784 10
316 2794 10
317 2801 7
318 2811 10
319 2816 5
320 2826 10
321 2836 10
322 2846 10
323 2856 10
324 2865 9
325 2875 10
326 2885 10
327 2894 9
328 2904 10
329 2911 7
330 2919 8
331 2928 9
332 2938 10
333 2947 9
334 2956 9
335 2965 9
336 2975 10
337 2985 10
338 2994 9
339 3003 9
340 3013 10
341 3022 9
342 3032 10
343 3041 9
344 3051 10
345 3061 10
346 3069 8
347 3079 10
348 3089 10
349 3098 9
350 3108 10
351 3118 10
352 3126 8
353 3135 9
354 3144 9
355 3153 9
356 3161 8
357 3168 7
358 3178 10
359 3187 9
360 3196 9
361 3205 9
362 3215 10
363 3224 9
364 3234 10
365 3243 9
366 3252 9
367 3262 10
368 3271 9
369 3281 10
370 3290 9
371 3299 9
372 3309 10
373 3319 10
374 3328 9
375 3337 9
376 3346 9
377 3355 9
378 3364 9
379 3372 8
380 3382 10
381 3391 9
382 3401 10
383 3410 9
384 3417 7
385 3427 10
386 3436 9
387 3444 8
388 3454 10
389 3463 9
390 3473 10
391 3483 10
392 3493 10
393 3502 9
394 3511 9
395 3519 8
396 3529 10
397 3538 9
398 3547 9
399 3557 10
400 3565 8
401 3575 10
402 3585 10
403 3594 9
404 3600 6
405 3609 9
406 3617 8
407 3627 10
408 3637 10
409 3646 9
410 3655 9
411 3665 10
412 3675 10
413 3683 8
414 3690 7
415 3700 10
416 3709 9
417 3719 10
418 3727 8
419 3735 8
420 3745 10
421 3755 10
422 3765 10
423 3774 9
424 3782 8
425 3791 9
426 3801 10
427 3811 10
428 3820 9
429 3830 10
430 3840 10
431 3849 9
432 3859 10
433 3869 10
434 3878 9
435 3888 10
436 3898 10
437 3908 10
438 3917 9
439 3927 10
440 3936 9
441 3946 10
442 3955 9
443 3965 10
444 3974 9
445 3983 9
446 3993 10
447 4002 9
448 4011 9
449 4021 10
450 4030 9
451 4040 10
452 4048 8
453 4058 10
454 4067 9
455 4077 10
456 4085 8
457 4095 10
458 4105 10
459 4115 10
460 4125 10
461 4134 9
462 4143 9
463 4152 9
464 4161 9
465 4171 10
466 4181 10
467 4191 10
468 4200 9
469 4209 9
470 4217 8
471 4225 8
472 4235 10
473 4245 10
474 4254 9
475 4262 8
476 4270 8
477 4280 10
478 4289 9
479 4297 8
480 4307 10
481 4316 9
482 4325 9
483 4334 9
484 4342 8
485 4349 7
486 4358 9
487 4367 9
488 4377 10
489 4387 10
490 4397 10
491 4407 10
492 4417 10
493 4426 9
494 4435 9
495 4443 8
496 4453 10
497 4462 9
498 4472 10
499 4478 6
500 4488 10
