1 5 5
2 11 6
3 15 4
4 22 7
5 26 4
6 32 6
7 37 5
8 44 7
9 50 6
10 60 10
11 66 6
12 73 7
13 82 9
14 89 7
15 95 6
16 101 6
17 108 7
18 116 8
19 124 8
20 131 7
21 140 9
22 148 8
23 155 7
24 165 10
25 173 8
26 181 8
27 188 7
28 197 9
29 206 9
30 213 7
31 222 9
32 230 8
33 238 8
34 245 7
35 251 6
36 258 7
37 267 9
38 275 8
39 283 8
40 292 9
41 300 8
42 310 10
43 319 9
44 326 7
45 334 8
46 343 9
47 351 8
48 359 8
49 369 10
50 379 10
51 388 9
52 398 10
53 406 8
54 414 8
55 423 9
56 432 9
57 442 10
58 450 8
59 459 9
60 467 8
61 475 8
62 484 9
63 492 8
64 501 9
65 508 7
66 517 9
67 526 9
68 535 9
69 545 10
70 554 9
71 562 8
72 571 9
73 580 9
74 589 9
75 597 8
76 607 10
77 616 9
78 626 10
79 636 10
80 645 9
81 654 9
82 663 9
83 672 9
84 681 9
85 691 10
86 700 9
87 709 9
88 718 9
89 727 9
90 736 9
91 745 9
92 755 10
93 765 10
94 773 8
95 780 7
96 789 9
97 799 10
98 806 7
99 814 8
100 822 8
101 831 9
102 841 10
103 850 9
104 860 10
105 870 10
106 880 10
107 890 10
108 898 8
109 905 7
110 913 8
111 923 10
112 933 10
113 942 9
114 950 8
115 957 7
116 967 10
117 977 10
118 986 9
119 995 9
120 1005 10
121 1015 10
122 1024 9
123 1033 9
124 1041 8
125 1050 9
126 1058 8
127 1067 9
128 1077 10
129 1085 8
130 1093 8
131 1100 7
132 1110 10
133 1120 10
134 1129 9
135 1137 8
136 1145 8
137 1155 10
138 1164 9
139 1174 10
140 1184 10
141 1192 8
142 1201 9
143 1210 9
144 1220 10
145 1229 9
146 1239 10
147 1246 7
148 1255 9
149 1264 9
150 1272 8
151 1280 8
152 1288 8
153 1297 9
154 1307 10
155 1317 10
156 1325 8
157 1333 8
158 1342 9
159 1351 9
160 1360 9
161 1369 9
162 1378 9
163 1388 10
164 1398 10
165 1406 8
166 1415 9
167 1425 10
168 1434 9
169 1444 10
170 1451 7
171 1459 8
172 1467 8
173 1476 9
174 1484 8
175 1494 10
176 1504 10
177 1513 9
178 1523 10
179 1533 10
180 1543 10
181 1552 9
182 1559 7
183 1569 10
184 1579 10
185 1588 9
186 1597 9
187 1606 9
188 1614 8
189 1623 9
190 1632 9
191 1641 9
192 1651 10
193 1660 9
194 1669 9
195 1678 9
196 1688 10
197 1698 10
198 1708 10
199 1718 10
200 1726 8
201 1735 9
202 1744 9
203 1754 10
204 1763 9
205 1770 7
206 1779 9
207 1789 10
208 1799 10
209 1807 8
210 1817 10
211 1825 8
212 1834 9
213 1844 10
214 1854 10
215 1863 9
216 1871 8
217 1880 9
218 1888 8
219 1897 9
220 1906 9
221 1915 9
222 1924 9
223 1933 9
224 1941 8
225 1949 8
226 1958 9
227 1968 10
228 1977 9
229 1986 9
230 1996 10
231 2006 10
232 2016 10
233 2026 10
234 2035 9
235 2045 10
236 2055 10
237 2063 8
238 2071 8
239 2081 10
240 2090 9
241 2098 8
242 2108 10
243 2117 9
244 2126 9
245 2133 7
246 2142 9
247 2150 8
248 2160 10
249 2170 10
250 2179 9
251 2188 9
252 2198 10
253 2208 10
254 2218 10
255 2228 10
256 2238 10
257 2247 9
258 2256 9
259 2265 9
260 2274 9
261 2283 9
262 2292 9
263 2300 8
264 2309 9
265 2319 10
266 2326 7
267 2334 8
268 2343 9
269 2353 10
270 2362 9
271 2370 8
272 2377 7
273 2386 9
274 2396 10
275 2404 8
276 2413 9
277 2423 10
278 2432 9
279 2440 8
280 2449 9
281 2457 8
282 2467 10
283 2476 9
284 2486 10
285 2495 9
286 2504 9
287 2513 9
288 2522 9
289 2528 6
290 2536 8
291 2546 10
292 2554 8
293 2564 10
294 2573 9
295 2583 10
296 2591 8
297 2601 10
298 2611 10
299 2620 9
300 2628 8
301 2637 9
302 2645 8
303 2654 9
304 2663 9
305 2673 10
306 2682 9
307 2692 10
308 2701 9
309 2710 9
310 2719 9
311 2729 10
312 2737 8
313 2746 9
314 2754 8
315 2763 9
316 2773 10
317 2781 8
318 2791 10
319 2799 8
320 2807 8
321 2816 9
322 2825 9
323 2835 10
324 2845 10
325 2854 9
326 2862 8
327 2872 10
328 2881 9
329 2888 7
330 2897 9
331 2907 10
332 2916 9
333 2924 8
334 2934 10
335 2943 9
336 2953 10
337 2962 9
338 2971 9
339 2980 9
340 2989 9
341 2999 10
342 3009 10
343 3018 9
344 3027 9
345 3034 7
346 3043 9
347 3052 9
348 3061 9
349 3069 8
350 3079 10
351 3089 10
352 3097 8
353 3105 8
354 3114 9
355 3123 9
356 3133 10
357 3143 10
358 3150 7
359 3160 10
360 3169 9
361 3177 8
362 3186 9
363 3196 10
364 3206 10
365 3215 9
366 3224 9
367 3231 7
368 3240 9
369 3250 10
370 3260 10
371 3270 10
372 3280 10
373 3289 9
374 3298 9
375 3308 10
376 3318 10
377 3327 9
378 3336 9
379 3343 7
380 3352 9
381 3360 8
382 3366 6
383 3376 10
384 3386 10
385 3395 9
386 3404 9
387 3413 9
388 3423 10
389 3433 10
390 3442 9
391 3451 9
392 3460 9
393 3468 8
394 3478 10
395 3488 10
396 3498 10
397 3507 9
398 3515 8
399 3524 9
400 3532 8
401 3541 9
402 3550 9
403 3559 9
404 3568 9
405 3577 9
406 3587 10
407 3596 9
408 3603 7
409 3612 9
410 3622 10
411 3632 10
412 3641 9
413 3650 9
414 3659 9
415 3669 10
416 3678 9
417 3688 10
418 3696 8
419 3705 9
420 3714 9
421 3724 10
422 3733 9
423 3741 8
424 3750 9
425 3760 10
426 3770 10
427 3780 10
428 3789 9
429 3798 9
430 3808 10
431 3816 8
432 3826 10
433 3836 10
434 3844 8
435 3853 9
436 3863 10
437 3873 10
438 3882 9
439 3890 8
440 3898 8
441 3908 10
442 3918 10
443 3927 9
444 3935 8
445 3943 8
446 3952 9
447 3962 10
448 3971 9
449 3980 9
450 3988 8
451 3996 8
452 4006 10
453 4015 9
454 4024 9
455 4034 10
456 4042 8
457 4052 10
458 4060 8
459 4070 10
460 4079 9
461 4089 10
462 4098 9
463 4106 8
464 4116 10
465 4125 9
466 4133 8
467 4142 9
468 4151 9
469 4159 8
470 4169 10
471 4179 10
472 4187 8
473 4193 6
474 4203 10
475 4211 8
476 4220 9
477 4229 9
478 4239 10
479 4248 9
480 4256 8
481 4266 10
482 4276 10
483 4286 10
484 4295 9
485 4305 10
486 4314 9
487 4323 9
488 4331 8
489 4339 8
490 4349 10
491 4358 9
492 4368 10
493 4375 7
494 4385 10
495 4392 7
496 4402 10
497 4412 10
498 4422 10
499 4432 10
500 4441 9
