1 5 5
2 11 6
3 15 4
4 20 5
5 25 5
6 33 8
7 39 6
8 47 8
9 55 8
10 63 8
11 70 7
12 78 8
13 88 10
14 96 8
15 102 6
16 110 8
17 118 8
18 126 8
19 134 8
20 141 7
21 150 9
22 159 9
23 167 8
24 176 9
25 186 10
26 195 9
27 203 8
28 210 7
29 219 9
30 228 9
31 237 9
32 246 9
33 253 7
34 263 10
35 271 8
36 280 9
37 289 9
38 298 9
39 308 10
40 316 8
41 323 7
42 331 8
43 341 10
44 349 8
45 358 9
46 368 10
47 378 10
48 388 10
49 397 9
50 406 9
51 414 8
52 422 8
53 432 10
54 442 10
55 450 8
56 457 7
57 467 10
58 475 8
59 484 9
60 494 10
61 502 8
62 511 9
63 520 9
64 527 7
65 536 9
66 543 7
67 552 9
68 561 9
69 569 8
70 579 10
71 587 8
72 596 9
73 605 9
74 615 10
75 624 9
76 633 9
77 643 10
78 650 7
79 660 10
80 670 10
81 679 9
82 689 10
83 698 9
84 707 9
85 716 9
86 723 7
87 732 9
88 742 10
89 752 10
90 761 9
91 771 10
92 781 10
93 791 10
94 799 8
95 808 9
96 816 8
97 823 7
98 830 7
99 838 8
100 848 10
101 858 10
102 866 8
103 875 9
104 884 9
105 894 10
106 903 9
107 912 9
108 921 9
109 929 8
110 939 10
111 948 9
112 958 10
113 967 9
114 976 9
115 986 10
116 994 8
117 1002 8
118 1012 10
119 1022 10
120 1032 10
121 1039 7
122 1048 9
123 1058 10
124 1068 10
125 1077 9
126 1086 9
127 1095 9
128 1105 10
129 1115 10
130 1125 10
131 1134 9
132 1142 8
133 1150 8
134 1159 9
135 1168 9
136 1177 9
137 1185 8
138 1194 9
139 1203 9
140 1212 9
141 1222 10
142 1232 10
143 1240 8
144 1250 10
145 1257 7
146 1266 9
147 1275 9
148 1284 9
149 1293 9
150 1302 9
151 1310 8
152 1319 9
153 1329 10
154 1339 10
155 1349 10
156 1358 9
157 1365 7
158 1373 8
159 1380 7
160 1388 8
161 1397 9
162 1407 10
163 1415 8
164 1424 9
165 1434 10
166 1442 8
167 1451 9
168 1461 10
169 1471 10
170 1480 9
171 1489 9
172 1497 8
173 1506 9
174 1516 10
175 1526 10
176 1536 10
177 1545 9
178 1554 9
179 1563 9
180 1573 10
181 1582 9
182 1591 9
183 1599 8
184 1608 9
185 1617 9
186 1626 9
187 1636 10
188 1646 10
189 1654 8
190 1664 10
191 1673 9
192 1682 9
193 1692 10
194 1701 9
195 1711 10
196 1721 10
197 1728 7
198 1733 5
199 1743 10
200 1751 8
201 1761 10
202 1771 10
203 1781 10
204 1790 9
205 1798 8
206 1807 9
207 1816 9
208 1826 10
209 1834 8
210 1841 7
211 1851 10
212 1860 9
213 1870 10
214 1879 9
215 1886 7
216 1896 10
217 1904 8
218 1913 9
219 1923 10
220 1932 9
221 1940 8
222 1949 9
223 1959 10
224 1967 8
225 1976 9
226 1986 10
227 1994 8
228 2003 9
229 2011 8
230 2021 10
231 2030 9
232 2040 10
233 2049 9
234 2058 9
235 2067 9
236 2077 10
237 2085 8
238 2093 8
239 2103 10
240 2112 9
241 2122 10
242 2131 9
243 2140 9
244 2149 9
245 2159 10
246 2166 7
247 2176 10
248 2186 10
249 2196 10
250 2205 9
251 2214 9
252 2223 9
253 2233 10
254 2242 9
255 2252 10
256 2262 10
257 2270 8
258 2280 10
259 2290 10
260 2299 9
261 2309 10
262 2318 9
263 2325 7
264 2335 10
265 2344 9
266 2354 10
267 2363 9
268 2372 9
269 2381 9
270 2391 10
271 2401 10
272 2411 10
273 2420 9
274 2429 9
275 2439 10
276 2448 9
277 2458 10
278 2466 8
279 2476 10
280 2486 10
281 2496 10
282 2505 9
283 2512 7
284 2521 9
285 2531 10
286 2541 10
287 2551 10
288 2561 10
289 2570 9
290 2578 8
291 2584 6
292 2594 10
293 2602 8
294 2612 10
295 2619 7
296 2628 9
297 2638 10
298 2648 10
299 2658 10
300 2668 10
301 2677 9
302 2687 10
303 2697 10
304 2707 10
305 2717 10
306 2726 9
307 2736 10
308 2746 10
309 2755 9
310 2763 8
311 2772 9
312 2782 10
313 2792 10
314 2801 9
315 2811 10
316 2819 8
317 2828 9
318 2837 9
319 2845 8
320 2855 10
321 2865 10
322 2875 10
323 2884 9
324 2894 10
325 2904 10
326 2914 10
327 2923 9
328 2931 8
329 2939 8
330 2947 8
331 2956 9
332 2964 8
333 2974 10
334 2984 10
335 2994 10
336 3003 9
337 3013 10
338 3021 8
339 3030 9
340 3040 10
341 3049 9
342 3057 8
343 3067 10
344 3075 8
345 3084 9
346 3092 8
347 3101 9
348 3110 9
349 3119 9
350 3127 8
351 3136 9
352 3146 10
353 3156 10
354 3165 9
355 3175 10
356 3184 9
357 3192 8
358 3200 8
359 3210 10
360 3219 9
361 3229 10
362 3238 9
363 3248 10
364 3258 10
365 3267 9
366 3277 10
367 3286 9
368 3296 10
369 3306 10
370 3313 7
371 3322 9
372 3330 8
373 3340 10
374 3348 8
375 3356 8
376 3366 10
377 3374 8
378 3382 8
379 3392 10
380 3402 10
381 3412 10
382 3422 10
383 3432 10
384 3442 10
385 3451 9
386 3459 8
387 3469 10
388 3476 7
389 3485 9
390 3495 10
391 3505 10
392 3514 9
393 3522 8
394 3532 10
395 3542 10
396 3550 8
397 3560 10
398 3569 9
399 3579 10
400 3588 9
401 3598 10
402 3608 10
403 3615 7
404 3624 9
405 3633 9
406 3642 9
407 3651 9
408 3659 8
409 3668 9
410 3676 8
411 3686 10
412 3696 10
413 3706 10
414 3715 9
415 3724 9
416 3733 9
417 3742 9
418 3750 8
419 3760 10
420 3768 8
421 3778 10
422 3788 10
423 3797 9
424 3807 10
425 3815 8
426 3824 9
427 3832 8
428 3842 10
429 3852 10
430 3862 10
431 3870 8
432 3880 10
433 3889 9
434 3898 9
435 3908 10
436 3918 10
437 3926 8
438 3936 10
439 3944 8
440 3953 9
441 3962 9
442 3972 10
443 3982 10
444 3991 9
445 4001 10
446 4011 10
447 4020 9
448 4029 9
449 4038 9
450 4047 9
451 4057 10
452 4067 10
453 4076 9
454 4086 10
455 4094 8
456 4104 10
457 4114 10
458 4121 7
459 4129 8
460 4138 9
461 4148 10
462 4156 8
463 4165 9
464 4174 9
465 4183 9
466 4192 9
467 4202 10
468 4212 10
469 4222 10
470 4231 9
471 4240 9
472 4248 8
473 4258 10
474 4268 10
475 4278 10
476 4288 10
477 4297 9
478 4307 10
479 4316 9
480 4325 9
481 4335 10
482 4344 9
483 4354 10
484 4363 9
485 4372 9
486 4381 9
487 4390 9
488 4399 9
489 4409 10
490 4417 8
491 4427 10
492 4437 10
493 4446 9
494 4455 9
495 4465 10
496 4475 10
497 4482 7
498 4489 7
499 4499 10
500 4509 10
