1 2 2
2 6 4
3 11 5
4 17 6
5 22 5
6 27 5
7 35 8
8 43 8
9 52 9
10 60 8
11 67 7
12 77 10
13 84 7
14 93 9
15 103 10
16 112 9
17 120 8
18 129 9
19 136 7
20 144 8
21 154 10
22 163 9
23 169 6
24 177 8
25 185 8
26 193 8
27 202 9
28 212 10
29 219 7
30 229 10
31 234 5
32 244 10
33 251 7
34 261 10
35 270 9
36 278 8
37 286 8
38 294 8
39 303 9
40 312 9
41 320 8
42 330 10
43 340 10
44 350 10
45 357 7
46 367 10
47 375 8
48 384 9
49 393 9
50 400 7
51 410 10
52 419 9
53 428 9
54 435 7
55 444 9
56 451 7
57 460 9
58 469 9
59 479 10
60 487 8
61 497 10
62 506 9
63 516 10
64 524 8
65 533 9
66 542 9
67 549 7
68 558 9
69 567 9
70 576 9
71 584 8
72 594 10
73 602 8
74 610 8
75 620 10
76 630 10
77 638 8
78 648 10
79 657 9
80 665 8
81 674 9
82 684 10
83 693 9
84 702 9
85 712 10
86 722 10
87 730 8
88 738 8
89 747 9
90 754 7
91 764 10
92 772 8
93 781 9
94 787 6
95 796 9
96 804 8
97 814 10
98 823 9
99 831 8
100 839 8
101 848 9
102 857 9
103 866 9
104 875 9
105 883 8
106 893 10
107 901 8
108 910 9
109 919 9
110 928 9
111 937 9
112 947 10
113 955 8
114 965 10
115 975 10
116 985 10
117 995 10
118 1005 10
119 1015 10
120 1023 8
121 1033 10
122 1042 9
123 1052 10
124 1061 9
125 1070 9
126 1079 9
127 1088 9
128 1098 10
129 1107 9
130 1117 10
131 1125 8
132 1133 8
133 1143 10
134 1153 10
135 1163 10
136 1171 8
137 1179 8
138 1188 9
139 1197 9
140 1207 10
141 1217 10
142 1227 10
143 1236 9
144 1242 6
145 1252 10
146 1261 9
147 1269 8
148 1279 10
149 1289 10
150 1297 8
151 1307 10
152 1317 10
153 1327 10
154 1335 8
155 1343 8
156 1352 9
157 1361 9
158 1371 10
159 1381 10
160 1390 9
161 1400 10
162 1410 10
163 1420 10
164 1429 9
165 1437 8
166 1447 10
167 1457 10
168 1466 9
169 1474 8
170 1484 10
171 1492 8
172 1502 10
173 1509 7
174 1517 8
175 1525 8
176 1535 10
177 1545 10
178 1555 10
179 1565 10
180 1575 10
181 1582 7
182 1590 8
183 1599 9
184 1607 8
185 1617 10
186 1626 9
187 1635 9
188 1644 9
189 1653 9
190 1663 10
191 1672 9
192 1682 10
193 1691 9
194 1701 10
195 1710 9
196 1718 8
197 1728 10
198 1737 9
199 1744 7
200 1754 10
201 1762 8
202 1771 9
203 1778 7
204 1788 10
205 1798 10
206 1805 7
207 1815 10
208 1825 10
209 1833 8
210 1841 8
211 1851 10
212 1858 7
213 1867 9
214 1877 10
215 1887 10
216 1895 8
217 1905 10
218 1914 9
219 1923 9
220 1931 8
221 1939 8
222 1949 10
223 1957 8
224 1966 9
225 1976 10
226 1985 9
227 1992 7
228 2001 9
229 2011 10
230 2021 10
231 2031 10
232 2041 10
233 2049 8
234 2057 8
235 2067 10
236 2076 9
237 2085 9
238 2092 7
239 2102 10
240 2110 8
241 2120 10
242 2129 9
243 2137 8
244 2146 9
245 2155 9
246 2164 9
247 2173 9
248 2182 9
249 2189 7
250 2199 10
251 2208 9
252 2216 8
253 2225 9
254 2235 10
255 2244 9
256 2254 10
257 2263 9
258 2271 8
259 2280 9
260 2289 9
261 2299 10
262 2309 10
263 2318 9
264 2327 9
265 2336 9
266 2346 10
267 2355 9
268 2364 9
269 2373 9
270 2382 9
271 2392 10
272 2402 10
273 2412 10
274 2421 9
275 2431 10
276 2441 10
277 2450 9
278 2458 8
279 2467 9
280 2476 9
281 2486 10
282 2495 9
283 2502 7
284 2511 9
285 2520 9
286 2527 7
287 2537 10
288 2546 9
289 2556 10
290 2565 9
291 2574 9
292 2584 10
293 2593 9
294 2602 9
295 2611 9
296 2621 10
297 2631 10
298 2640 9
299 2650 10
300 2659 9
301 2668 9
302 2678 10
303 2688 10
304 2697 9
305 2706 9
306 2716 10
307 2725 9
308 2732 7
309 2740 8
310 2749 9
311 2758 9
312 2768 10
313 2776 8
314 2786 10
315 2796 10
316 2805 9
317 2813 8
318 2823 10
319 2832 9
320 2841 9
321 2850 9
322 2860 10
323 2869 9
324 2879 10
325 2886 7
326 2893 7
327 2903 10
328 2913 10
329 2923 10
330 2933 10
331 2942 9
332 2951 9
333 2959 8
334 2969 10
335 2979 10
336 2989 10
337 2997 8
338 3004 7
339 3013 9
340 3023 10
341 3033 10
342 3041 8
343 3050 9
344 3058 8
345 3066 8
346 3076 10
347 3084 8
348 3094 10
349 3104 10
350 3114 10
351 3124 10
352 3134 10
353 3144 10
354 3154 10
355 3164 10
356 3174 10
357 3184 10
358 3194 10
359 3204 10
360 3213 9
361 3222 9
362 3231 9
363 3240 9
364 3250 10
365 3260 10
366 3270 10
367 3280 10
368 3289 9
369 3299 10
370 3307 8
371 3315 8
372 3325 10
373 3334 9
374 3344 10
375 3354 10
376 3364 10
377 3374 10
378 3383 9
379 3390 7
380 3399 9
381 3409 10
382 3418 9
383 3426 8
384 3436 10
385 3446 10
386 3456 10
387 3463 7
388 3473 10
389 3483 10
390 3492 9
391 3502 10
392 3508 6
393 3518 10
394 3527 9
395 3537 10
396 3546 9
397 3556 10
398 3564 8
399 3573 9
400 3582 9
401 3592 10
402 3600 8
403 3610 10
404 3618 8
405 3624 6
406 3634 10
407 3644 10
408 3653 9
409 3663 10
410 3673 10
411 3682 9
412 3690 8
413 3699 9
414 3706 7
415 3716 10
416 3725 9
417 3735 10
418 3745 10
419 3755 10
420 3765 10
421 3775 10
422 3783 8
423 3793 10
424 3801 8
425 3810 9
426 3819 9
427 3828 9
428 3836 8
429 3844 8
430 3853 9
431 3863 10
432 3873 10
433 3882 9
434 3892 10
435 3900 8
436 3909 9
437 3918 9
438 3928 10
439 3938 10
440 3947 9
441 3955 8
442 3964 9
443 3974 10
444 3984 10
445 3992 8
446 4002 10
447 4011 9
448 4020 9
449 4029 9
450 4039 10
451 4049 10
452 4057 8
453 4067 10
454 4077 10
455 4087 10
456 4097 10
457 4107 10
458 4117 10
459 4126 9
460 4136 10
461 4146 10
462 4154 8
463 4163 9
464 4172 9
465 4182 10
466 4191 9
467 4201 10
468 4209 8
469 4217 8
470 4227 10
471 4237 10
472 4245 8
473 4255 10
474 4264 9
475 4274 10
476 4284 10
477 4293 9
478 4303 10
479 4313 10
480 4323 10
481 4332 9
482 4342 10
483 4351 9
484 4360 9
485 4370 10
486 4379 9
487 4388 9
488 4394 6
489 4403 9
490 4413 10
491 4423 10
492 4432 9
493 4441 9
494 4451 10
495 4460 9
496 4468 8
497 4478 10
498 4488 10
499 4498 10
500 4508 10
