1 4 4
2 11 7
3 18 7
4 25 7
5 32 7
6 39 7
7 47 8
8 54 7
9 63 9
10 69 6
11 75 6
12 82 7
13 89 7
14 98 9
15 107 9
16 116 9
17 123 7
18 130 7
19 138 8
20 146 8
21 153 7
22 162 9
23 171 9
24 180 9
25 187 7
26 197 10
27 205 8
28 212 7
29 221 9
30 231 10
31 239 8
32 248 9
33 256 8
34 264 8
35 274 10
36 283 9
37 292 9
38 298 6
39 306 8
40 314 8
41 323 9
42 333 10
43 340 7
44 349 9
45 357 8
46 367 10
47 376 9
48 384 8
49 394 10
50 402 8
51 411 9
52 419 8
53 428 9
54 437 9
55 447 10
56 457 10
57 465 8
58 472 7
59 481 9
60 489 8
61 497 8
62 505 8
63 515 10
64 525 10
65 534 9
66 542 8
67 552 10
68 562 10
69 569 7
70 578 9
71 587 9
72 595 8
73 602 7
74 610 8
75 618 8
76 628 10
77 637 9
78 646 9
79 656 10
80 665 9
81 674 9
82 683 9
83 690 7
84 699 9
85 708 9
86 717 9
87 726 9
88 735 9
89 742 7
90 751 9
91 761 10
92 768 7
93 776 8
94 782 6
95 790 8
96 799 9
97 808 9
98 817 9
99 826 9
100 835 9
101 843 8
102 853 10
103 861 8
104 871 10
105 881 10
106 890 9
107 898 8
108 906 8
109 914 8
110 924 10
111 934 10
112 943 9
113 952 9
114 960 8
115 968 8
116 977 9
117 987 10
118 995 8
119 1005 10
120 1014 9
121 1023 9
122 1032 9
123 1041 9
124 1049 8
125 1058 9
126 1067 9
127 1075 8
128 1085 10
129 1093 8
130 1101 8
131 1109 8
132 1118 9
133 1128 10
134 1135 7
135 1143 8
136 1152 9
137 1160 8
138 1170 10
139 1180 10
140 1190 10
141 1199 9
142 1206 7
143 1214 8
144 1222 8
145 1229 7
146 1237 8
147 1244 7
148 1253 9
149 1263 10
150 1272 9
151 1281 9
152 1290 9
153 1299 9
154 1307 8
155 1316 9
156 1324 8
157 1333 9
158 1343 10
159 1353 10
160 1361 8
161 1371 10
162 1379 8
163 1389 10
164 1399 10
165 1408 9
166 1418 10
167 1427 9
168 1437 10
169 1446 9
170 1456 10
171 1465 9
172 1475 10
173 1485 10
174 1493 8
175 1502 9
176 1511 9
177 1521 10
178 1529 8
179 1539 10
180 1549 10
181 1558 9
182 1567 9
183 1576 9
184 1586 10
185 1595 9
186 1603 8
187 1613 10
188 1623 10
189 1631 8
190 1641 10
191 1651 10
192 1661 10
193 1671 10
194 1681 10
195 1691 10
196 1701 10
197 1710 9
198 1719 9
199 1729 10
200 1737 8
201 1747 10
202 1756 9
203 1765 9
204 1774 9
205 1784 10
206 1793 9
207 1803 10
208 1813 10
209 1823 10
210 1832 9
211 1841 9
212 1850 9
213 1859 9
214 1868 9
215 1877 9
216 1886 9
217 1896 10
218 1905 9
219 1915 10
220 1925 10
221 1933 8
222 1942 9
223 1952 10
224 1961 9
225 1969 8
226 1979 10
227 1989 10
228 1998 9
229 2008 10
230 2017 9
231 2027 10
232 2036 9
233 2046 10
234 2055 9
235 2063 8
236 2072 9
237 2081 9
238 2090 9
239 2100 10
240 2110 10
241 2119 9
242 2127 8
243 2136 9
244 2145 9
245 2155 10
246 2164 9
247 2174 10
248 2183 9
249 2192 9
250 2201 9
251 2211 10
252 2219 8
253 2228 9
254 2238 10
255 2246 8
256 2255 9
257 2265 10
258 2271 6
259 2280 9
260 2289 9
261 2298 9
262 2307 9
263 2317 10
264 2327 10
265 2335 8
266 2344 9
267 2354 10
268 2363 9
269 2372 9
270 2381 9
271 2390 9
272 2400 10
273 2410 10
274 2420 10
275 2429 9
276 2438 9
277 2448 10
278 2458 10
279 2468 10
280 2478 10
281 2487 9
282 2496 9
283 2501 5
284 2511 10
285 2520 9
286 2529 9
287 2538 9
288 2547 9
289 2556 9
290 2566 10
291 2576 10
292 2584 8
293 2593 9
294 2602 9
295 2612 10
296 2622 10
297 2631 9
298 2641 10
299 2650 9
300 2659 9
301 2668 9
302 2677 9
303 2686 9
304 2695 9
305 2702 7
306 2711 9
307 2720 9
308 2730 10
309 2740 10
310 2750 10
311 2760 10
312 2768 8
313 2777 9
314 2786 9
315 2795 9
316 2805 10
317 2815 10
318 2824 9
319 2833 9
320 2842 9
321 2852 10
322 2862 10
323 2871 9
324 2881 10
325 2890 9
326 2898 8
327 2908 10
328 2916 8
329 2926 10
330 2935 9
331 2943 8
332 2952 9
333 2961 9
334 2971 10
335 2981 10
336 2991 10
337 3001 10
338 3011 10
339 3021 10
340 3030 9
341 3040 10
342 3049 9
343 3058 9
344 3066 8
345 3075 9
346 3083 8
347 3093 10
348 3103 10
349 3113 10
350 3123 10
351 3133 10
352 3142 9
353 3151 9
354 3159 8
355 3167 8
356 3177 10
357 3186 9
358 3195 9
359 3205 10
360 3215 10
361 3225 10
362 3234 9
363 3243 9
364 3251 8
365 3261 10
366 3271 10
367 3281 10
368 3290 9
369 3298 8
370 3308 10
371 3316 8
372 3326 10
373 3335 9
374 3345 10
375 3355 10
376 3364 9
377 3374 10
378 3384 10
379 3394 10
380 3404 10
381 3414 10
382 3423 9
383 3433 10
384 3442 9
385 3450 8
386 3458 8
387 3466 8
388 3476 10
389 3486 10
390 3496 10
391 3505 9
392 3515 10
393 3525 10
394 3535 10
395 3544 9
396 3554 10
397 3563 9
398 3573 10
399 3583 10
400 3592 9
401 3602 10
402 3611 9
403 3620 9
404 3630 10
405 3640 10
406 3649 9
407 3658 9
408 3667 9
409 3676 9
410 3684 8
411 3694 10
412 3704 10
413 3713 9
414 3723 10
415 3733 10
416 3743 10
417 3753 10
418 3762 9
419 3771 9
420 3780 9
421 3790 10
422 3799 9
423 3808 9
424 3817 9
425 3827 10
426 3836 9
427 3846 10
428 3856 10
429 3865 9
430 3874 9
431 3884 10
432 3894 10
433 3903 9
434 3912 9
435 3922 10
436 3931 9
437 3939 8
438 3947 8
439 3956 9
440 3965 9
441 3975 10
442 3985 10
443 3995 10
444 4004 9
445 4014 10
446 4024 10
447 4033 9
448 4042 9
449 4051 9
450 4059 8
451 4069 10
452 4078 9
453 4088 10
454 4096 8
455 4103 7
456 4113 10
457 4122 9
458 4129 7
459 4137 8
460 4147 10
461 4156 9
462 4165 9
463 4175 10
464 4183 8
465 4192 9
466 4200 8
467 4209 9
468 4219 10
469 4227 8
470 4237 10
471 4247 10
472 4257 10
473 4265 8
474 4274 9
475 4283 9
476 4293 10
477 4302 9
478 4312 10
479 4322 10
480 4331 9
481 4338 7
482 4347 9
483 4357 10
484 4367 10
485 4376 9
486 4385 9
487 4394 9
488 4404 10
489 4413 9
490 4423 10
491 4433 10
492 4442 9
493 4450 8
494 4458 8
495 4467 9
496 4475 8
497 4485 10
498 4495 10
499 4504 9
500 4514 10
