1 7 7
2 14 7
3 21 7
4 27 6
5 33 6
6 39 6
7 46 7
8 52 6
9 56 4
10 64 8
11 72 8
12 79 7
13 86 7
14 94 8
15 102 8
16 107 5
17 117 10
18 126 9
19 132 6
20 140 8
21 149 9
22 157 8
23 166 9
24 174 8
25 182 8
26 191 9
27 201 10
28 210 9
29 219 9
30 225 6
31 234 9
32 243 9
33 253 10
34 259 6
35 268 9
36 276 8
37 283 7
38 293 10
39 301 8
40 310 9
41 319 9
42 327 8
43 334 7
44 342 8
45 352 10
46 362 10
47 371 9
48 379 8
49 388 9
50 397 9
51 407 10
52 417 10
53 427 10
54 436 9
55 446 10
56 456 10
57 465 9
58 475 10
59 483 8
60 490 7
61 499 9
62 508 9
63 516 8
64 525 9
65 534 9
66 542 8
67 550 8
68 559 9
69 568 9
70 577 9
71 587 10
72 597 10
73 606 9
74 616 10
75 625 9
76 634 9
77 644 10
78 653 9
79 661 8
80 669 8
81 678 9
82 688 10
83 698 10
84 707 9
85 717 10
86 726 9
87 735 9
88 743 8
89 753 10
90 763 10
91 773 10
92 782 9
93 791 9
94 801 10
95 811 10
96 820 9
97 829 9
98 838 9
99 846 8
100 854 8
101 864 10
102 871 7
103 880 9
104 889 9
105 898 9
106 907 9
107 917 10
108 926 9
109 936 10
110 945 9
111 951 6
112 960 9
113 970 10
114 979 9
115 988 9
116 998 10
117 1008 10
118 1018 10
119 1027 9
120 1036 9
121 1044 8
122 1054 10
123 1064 10
124 1073 9
125 1083 10
126 1093 10
127 1102 9
128 1111 9
129 1118 7
130 1128 10
131 1138 10
132 1146 8
133 1155 9
134 1165 10
135 1173 8
136 1183 10
137 1190 7
138 1200 10
139 1209 9
140 1217 8
141 1225 8
142 1235 10
143 1242 7
144 1251 9
145 1260 9
146 1269 9
147 1279 10
148 1289 10
149 1298 9
150 1307 9
151 1317 10
152 1327 10
153 1336 9
154 1345 9
155 1354 9
156 1363 9
157 1371 8
158 1380 9
159 1389 9
160 1395 6
161 1404 9
162 1413 9
163 1423 10
164 1430 7
165 1440 10
166 1450 10
167 1460 10
168 1468 8
169 1478 10
170 1487 9
171 1496 9
172 1506 10
173 1515 9
174 1525 10
175 1534 9
176 1542 8
177 1551 9
178 1560 9
179 1570 10
180 1578 8
181 1588 10
182 1598 10
183 1607 9
184 1615 8
185 1625 10
186 1635 10
187 1643 8
188 1653 10
189 1663 10
190 1671 8
191 1681 10
192 1690 9
193 1699 9
194 1708 9
195 1718 10
196 1728 10
197 1738 10
198 1748 10
199 1755 7
200 1764 9
201 1774 10
202 1784 10
203 1790 6
204 1799 9
205 1806 7
206 1815 9
207 1823 8
208 1832 9
209 1842 10
210 1851 9
211 1861 10
212 1870 9
213 1880 10
214 1890 10
215 1899 9
216 1908 9
217 1916 8
218 1926 10
219 1936 10
220 1945 9
221 1955 10
222 1965 10
223 1974 9
224 1983 9
225 1992 9
226 2002 10
227 2011 9
228 2020 9
229 2028 8
230 2036 8
231 2046 10
232 2056 10
233 2066 10
234 2076 10
235 2086 10
236 2095 9
237 2105 10
238 2113 8
239 2118 5
240 2127 9
241 2137 10
242 2147 10
243 2156 9
244 2165 9
245 2175 10
246 2185 10
247 2195 10
248 2202 7
249 2211 9
250 2220 9
251 2230 10
252 2240 10
253 2247 7
254 2256 9
255 2266 10
256 2275 9
257 2284 9
258 2292 8
259 2301 9
260 2310 9
261 2319 9
262 2329 10
263 2339 10
264 2349 10
265 2356 7
266 2365 9
267 2374 9
268 2384 10
269 2393 9
270 2402 9
271 2410 8
272 2420 10
273 2430 10
274 2438 8
275 2448 10
276 2458 10
277 2468 10
278 2478 10
279 2487 9
280 2496 9
281 2506 10
282 2516 10
283 2525 9
284 2535 10
285 2544 9
286 2554 10
287 2562 8
288 2572 10
289 2581 9
290 2590 9
291 2600 10
292 2609 9
293 2619 10
294 2629 10
295 2638 9
296 2647 9
297 2655 8
298 2664 9
299 2673 9
300 2683 10
301 2692 9
302 2702 10
303 2711 9
304 2720 9
305 2730 10
306 2740 10
307 2748 8
308 2758 10
309 2768 10
310 2777 9
311 2787 10
312 2797 10
313 2805 8
314 2815 10
315 2825 10
316 2834 9
317 2842 8
318 2850 8
319 2860 10
320 2869 9
321 2878 9
322 2888 10
323 2898 10
324 2907 9
325 2916 9
326 2926 10
327 2935 9
328 2945 10
329 2955 10
330 2964 9
331 2972 8
332 2980 8
333 2989 9
334 2998 9
335 3007 9
336 3017 10
337 3027 10
338 3037 10
339 3045 8
340 3055 10
341 3065 10
342 3075 10
343 3083 8
344 3091 8
345 3099 8
346 3107 8
347 3116 9
348 3126 10
349 3136 10
350 3144 8
351 3151 7
352 3159 8
353 3168 9
354 3176 8
355 3185 9
356 3195 10
357 3203 8
358 3212 9
359 3222 10
360 3231 9
361 3241 10
362 3250 9
363 3259 9
364 3268 9
365 3278 10
366 3288 10
367 3298 10
368 3308 10
369 3317 9
370 3327 10
371 3337 10
372 3346 9
373 3353 7
374 3361 8
375 3371 10
376 3381 10
377 3390 9
378 3399 9
379 3409 10
380 3419 10
381 3425 6
382 3435 10
383 3445 10
384 3455 10
385 3464 9
386 3473 9
387 3483 10
388 3492 9
389 3502 10
390 3511 9
391 3520 9
392 3530 10
393 3539 9
394 3547 8
395 3554 7
396 3562 8
397 3570 8
398 3579 9
399 3587 8
400 3596 9
401 3606 10
402 3616 10
403 3623 7
404 3633 10
405 3642 9
406 3650 8
407 3657 7
408 3666 9
409 3676 10
410 3686 10
411 3695 9
412 3704 9
413 3713 9
414 3722 9
415 3732 10
416 3741 9
417 3751 10
418 3761 10
419 3771 10
420 3780 9
421 3789 9
422 3796 7
423 3805 9
424 3813 8
425 3822 9
426 3831 9
427 3841 10
428 3850 9
429 3860 10
430 3870 10
431 3879 9
432 3888 9
433 3897 9
434 3907 10
435 3917 10
436 3926 9
437 3936 10
438 3946 10
439 3955 9
440 3965 10
441 3970 5
442 3979 9
443 3987 8
444 3997 10
445 4006 9
446 4016 10
447 4026 10
448 4034 8
449 4041 7
450 4051 10
451 4061 10
452 4070 9
453 4079 9
454 4088 9
455 4097 9
456 4107 10
457 4117 10
458 4127 10
459 4135 8
460 4145 10
461 4155 10
462 4165 10
463 4175 10
464 4184 9
465 4193 9
466 4201 8
467 4209 8
468 4218 9
469 4227 9
470 4237 10
471 4246 9
472 4254 8
473 4264 10
474 4274 10
475 4283 9
476 4292 9
477 4301 9
478 4310 9
479 4320 10
480 4328 8
481 4338 10
482 4347 9
483 4357 10
484 4367 10
485 4376 9
486 4385 9
487 4393 8
488 4402 9
489 4411 9
490 4421 10
491 4431 10
492 4440 9
493 4450 10
494 4458 8
495 4468 10
496 4478 10
497 4486 8
498 4496 10
499 4506 10
500 4516 10
