1 3 3
2 10 7
3 17 7
4 22 5
5 25 3
6 30 5
7 38 8
8 44 6
9 53 9
10 59 6
11 64 5
12 69 5
13 77 8
14 83 6
15 90 7
16 99 9
17 106 7
18 113 7
19 122 9
20 130 8
21 138 8
22 145 7
23 152 7
24 160 8
25 168 8
26 178 10
27 187 9
28 196 9
29 204 8
30 211 7
31 220 9
32 229 9
33 237 8
34 247 10
35 256 9
36 264 8
37 273 9
38 283 10
39 293 10
40 301 8
41 311 10
42 320 9
43 329 9
44 339 10
45 349 10
46 359 10
47 368 9
48 377 9
49 387 10
50 396 9
51 406 10
52 415 9
53 425 10
54 434 9
55 443 9
56 451 8
57 459 8
58 468 9
59 478 10
60 485 7
61 494 9
62 504 10
63 514 10
64 522 8
65 531 9
66 540 9
67 550 10
68 559 9
69 565 6
70 574 9
71 582 8
72 590 8
73 598 8
74 607 9
75 616 9
76 623 7
77 632 9
78 642 10
79 651 9
80 661 10
81 670 9
82 679 9
83 687 8
84 696 9
85 705 9
86 715 10
87 721 6
88 730 9
89 740 10
90 750 10
91 758 8
92 767 9
93 777 10
94 787 10
95 795 8
96 802 7
97 812 10
98 822 10
99 831 9
100 840 9
101 849 9
102 859 10
103 869 10
104 876 7
105 884 8
106 892 8
107 901 9
108 910 9
109 918 8
110 928 10
111 937 9
112 946 9
113 955 9
114 965 10
115 972 7
116 981 9
117 991 10
118 1001 10
119 1011 10
120 1021 10
121 1031 10
122 1041 10
123 1050 9
124 1060 10
125 1069 9
126 1078 9
127 1087 9
128 1096 9
129 1105 9
130 1109 4
131 1119 10
132 1129 10
133 1137 8
134 1146 9
135 1155 9
136 1164 9
137 1174 10
138 1184 10
139 1194 10
140 1204 10
141 1214 10
142 1224 10
143 1232 8
144 1240 8
145 1249 9
146 1258 9
147 1267 9
148 1277 10
149 1285 8
150 1293 8
151 1302 9
152 1312 10
153 1321 9
154 1331 10
155 1339 8
156 1348 9
157 1357 9
158 1365 8
159 1372 7
160 1382 10
161 1390 8
162 1399 9
163 1409 10
164 1419 10
165 1427 8
166 1436 9
167 1445 9
168 1453 8
169 1463 10
170 1471 8
171 1480 9
172 1489 9
173 1497 8
174 1506 9
175 1515 9
176 1524 9
177 1532 8
178 1541 9
179 1551 10
180 1560 9
181 1570 10
182 1580 10
183 1589 9
184 1599 10
185 1607 8
186 1615 8
187 1624 9
188 1633 9
189 1643 10
190 1652 9
191 1659 7
192 1669 10
193 1679 10
194 1689 10
195 1698 9
196 1707 9
197 1716 9
198 1725 9
199 1734 9
200 1744 10
201 1753 9
202 1762 9
203 1771 9
204 1780 9
205 1790 10
206 1799 9
207 1809 10
208 1819 10
209 1829 10
210 1839 10
211 1848 9
212 1857 9
213 1867 10
214 1875 8
215 1884 9
216 1894 10
217 1904 10
218 1913 9
219 1922 9
220 1932 10
221 1941 9
222 1951 10
223 1960 9
224 1966 6
225 1973 7
226 1982 9
227 1991 9
228 2001 10
229 2010 9
230 2018 8
231 2027 9
232 2036 9
233 2045 9
234 2054 9
235 2062 8
236 2071 9
237 2080 9
238 2090 10
239 2098 8
240 2108 10
241 2117 9
242 2126 9
243 2134 8
244 2142 8
245 2151 9
246 2157 6
247 2166 9
248 2175 9
249 2184 9
250 2193 9
251 2203 10
252 2213 10
253 2223 10
254 2231 8
255 2241 10
256 2251 10
257 2259 8
258 2269 10
259 2278 9
260 2287 9
261 2297 10
262 2307 10
263 2317 10
264 2327 10
265 2335 8
266 2345 10
267 2354 9
268 2363 9
269 2373 10
270 2381 8
271 2389 8
272 2398 9
273 2408 10
274 2417 9
275 2426 9
276 2435 9
277 2445 10
278 2453 8
279 2460 7
280 2470 10
281 2478 8
282 2487 9
283 2497 10
284 2506 9
285 2516 10
286 2524 8
287 2534 10
288 2543 9
289 2552 9
290 2562 10
291 2570 8
292 2579 9
293 2589 10
294 2598 9
295 2605 7
296 2613 8
297 2622 9
298 2631 9
299 2640 9
300 2650 10
301 2660 10
302 2670 10
303 2679 9
304 2686 7
305 2695 9
306 2705 10
307 2714 9
308 2723 9
309 2733 10
310 2743 10
311 2752 9
312 2760 8
313 2767 7
314 2776 9
315 2785 9
316 2795 10
317 2805 10
318 2813 8
319 2823 10
320 2833 10
321 2843 10
322 2853 10
323 2862 9
324 2872 10
325 2882 10
326 2892 10
327 2902 10
328 2912 10
329 2921 9
330 2929 8
331 2938 9
332 2946 8
333 2953 7
334 2963 10
335 2973 10
336 2983 10
337 2992 9
338 3001 9
339 3010 9
340 3020 10
341 3029 9
342 3039 10
343 3049 10
344 3059 10
345 3068 9
346 3078 10
347 3087 9
348 3096 9
349 3104 8
350 3110 6
351 3119 9
352 3127 8
353 3137 10
354 3143 6
355 3152 9
356 3162 10
357 3170 8
358 3180 10
359 3190 10
360 3199 9
361 3208 9
362 3218 10
363 3228 10
364 3237 9
365 3246 9
366 3254 8
367 3264 10
368 3273 9
369 3282 9
370 3291 9
371 3299 8
372 3309 10
373 3319 10
374 3328 9
375 3337 9
376 3347 10
377 3357 10
378 3366 9
379 3375 9
380 3383 8
381 3392 9
382 3401 9
383 3410 9
384 3418 8
385 3428 10
386 3438 10
387 3447 9
388 3456 9
389 3466 10
390 3475 9
391 3484 9
392 3492 8
393 3502 10
394 3512 10
395 3522 10
396 3531 9
397 3541 10
398 3550 9
399 3559 9
400 3568 9
401 3578 10
402 3588 10
403 3598 10
404 3608 10
405 3618 10
406 3626 8
407 3634 8
408 3643 9
409 3653 10
410 3661 8
411 3671 10
412 3681 10
413 3690 9
414 3700 10
415 3710 10
416 3720 10
417 3728 8
418 3736 8
419 3745 9
420 3754 9
421 3762 8
422 3771 9
423 3781 10
424 3790 9
425 3799 9
426 3808 9
427 3817 9
428 3827 10
429 3837 10
430 3846 9
431 3856 10
432 3865 9
433 3875 10
434 3885 10
435 3894 9
436 3903 9
437 3913 10
438 3922 9
439 3931 9
440 3939 8
441 3949 10
442 3959 10
443 3969 10
444 3977 8
445 3987 10
446 3996 9
447 4006 10
448 4014 8
449 4024 10
450 4034 10
451 4043 9
452 4051 8
453 4061 10
454 4071 10
455 4080 9
456 4089 9
457 4099 10
458 4108 9
459 4117 9
460 4126 9
461 4135 9
462 4144 9
463 4153 9
464 4162 9
465 4171 9
466 4180 9
467 4190 10
468 4200 10
469 4209 9
470 4217 8
471 4227 10
472 4237 10
473 4247 10
474 4257 10
475 4267 10
476 4275 8
477 4285 10
478 4295 10
479 4305 10
480 4315 10
481 4325 10
482 4335 10
483 4343 8
484 4353 10
485 4363 10
486 4371 8
487 4381 10
488 4391 10
489 4398 7
490 4408 10
491 4417 9
492 4426 9
493 4436 10
494 4445 9
495 4454 9
496 4463 9
497 4472 9
498 4481 9
499 4490 9
500 4499 9
