1 4 4
2 7 3
3 14 7
4 19 5
5 22 3
6 31 9
7 37 6
8 44 7
9 48 4
10 52 4
11 60 8
12 65 5
13 74 9
14 82 8
15 90 8
16 100 10
17 107 7
18 116 9
19 124 8
20 133 9
21 141 8
22 150 9
23 160 10
24 168 8
25 178 10
26 186 8
27 194 8
28 202 8
29 211 9
30 218 7
31 227 9
32 236 9
33 245 9
34 253 8
35 258 5
36 267 9
37 276 9
38 283 7
39 290 7
40 299 9
41 306 7
42 315 9
43 324 9
44 333 9
45 342 9
46 351 9
47 360 9
48 367 7
49 376 9
50 382 6
51 391 9
52 401 10
53 409 8
54 416 7
55 426 10
56 435 9
57 444 9
58 453 9
59 461 8
60 471 10
61 478 7
62 487 9
63 496 9
64 504 8
65 512 8
66 520 8
67 527 7
68 533 6
69 541 8
70 551 10
71 561 10
72 570 9
73 580 10
74 590 10
75 598 8
76 607 9
77 615 8
78 623 8
79 632 9
80 641 9
81 650 9
82 660 10
83 669 9
84 677 8
85 685 8
86 695 10
87 704 9
88 713 9
89 723 10
90 732 9
91 740 8
92 749 9
93 759 10
94 767 8
95 777 10
96 786 9
97 795 9
98 805 10
99 812 7
100 822 10
101 831 9
102 839 8
103 847 8
104 857 10
105 866 9
106 876 10
107 885 9
108 895 10
109 905 10
110 913 8
111 922 9
112 932 10
113 942 10
114 951 9
115 961 10
116 969 8
117 977 8
118 986 9
119 995 9
120 1004 9
121 1014 10
122 1021 7
123 1030 9
124 1040 10
125 1049 9
126 1059 10
127 1069 10
128 1077 8
129 1086 9
130 1094 8
131 1104 10
132 1114 10
133 1124 10
134 1132 8
135 1141 9
136 1151 10
137 1160 9
138 1168 8
139 1178 10
140 1187 9
141 1196 9
142 1203 7
143 1211 8
144 1221 10
145 1231 10
146 1241 10
147 1249 8
148 1258 9
149 1268 10
150 1277 9
151 1287 10
152 1296 9
153 1304 8
154 1313 9
155 1322 9
156 1332 10
157 1341 9
158 1351 10
159 1361 10
160 1370 9
161 1380 10
162 1390 10
163 1398 8
164 1407 9
165 1417 10
166 1426 9
167 1435 9
168 1444 9
169 1453 9
170 1461 8
171 1471 10
172 1481 10
173 1489 8
174 1497 8
175 1504 7
176 1513 9
177 1523 10
178 1533 10
179 1542 9
180 1551 9
181 1560 9
182 1570 10
183 1576 6
184 1583 7
185 1593 10
186 1602 9
187 1610 8
188 1620 10
189 1629 9
190 1639 10
191 1649 10
192 1659 10
193 1669 10
194 1679 10
195 1687 8
196 1696 9
197 1706 10
198 1715 9
199 1725 10
200 1734 9
201 1744 10
202 1754 10
203 1764 10
204 1772 8
205 1781 9
206 1791 10
207 1800 9
208 1809 9
209 1819 10
210 1828 9
211 1838 10
212 1848 10
213 1858 10
214 1865 7
215 1875 10
216 1885 10
217 1891 6
218 1901 10
219 1910 9
220 1920 10
221 1930 10
222 1939 9
223 1948 9
224 1955 7
225 1965 10
226 1973 8
227 1983 10
228 1990 7
229 1997 7
230 2007 10
231 2017 10
232 2026 9
233 2036 10
234 2045 9
235 2055 10
236 2064 9
237 2073 9
238 2081 8
239 2088 7
240 2097 9
241 2106 9
242 2115 9
243 2125 10
244 2133 8
245 2143 10
246 2151 8
247 2161 10
248 2168 7
249 2177 9
250 2186 9
251 2195 9
252 2203 8
253 2211 8
254 2221 10
255 2229 8
256 2239 10
257 2247 8
258 2256 9
259 2265 9
260 2274 9
261 2283 9
262 2292 9
263 2301 9
264 2311 10
265 2321 10
266 2330 9
267 2340 10
268 2349 9
269 2359 10
270 2368 9
271 2377 9
272 2387 10
273 2396 9
274 2406 10
275 2415 9
276 2425 10
277 2435 10
278 2444 9
279 2454 10
280 2464 10
281 2472 8
282 2481 9
283 2490 9
284 2496 6
285 2504 8
286 2514 10
287 2523 9
288 2532 9
289 2542 10
290 2551 9
291 2560 9
292 2568 8
293 2577 9
294 2585 8
295 2595 10
296 2600 5
297 2608 8
298 2618 10
299 2628 10
300 2638 10
301 2648 10
302 2657 9
303 2665 8
304 2673 8
305 2683 10
306 2693 10
307 2703 10
308 2712 9
309 2722 10
310 2732 10
311 2742 10
312 2750 8
313 2760 10
314 2770 10
315 2779 9
316 2788 9
317 2797 9
318 2807 10
319 2815 8
320 2825 10
321 2835 10
322 2844 9
323 2854 10
324 2864 10
325 2874 10
326 2884 10
327 2893 9
328 2901 8
329 2911 10
330 2921 10
331 2931 10
332 2940 9
333 2950 10
334 2960 10
335 2970 10
336 2980 10
337 2989 9
338 2999 10
339 3008 9
340 3017 9
341 3024 7
342 3033 9
343 3043 10
344 3052 9
345 3061 9
346 3070 9
347 3078 8
348 3087 9
349 3095 8
350 3104 9
351 3114 10
352 3122 8
353 3132 10
354 3139 7
355 3149 10
356 3159 10
357 3168 9
358 3177 9
359 3187 10
360 3197 10
361 3206 9
362 3216 10
363 3225 9
364 3233 8
365 3242 9
366 3250 8
367 3260 10
368 3268 8
369 3278 10
370 3287 9
371 3296 9
372 3306 10
373 3316 10
374 3326 10
375 3335 9
376 3345 10
377 3355 10
378 3365 10
379 3374 9
380 3383 9
381 3393 10
382 3402 9
383 3411 9
384 3420 9
385 3430 10
386 3438 8
387 3447 9
388 3456 9
389 3465 9
390 3475 10
391 3483 8
392 3492 9
393 3501 9
394 3510 9
395 3519 9
396 3529 10
397 3537 8
398 3546 9
399 3554 8
400 3564 10
401 3573 9
402 3583 10
403 3592 9
404 3601 9
405 3611 10
406 3621 10
407 3631 10
408 3641 10
409 3650 9
410 3660 10
411 3669 9
412 3679 10
413 3688 9
414 3698 10
415 3708 10
416 3717 9
417 3727 10
418 3735 8
419 3745 10
420 3752 7
421 3762 10
422 3771 9
423 3779 8
424 3788 9
425 3798 10
426 3807 9
427 3817 10
428 3825 8
429 3833 8
430 3843 10
431 3853 10
432 3861 8
433 3871 10
434 3881 10
435 3890 9
436 3900 10
437 3910 10
438 3919 9
439 3929 10
440 3939 10
441 3949 10
442 3959 10
443 3969 10
444 3979 10
445 3989 10
446 3998 9
447 4008 10
448 4018 10
449 4027 9
450 4037 10
451 4047 10
452 4056 9
453 4066 10
454 4075 9
455 4085 10
456 4095 10
457 4103 8
458 4112 9
459 4120 8
460 4128 8
461 4136 8
462 4144 8
463 4153 9
464 4163 10
465 4173 10
466 4183 10
467 4193 10
468 4201 8
469 4210 9
470 4220 10
471 4229 9
472 4238 9
473 4247 9
474 4257 10
475 4267 10
476 4277 10
477 4286 9
478 4296 10
479 4305 9
480 4313 8
481 4323 10
482 4333 10
483 4342 9
484 4350 8
485 4359 9
486 4368 9
487 4376 8
488 4385 9
489 4395 10
490 4404 9
491 4414 10
492 4423 9
493 4432 9
494 4441 9
495 4449 8
496 4458 9
497 4467 9
498 4477 10
499 4487 10
500 4497 10
