1 6 6
2 13 7
3 18 5
4 24 6
5 28 4
6 36 8
7 42 6
8 48 6
9 55 7
10 61 6
11 70 9
12 77 7
13 85 8
14 92 7
15 98 6
16 104 6
17 112 8
18 119 7
19 127 8
20 136 9
21 145 9
22 154 9
23 162 8
24 169 7
25 179 10
26 188 9
27 196 8
28 205 9
29 215 10
30 223 8
31 231 8
32 241 10
33 251 10
34 261 10
35 268 7
36 276 8
37 282 6
38 292 10
39 301 9
40 309 8
41 319 10
42 326 7
43 335 9
44 342 7
45 352 10
46 360 8
47 370 10
48 380 10
49 389 9
50 396 7
51 404 8
52 412 8
53 419 7
54 428 9
55 436 8
56 446 10
57 455 9
58 462 7
59 468 6
60 477 9
61 487 10
62 494 7
63 502 8
64 511 9
65 521 10
66 530 9
67 540 10
68 549 9
69 559 10
70 567 8
71 575 8
72 584 9
73 594 10
74 604 10
75 611 7
76 620 9
77 630 10
78 639 9
79 649 10
80 657 8
81 666 9
82 672 6
83 680 8
84 688 8
85 697 9
86 707 10
87 715 8
88 725 10
89 734 9
90 744 10
91 753 9
92 763 10
93 773 10
94 783 10
95 793 10
96 802 9
97 810 8
98 818 8
99 828 10
100 837 9
101 845 8
102 854 9
103 864 10
104 872 8
105 881 9
106 889 8
107 898 9
108 907 9
109 916 9
110 926 10
111 935 9
112 944 9
113 953 9
114 961 8
115 966 5
116 974 8
117 982 8
118 991 9
119 1001 10
120 1010 9
121 1020 10
122 1028 8
123 1038 10
124 1047 9
125 1057 10
126 1067 10
127 1077 10
128 1087 10
129 1095 8
130 1104 9
131 1113 9
132 1122 9
133 1130 8
134 1138 8
135 1147 9
136 1153 6
137 1159 6
138 1169 10
139 1178 9
140 1187 9
141 1196 9
142 1205 9
143 1213 8
144 1222 9
145 1231 9
146 1240 9
147 1250 10
148 1260 10
149 1270 10
150 1278 8
151 1286 8
152 1294 8
153 1304 10
154 1314 10
155 1320 6
156 1330 10
157 1336 6
158 1344 8
159 1354 10
160 1362 8
161 1371 9
162 1380 9
163 1390 10
164 1399 9
165 1408 9
166 1417 9
167 1425 8
168 1435 10
169 1445 10
170 1454 9
171 1461 7
172 1470 9
173 1478 8
174 1487 9
175 1495 8
176 1505 10
177 1514 9
178 1524 10
179 1534 10
180 1544 10
181 1554 10
182 1563 9
183 1571 8
184 1578 7
185 1588 10
186 1598 10
187 1606 8
188 1615 9
189 1625 10
190 1635 10
191 1644 9
192 1654 10
193 1663 9
194 1673 10
195 1682 9
196 1692 10
197 1699 7
198 1706 7
199 1716 10
200 1726 10
201 1735 9
202 1744 9
203 1753 9
204 1762 9
205 1771 9
206 1780 9
207 1790 10
208 1799 9
209 1808 9
210 1818 10
211 1828 10
212 1838 10
213 1848 10
214 1858 10
215 1867 9
216 1876 9
217 1884 8
218 1894 10
219 1902 8
220 1912 10
221 1920 8
222 1929 9
223 1938 9
224 1947 9
225 1955 8
226 1965 10
227 1975 10
228 1985 10
229 1994 9
230 2004 10
231 2013 9
232 2022 9
233 2031 9
234 2041 10
235 2050 9
236 2059 9
237 2069 10
238 2077 8
239 2084 7
240 2094 10
241 2104 10
242 2114 10
243 2122 8
244 2128 6
245 2137 9
246 2146 9
247 2154 8
248 2164 10
249 2172 8
250 2180 8
251 2188 8
252 2196 8
253 2204 8
254 2213 9
255 2221 8
256 2231 10
257 2241 10
258 2251 10
259 2261 10
260 2270 9
261 2278 8
262 2288 10
263 2298 10
264 2305 7
265 2315 10
266 2324 9
267 2332 8
268 2338 6
269 2347 9
270 2357 10
271 2367 10
272 2377 10
273 2386 9
274 2395 9
275 2404 9
276 2413 9
277 2423 10
278 2431 8
279 2440 9
280 2448 8
281 2456 8
282 2465 9
283 2474 9
284 2483 9
285 2492 9
286 2502 10
287 2511 9
288 2520 9
289 2530 10
290 2540 10
291 2549 9
292 2557 8
293 2567 10
294 2577 10
295 2585 8
296 2593 8
297 2601 8
298 2611 10
299 2620 9
300 2629 9
301 2638 9
302 2648 10
303 2657 9
304 2667 10
305 2677 10
306 2686 9
307 2695 9
308 2704 9
309 2714 10
310 2723 9
311 2732 9
312 2742 10
313 2752 10
314 2761 9
315 2770 9
316 2780 10
317 2790 10
318 2799 9
319 2809 10
320 2819 10
321 2828 9
322 2838 10
323 2847 9
324 2857 10
325 2867 10
326 2875 8
327 2885 10
328 2895 10
329 2904 9
330 2913 9
331 2923 10
332 2931 8
333 2941 10
334 2950 9
335 2960 10
336 2970 10
337 2980 10
338 2989 9
339 2999 10
340 3008 9
341 3017 9
342 3025 8
343 3035 10
344 3044 9
345 3054 10
346 3063 9
347 3072 9
348 3079 7
349 3089 10
350 3096 7
351 3104 8
352 3114 10
353 3123 9
354 3133 10
355 3142 9
356 3152 10
357 3162 10
358 3170 8
359 3179 9
360 3187 8
361 3196 9
362 3205 9
363 3215 10
364 3225 10
365 3234 9
366 3244 10
367 3254 10
368 3264 10
369 3274 10
370 3283 9
371 3291 8
372 3300 9
373 3308 8
374 3317 9
375 3326 9
376 3335 9
377 3345 10
378 3355 10
379 3363 8
380 3373 10
381 3382 9
382 3391 9
383 3400 9
384 3408 8
385 3417 9
386 3426 9
387 3435 9
388 3444 9
389 3454 10
390 3463 9
391 3473 10
392 3482 9
393 3488 6
394 3496 8
395 3505 9
396 3514 9
397 3524 10
398 3531 7
399 3541 10
400 3549 8
401 3559 10
402 3568 9
403 3577 9
404 3587 10
405 3597 10
406 3606 9
407 3613 7
408 3622 9
409 3630 8
410 3640 10
411 3649 9
412 3659 10
413 3669 10
414 3678 9
415 3687 9
416 3695 8
417 3705 10
418 3715 10
419 3725 10
420 3735 10
421 3744 9
422 3754 10
423 3764 10
424 3774 10
425 3784 10
426 3794 10
427 3803 9
428 3810 7
429 3818 8
430 3827 9
431 3836 9
432 3846 10
433 3854 8
434 3864 10
435 3874 10
436 3884 10
437 3894 10
438 3903 9
439 3911 8
440 3921 10
441 3930 9
442 3938 8
443 3948 10
444 3958 10
445 3968 10
446 3977 9
447 3986 9
448 3996 10
449 4006 10
450 4016 10
451 4025 9
452 4034 9
453 4044 10
454 4053 9
455 4062 9
456 4070 8
457 4079 9
458 4088 9
459 4098 10
460 4107 9
461 4117 10
462 4126 9
463 4134 8
464 4144 10
465 4152 8
466 4161 9
467 4171 10
468 4180 9
469 4189 9
470 4199 10
471 4209 10
472 4219 10
473 4228 9
474 4234 6
475 4241 7
476 4251 10
477 4261 10
478 4270 9
479 4280 10
480 4286 6
481 4295 9
482 4305 10
483 4314 9
484 4323 9
485 4332 9
486 4342 10
487 4350 8
488 4360 10
489 4368 8
490 4377 9
491 4386 9
492 4394 8
493 4404 10
494 4414 10
495 4423 9
496 4433 10
497 4442 9
498 4452 10
499 4462 10
500 4470 8
