1 7 7
2 10 3
3 16 6
4 23 7
5 29 6
6 37 8
7 42 5
8 48 6
9 55 7
10 63 8
11 71 8
12 79 8
13 88 9
14 95 7
15 100 5
16 108 8
17 118 10
18 125 7
19 134 9
20 141 7
21 150 9
22 158 8
23 166 8
24 174 8
25 182 8
26 191 9
27 198 7
28 206 8
29 215 9
30 224 9
31 232 8
32 240 8
33 250 10
34 256 6
35 263 7
36 273 10
37 282 9
38 291 9
39 300 9
40 310 10
41 320 10
42 329 9
43 337 8
44 345 8
45 354 9
46 362 8
47 371 9
48 380 9
49 387 7
50 397 10
51 404 7
52 414 10
53 422 8
54 432 10
55 442 10
56 452 10
57 461 9
58 470 9
59 478 8
60 486 8
61 495 9
62 505 10
63 514 9
64 524 10
65 531 7
66 540 9
67 549 9
68 558 9
69 567 9
70 576 9
71 583 7
72 591 8
73 600 9
74 609 9
75 618 9
76 627 9
77 635 8
78 644 9
79 654 10
80 664 10
81 673 9
82 683 10
83 691 8
84 700 9
85 710 10
86 720 10
87 729 9
88 737 8
89 744 7
90 753 9
91 763 10
92 771 8
93 780 9
94 790 10
95 800 10
96 808 8
97 818 10
98 827 9
99 835 8
100 845 10
101 855 10
102 863 8
103 872 9
104 882 10
105 892 10
106 902 10
107 912 10
108 920 8
109 928 8
110 937 9
111 947 10
112 953 6
113 961 8
114 971 10
115 981 10
116 991 10
117 1001 10
118 1010 9
119 1018 8
120 1028 10
121 1036 8
122 1045 9
123 1054 9
124 1062 8
125 1069 7
126 1078 9
127 1087 9
128 1097 10
129 1107 10
130 1114 7
131 1123 9
132 1132 9
133 1141 9
134 1150 9
135 1158 8
136 1168 10
137 1177 9
138 1187 10
139 1196 9
140 1206 10
141 1214 8
142 1224 10
143 1233 9
144 1243 10
145 1252 9
146 1261 9
147 1270 9
148 1280 10
149 1289 9
150 1299 10
151 1308 9
152 1318 10
153 1328 10
154 1337 9
155 1347 10
156 1356 9
157 1365 9
158 1375 10
159 1384 9
160 1393 9
161 1402 9
162 1412 10
163 1419 7
164 1427 8
165 1436 9
166 1444 8
167 1453 9
168 1462 9
169 1471 9
170 1481 10
171 1490 9
172 1497 7
173 1507 10
174 1517 10
175 1527 10
176 1537 10
177 1546 9
178 1553 7
179 1562 9
180 1571 9
181 1580 9
182 1589 9
183 1597 8
184 1607 10
185 1616 9
186 1626 10
187 1634 8
188 1644 10
189 1654 10
190 1664 10
191 1673 9
192 1681 8
193 1690 9
194 1700 10
195 1708 8
196 1717 9
197 1727 10
198 1736 9
199 1746 10
200 1755 9
201 1763 8
202 1773 10
203 1782 9
204 1791 9
205 1799 8
206 1807 8
207 1815 8
208 1824 9
209 1834 10
210 1844 10
211 1854 10
212 1863 9
213 1873 10
214 1883 10
215 1891 8
216 1899 8
217 1906 7
218 1916 10
219 1924 8
220 1933 9
221 1943 10
222 1952 9
223 1961 9
224 1970 9
225 1978 8
226 1986 8
227 1996 10
228 2005 9
229 2014 9
230 2023 9
231 2031 8
232 2041 10
233 2051 10
234 2060 9
235 2068 8
236 2076 8
237 2086 10
238 2096 10
239 2105 9
240 2115 10
241 2123 8
242 2132 9
243 2141 9
244 2150 9
245 2160 10
246 2170 10
247 2178 8
248 2188 10
249 2195 7
250 2204 9
251 2213 9
252 2221 8
253 2230 9
254 2239 9
255 2249 10
256 2259 10
257 2269 10
258 2279 10
259 2287 8
260 2297 10
261 2307 10
262 2316 9
263 2325 9
264 2334 9
265 2343 9
266 2350 7
267 2358 8
268 2367 9
269 2375 8
270 2385 10
271 2395 10
272 2403 8
273 2412 9
274 2422 10
275 2431 9
276 2441 10
277 2451 10
278 2461 10
279 2470 9
280 2479 9
281 2489 10
282 2499 10
283 2509 10
284 2516 7
285 2525 9
286 2534 9
287 2544 10
288 2553 9
289 2563 10
290 2572 9
291 2581 9
292 2590 9
293 2600 10
294 2609 9
295 2618 9
296 2627 9
297 2637 10
298 2647 10
299 2655 8
300 2665 10
301 2675 10
302 2685 10
303 2695 10
304 2705 10
305 2714 9
306 2723 9
307 2733 10
308 2742 9
309 2752 10
310 2761 9
311 2770 9
312 2779 9
313 2789 10
314 2799 10
315 2808 9
316 2818 10
317 2825 7
318 2834 9
319 2843 9
320 2850 7
321 2860 10
322 2870 10
323 2880 10
324 2889 9
325 2899 10
326 2908 9
327 2916 8
328 2925 9
329 2935 10
330 2943 8
331 2953 10
332 2963 10
333 2972 9
334 2981 9
335 2991 10
336 2999 8
337 3006 7
338 3016 10
339 3025 9
340 3032 7
341 3042 10
342 3052 10
343 3061 9
344 3071 10
345 3081 10
346 3090 9
347 3100 10
348 3110 10
349 3120 10
350 3128 8
351 3137 9
352 3145 8
353 3155 10
354 3164 9
355 3173 9
356 3181 8
357 3190 9
358 3198 8
359 3207 9
360 3217 10
361 3223 6
362 3233 10
363 3242 9
364 3252 10
365 3262 10
366 3272 10
367 3279 7
368 3288 9
369 3298 10
370 3307 9
371 3317 10
372 3324 7
373 3332 8
374 3342 10
375 3351 9
376 3361 10
377 3370 9
378 3379 9
379 3388 9
380 3398 10
381 3406 8
382 3416 10
383 3423 7
384 3431 8
385 3441 10
386 3451 10
387 3461 10
388 3471 10
389 3481 10
390 3490 9
391 3499 9
392 3507 8
393 3517 10
394 3526 9
395 3536 10
396 3545 9
397 3555 10
398 3564 9
399 3572 8
400 3581 9
401 3590 9
402 3600 10
403 3610 10
404 3619 9
405 3628 9
406 3637 9
407 3645 8
408 3654 9
409 3663 9
410 3673 10
411 3683 10
412 3691 8
413 3700 9
414 3708 8
415 3716 8
416 3725 9
417 3735 10
418 3745 10
419 3755 10
420 3765 10
421 3773 8
422 3781 8
423 3790 9
424 3800 10
425 3810 10
426 3820 10
427 3828 8
428 3838 10
429 3847 9
430 3856 9
431 3865 9
432 3874 9
433 3884 10
434 3892 8
435 3901 9
436 3911 10
437 3919 8
438 3928 9
439 3937 9
440 3945 8
441 3955 10
442 3963 8
443 3972 9
444 3980 8
445 3989 9
446 3997 8
447 4007 10
448 4017 10
449 4026 9
450 4035 9
451 4044 9
452 4054 10
453 4063 9
454 4071 8
455 4081 10
456 4090 9
457 4100 10
458 4110 10
459 4120 10
460 4130 10
461 4139 9
462 4148 9
463 4158 10
464 4167 9
465 4177 10
466 4185 8
467 4194 9
468 4203 9
469 4211 8
470 4218 7
471 4228 10
472 4238 10
473 4248 10
474 4257 9
475 4266 9
476 4276 10
477 4286 10
478 4296 10
479 4305 9
480 4315 10
481 4325 10
482 4334 9
483 4344 10
484 4353 9
485 4363 10
486 4372 9
487 4382 10
488 4391 9
489 4401 10
490 4409 8
491 4418 9
492 4428 10
493 4438 10
494 4446 8
495 4456 10
496 4465 9
497 4474 9
498 4483 9
499 4492 9
500 4502 10
