1 5 5
2 10 5
3 17 7
4 24 7
5 29 5
6 34 5
7 40 6
8 46 6
9 52 6
10 58 6
11 64 6
12 70 6
13 76 6
14 85 9
15 94 9
16 101 7
17 109 8
18 117 8
19 126 9
20 135 9
21 143 8
22 152 9
23 162 10
24 170 8
25 178 8
26 187 9
27 197 10
28 206 9
29 216 10
30 226 10
31 232 6
32 239 7
33 246 7
34 254 8
35 263 9
36 271 8
37 277 6
38 286 9
39 295 9
40 305 10
41 315 10
42 325 10
43 335 10
44 343 8
45 350 7
46 357 7
47 366 9
48 375 9
49 383 8
50 392 9
51 401 9
52 409 8
53 418 9
54 427 9
55 437 10
56 447 10
57 456 9
58 465 9
59 471 6
60 481 10
61 491 10
62 501 10
63 510 9
64 519 9
65 526 7
66 533 7
67 542 9
68 551 9
69 559 8
70 568 9
71 575 7
72 584 9
73 594 10
74 603 9
75 608 5
76 617 9
77 626 9
78 635 9
79 645 10
80 655 10
81 663 8
82 673 10
83 682 9
84 691 9
85 701 10
86 711 10
87 720 9
88 730 10
89 740 10
90 750 10
91 759 9
92 767 8
93 777 10
94 787 10
95 797 10
96 807 10
97 816 9
98 824 8
99 834 10
100 843 9
101 853 10
102 863 10
103 873 10
104 881 8
105 890 9
106 900 10
107 908 8
108 917 9
109 926 9
110 936 10
111 945 9
112 954 9
113 963 9
114 972 9
115 981 9
116 991 10
117 1001 10
118 1010 9
119 1020 10
120 1028 8
121 1037 9
122 1045 8
123 1054 9
124 1063 9
125 1071 8
126 1080 9
127 1088 8
128 1097 9
129 1106 9
130 1116 10
131 1125 9
132 1133 8
133 1143 10
134 1153 10
135 1162 9
136 1171 9
137 1180 9
138 1190 10
139 1200 10
140 1209 9
141 1219 10
142 1227 8
143 1236 9
144 1244 8
145 1253 9
146 1261 8
147 1268 7
148 1278 10
149 1288 10
150 1298 10
151 1307 9
152 1314 7
153 1324 10
154 1334 10
155 1342 8
156 1352 10
157 1361 9
158 1370 9
159 1377 7
160 1387 10
161 1397 10
162 1407 10
163 1416 9
164 1426 10
165 1436 10
166 1443 7
167 1451 8
168 1461 10
169 1470 9
170 1480 10
171 1489 9
172 1498 9
173 1507 9
174 1517 10
175 1527 10
176 1537 10
177 1546 9
178 1552 6
179 1561 9
180 1571 10
181 1579 8
182 1589 10
183 1599 10
184 1608 9
185 1618 10
186 1627 9
187 1635 8
188 1645 10
189 1655 10
190 1664 9
191 1674 10
192 1683 9
193 1693 10
194 1702 9
195 1711 9
196 1720 9
197 1729 9
198 1738 9
199 1746 8
200 1755 9
201 1765 10
202 1774 9
203 1783 9
204 1791 8
205 1801 10
206 1810 9
207 1820 10
208 1829 9
209 1839 10
210 1849 10
211 1859 10
212 1868 9
213 1878 10
214 1887 9
215 1897 10
216 1906 9
217 1916 10
218 1925 9
219 1935 10
220 1943 8
221 1951 8
222 1958 7
223 1967 9
224 1976 9
225 1985 9
226 1994 9
227 2003 9
228 2012 9
229 2021 9
230 2030 9
231 2040 10
232 2049 9
233 2057 8
234 2065 8
235 2075 10
236 2085 10
237 2094 9
238 2103 9
239 2112 9
240 2122 10
241 2131 9
242 2141 10
243 2151 10
244 2160 9
245 2169 9
246 2179 10
247 2189 10
248 2198 9
249 2208 10
250 2217 9
251 2227 10
252 2237 10
253 2246 9
254 2256 10
255 2262 6
256 2269 7
257 2279 10
258 2286 7
259 2295 9
260 2303 8
261 2311 8
262 2321 10
263 2328 7
264 2338 10
265 2348 10
266 2356 8
267 2366 10
268 2375 9
269 2383 8
270 2392 9
271 2401 9
272 2411 10
273 2421 10
274 2430 9
275 2439 9
276 2449 10
277 2459 10
278 2468 9
279 2476 8
280 2485 9
281 2494 9
282 2504 10
283 2513 9
284 2523 10
285 2532 9
286 2542 10
287 2550 8
288 2559 9
289 2569 10
290 2578 9
291 2588 10
292 2597 9
293 2606 9
294 2613 7
295 2623 10
296 2633 10
297 2643 10
298 2653 10
299 2663 10
300 2672 9
301 2682 10
302 2690 8
303 2700 10
304 2709 9
305 2719 10
306 2729 10
307 2738 9
308 2747 9
309 2757 10
310 2767 10
311 2774 7
312 2784 10
313 2792 8
314 2801 9
315 2809 8
316 2819 10
317 2827 8
318 2834 7
319 2843 9
320 2851 8
321 2860 9
322 2870 10
323 2879 9
324 2888 9
325 2897 9
326 2907 10
327 2916 9
328 2926 10
329 2936 10
330 2946 10
331 2956 10
332 2964 8
333 2974 10
334 2984 10
335 2993 9
336 3002 9
337 3011 9
338 3021 10
339 3031 10
340 3041 10
341 3050 9
342 3059 9
343 3069 10
344 3076 7
345 3085 9
346 3094 9
347 3102 8
348 3111 9
349 3120 9
350 3128 8
351 3135 7
352 3142 7
353 3152 10
354 3160 8
355 3167 7
356 3176 9
357 3185 9
358 3194 9
359 3204 10
360 3214 10
361 3222 8
362 3229 7
363 3238 9
364 3247 9
365 3257 10
366 3266 9
367 3275 9
368 3281 6
369 3291 10
370 3300 9
371 3309 9
372 3319 10
373 3329 10
374 3339 10
375 3346 7
376 3354 8
377 3363 9
378 3372 9
379 3380 8
380 3390 10
381 3399 9
382 3409 10
383 3419 10
384 3428 9
385 3437 9
386 3446 9
387 3453 7
388 3463 10
389 3472 9
390 3482 10
391 3492 10
392 3502 10
393 3512 10
394 3522 10
395 3531 9
396 3541 10
397 3550 9
398 3558 8
399 3566 8
400 3573 7
401 3582 9
402 3592 10
403 3602 10
404 3612 10
405 3621 9
406 3631 10
407 3640 9
408 3649 9
409 3659 10
410 3669 10
411 3679 10
412 3687 8
413 3696 9
414 3705 9
415 3715 10
416 3725 10
417 3735 10
418 3744 9
419 3753 9
420 3762 9
421 3771 9
422 3779 8
423 3789 10
424 3797 8
425 3806 9
426 3816 10
427 3825 9
428 3834 9
429 3843 9
430 3852 9
431 3862 10
432 3871 9
433 3881 10
434 3890 9
435 3898 8
436 3907 9
437 3917 10
438 3926 9
439 3933 7
440 3943 10
441 3953 10
442 3963 10
443 3973 10
444 3983 10
445 3993 10
446 4002 9
447 4012 10
448 4022 10
449 4031 9
450 4041 10
451 4051 10
452 4060 9
453 4070 10
454 4079 9
455 4088 9
456 4096 8
457 4106 10
458 4115 9
459 4124 9
460 4131 7
461 4141 10
462 4151 10
463 4160 9
464 4168 8
465 4178 10
466 4188 10
467 4198 10
468 4207 9
469 4216 9
470 4225 9
471 4232 7
472 4241 9
473 4248 7
474 4258 10
475 4267 9
476 4277 10
477 4286 9
478 4294 8
479 4303 9
480 4312 9
481 4322 10
482 4331 9
483 4341 10
484 4350 9
485 4359 9
486 4368 9
487 4376 8
488 4386 10
489 4395 9
490 4405 10
491 4414 9
492 4422 8
493 4432 10
494 4442 10
495 4452 10
496 4461 9
497 4469 8
498 4479 10
499 4488 9
500 4497 9
