1 4 4
2 8 4
3 12 4
4 17 5
5 26 9
6 29 3
7 37 8
8 44 7
9 52 8
10 58 6
11 67 9
12 76 9
13 84 8
14 93 9
15 99 6
16 108 9
17 114 6
18 124 10
19 133 9
20 141 8
21 149 8
22 156 7
23 165 9
24 173 8
25 181 8
26 188 7
27 194 6
28 201 7
29 209 8
30 216 7
31 223 7
32 230 7
33 239 9
34 248 9
35 255 7
36 264 9
37 270 6
38 280 10
39 290 10
40 297 7
41 307 10
42 316 9
43 326 10
44 334 8
45 343 9
46 352 9
47 361 9
48 371 10
49 378 7
50 387 9
51 396 9
52 404 8
53 412 8
54 422 10
55 431 9
56 440 9
57 450 10
58 456 6
59 464 8
60 474 10
61 484 10
62 493 9
63 501 8
64 509 8
65 518 9
66 527 9
67 535 8
68 545 10
69 553 8
70 563 10
71 573 10
72 583 10
73 591 8
74 600 9
75 610 10
76 618 8
77 627 9
78 636 9
79 643 7
80 650 7
81 659 9
82 668 9
83 676 8
84 685 9
85 693 8
86 703 10
87 711 8
88 721 10
89 731 10
90 740 9
91 750 10
92 758 8
93 765 7
94 775 10
95 785 10
96 795 10
97 804 9
98 811 7
99 819 8
100 828 9
101 838 10
102 847 9
103 855 8
104 865 10
105 873 8
106 881 8
107 891 10
108 901 10
109 911 10
110 921 10
111 930 9
112 939 9
113 949 10
114 957 8
115 964 7
116 974 10
117 984 10
118 991 7
119 1001 10
120 1009 8
121 1018 9
122 1027 9
123 1037 10
124 1047 10
125 1054 7
126 1064 10
127 1074 10
128 1083 9
129 1092 9
130 1101 9
131 1111 10
132 1120 9
133 1128 8
134 1136 8
135 1143 7
136 1151 8
137 1161 10
138 1171 10
139 1179 8
140 1188 9
141 1197 9
142 1205 8
143 1213 8
144 1221 8
145 1230 9
146 1240 10
147 1247 7
148 1255 8
149 1262 7
150 1270 8
151 1280 10
152 1290 10
153 1299 9
154 1309 10
155 1319 10
156 1327 8
157 1337 10
158 1346 9
159 1354 8
160 1363 9
161 1373 10
162 1383 10
163 1392 9
164 1400 8
165 1408 8
166 1415 7
167 1424 9
168 1433 9
169 1442 9
170 1449 7
171 1459 10
172 1468 9
173 1476 8
174 1485 9
175 1495 10
176 1504 9
177 1513 9
178 1523 10
179 1532 9
180 1541 9
181 1549 8
182 1559 10
183 1567 8
184 1577 10
185 1587 10
186 1597 10
187 1606 9
188 1615 9
189 1625 10
190 1634 9
191 1642 8
192 1651 9
193 1661 10
194 1671 10
195 1681 10
196 1689 8
197 1699 10
198 1708 9
199 1717 9
200 1727 10
201 1736 9
202 1745 9
203 1753 8
204 1762 9
205 1771 9
206 1781 10
207 1790 9
208 1800 10
209 1809 9
210 1819 10
211 1828 9
212 1837 9
213 1846 9
214 1854 8
215 1862 8
216 1870 8
217 1879 9
218 1887 8
219 1896 9
220 1906 10
221 1915 9
222 1925 10
223 1934 9
224 1943 9
225 1951 8
226 1961 10
227 1971 10
228 1981 10
229 1991 10
230 2001 10
231 2008 7
232 2018 10
233 2028 10
234 2036 8
235 2044 8
236 2053 9
237 2063 10
238 2072 9
239 2081 9
240 2088 7
241 2098 10
242 2108 10
243 2117 9
244 2124 7
245 2133 9
246 2141 8
247 2151 10
248 2160 9
249 2170 10
250 2178 8
251 2188 10
252 2195 7
253 2205 10
254 2214 9
255 2224 10
256 2234 10
257 2243 9
258 2251 8
259 2260 9
260 2270 10
261 2280 10
262 2290 10
263 2300 10
264 2310 10
265 2319 9
266 2327 8
267 2336 9
268 2344 8
269 2354 10
270 2364 10
271 2373 9
272 2382 9
273 2388 6
274 2395 7
275 2404 9
276 2412 8
277 2422 10
278 2432 10
279 2441 9
280 2450 9
281 2459 9
282 2466 7
283 2474 8
284 2483 9
285 2491 8
286 2501 10
287 2509 8
288 2518 9
289 2528 10
290 2537 9
291 2547 10
292 2555 8
293 2564 9
294 2572 8
295 2581 9
296 2590 9
297 2598 8
298 2606 8
299 2615 9
300 2624 9
301 2634 10
302 2643 9
303 2652 9
304 2661 9
305 2671 10
306 2681 10
307 2691 10
308 2701 10
309 2710 9
310 2719 9
311 2728 9
312 2736 8
313 2746 10
314 2755 9
315 2765 10
316 2772 7
317 2779 7
318 2788 9
319 2797 9
320 2806 9
321 2815 9
322 2824 9
323 2833 9
324 2843 10
325 2853 10
326 2863 10
327 2872 9
328 2882 10
329 2892 10
330 2902 10
331 2909 7
332 2919 10
333 2927 8
334 2935 8
335 2944 9
336 2954 10
337 2964 10
338 2973 9
339 2983 10
340 2992 9
341 3001 9
342 3010 9
343 3019 9
344 3027 8
345 3035 8
346 3043 8
347 3053 10
348 3062 9
349 3071 9
350 3080 9
351 3089 9
352 3099 10
353 3109 10
354 3119 10
355 3128 9
356 3138 10
357 3148 10
358 3158 10
359 3167 9
360 3176 9
361 3185 9
362 3195 10
363 3203 8
364 3213 10
365 3222 9
366 3232 10
367 3242 10
368 3252 10
369 3262 10
370 3272 10
371 3281 9
372 3290 9
373 3298 8
374 3308 10
375 3318 10
376 3326 8
377 3335 9
378 3345 10
379 3354 9
380 3364 10
381 3374 10
382 3384 10
383 3392 8
384 3401 9
385 3410 9
386 3419 9
387 3429 10
388 3438 9
389 3447 9
390 3456 9
391 3464 8
392 3473 9
393 3483 10
394 3492 9
395 3502 10
396 3510 8
397 3520 10
398 3529 9
399 3539 10
400 3547 8
401 3556 9
402 3564 8
403 3572 8
404 3581 9
405 3590 9
406 3597 7
407 3605 8
408 3614 9
409 3623 9
410 3633 10
411 3642 9
412 3652 10
413 3661 9
414 3671 10
415 3681 10
416 3689 8
417 3699 10
418 3709 10
419 3719 10
420 3728 9
421 3737 9
422 3745 8
423 3755 10
424 3763 8
425 3772 9
426 3782 10
427 3791 9
428 3801 10
429 3807 6
430 3815 8
431 3825 10
432 3834 9
433 3844 10
434 3853 9
435 3863 10
436 3871 8
437 3880 9
438 3890 10
439 3900 10
440 3909 9
441 3919 10
442 3929 10
443 3939 10
444 3947 8
445 3956 9
446 3965 9
447 3975 10
448 3985 10
449 3995 10
450 4004 9
451 4012 8
452 4019 7
453 4029 10
454 4039 10
455 4049 10
456 4059 10
457 4069 10
458 4078 9
459 4088 10
460 4096 8
461 4106 10
462 4116 10
463 4125 9
464 4135 10
465 4144 9
466 4153 9
467 4161 8
468 4170 9
469 4180 10
470 4190 10
471 4200 10
472 4209 9
473 4219 10
474 4229 10
475 4239 10
476 4248 9
477 4258 10
478 4268 10
479 4277 9
480 4286 9
481 4294 8
482 4303 9
483 4311 8
484 4321 10
485 4331 10
486 4341 10
487 4348 7
488 4357 9
489 4367 10
490 4375 8
491 4382 7
492 4392 10
493 4402 10
494 4411 9
495 4420 9
496 4429 9
497 4439 10
498 4449 10
499 4459 10
500 4468 9
