1 3 3
2 9 6
3 13 4
4 19 6
5 22 3
6 29 7
7 36 7
8 42 6
9 49 7
10 57 8
11 65 8
12 74 9
13 80 6
14 87 7
15 95 8
16 104 9
17 112 8
18 120 8
19 128 8
20 134 6
21 143 9
22 153 10
23 161 8
24 171 10
25 176 5
26 184 8
27 192 8
28 197 5
29 204 7
30 212 8
31 220 8
32 229 9
33 238 9
34 247 9
35 256 9
36 262 6
37 268 6
38 278 10
39 286 8
40 295 9
41 305 10
42 315 10
43 324 9
44 333 9
45 343 10
46 352 9
47 360 8
48 369 9
49 378 9
50 384 6
51 393 9
52 403 10
53 411 8
54 419 8
55 428 9
56 438 10
57 445 7
58 452 7
59 460 8
60 468 8
61 477 9
62 487 10
63 497 10
64 506 9
65 515 9
66 523 8
67 532 9
68 541 9
69 551 10
70 558 7
71 568 10
72 577 9
73 585 8
74 592 7
75 601 9
76 611 10
77 618 7
78 627 9
79 636 9
80 645 9
81 655 10
82 664 9
83 671 7
84 681 10
85 690 9
86 700 10
87 708 8
88 718 10
89 724 6
90 732 8
91 740 8
92 748 8
93 756 8
94 765 9
95 774 9
96 783 9
97 790 7
98 799 9
99 808 9
100 818 10
101 827 9
102 837 10
103 845 8
104 855 10
105 863 8
106 873 10
107 883 10
108 893 10
109 903 10
110 913 10
111 922 9
112 931 9
113 940 9
114 950 10
115 960 10
116 968 8
117 977 9
118 987 10
119 997 10
120 1007 10
121 1017 10
122 1025 8
123 1033 8
124 1042 9
125 1052 10
126 1062 10
127 1072 10
128 1081 9
129 1089 8
130 1099 10
131 1107 8
132 1115 8
133 1125 10
134 1135 10
135 1143 8
136 1153 10
137 1162 9
138 1172 10
139 1182 10
140 1191 9
141 1201 10
142 1210 9
143 1217 7
144 1226 9
145 1236 10
146 1245 9
147 1253 8
148 1262 9
149 1270 8
150 1278 8
151 1288 10
152 1297 9
153 1305 8
154 1315 10
155 1324 9
156 1333 9
157 1341 8
158 1351 10
159 1361 10
160 1370 9
161 1380 10
162 1387 7
163 1397 10
164 1406 9
165 1416 10
166 1424 8
167 1434 10
168 1444 10
169 1453 9
170 1462 9
171 1471 9
172 1481 10
173 1489 8
174 1499 10
175 1509 10
176 1518 9
177 1525 7
178 1535 10
179 1545 10
180 1555 10
181 1563 8
182 1571 8
183 1581 10
184 1588 7
185 1598 10
186 1605 7
187 1614 9
188 1623 9
189 1632 9
190 1641 9
191 1651 10
192 1660 9
193 1670 10
194 1678 8
195 1687 9
196 1692 5
197 1702 10
198 1710 8
199 1719 9
200 1728 9
201 1737 9
202 1745 8
203 1752 7
204 1760 8
205 1768 8
206 1777 9
207 1787 10
208 1796 9
209 1806 10
210 1813 7
211 1823 10
212 1832 9
213 1842 10
214 1852 10
215 1861 9
216 1870 9
217 1880 10
218 1889 9
219 1898 9
220 1907 9
221 1917 10
222 1925 8
223 1935 10
224 1945 10
225 1954 9
226 1963 9
227 1972 9
228 1981 9
229 1991 10
230 1998 7
231 2005 7
232 2012 7
233 2021 9
234 2030 9
235 2038 8
236 2048 10
237 2058 10
238 2066 8
239 2076 10
240 2086 10
241 2094 8
242 2102 8
243 2111 9
244 2119 8
245 2127 8
246 2136 9
247 2145 9
248 2154 9
249 2160 6
250 2169 9
251 2176 7
252 2185 9
253 2193 8
254 2201 8
255 2211 10
256 2219 8
257 2227 8
258 2237 10
259 2245 8
260 2254 9
261 2264 10
262 2270 6
263 2279 9
264 2286 7
265 2296 10
266 2306 10
267 2315 9
268 2324 9
269 2334 10
270 2343 9
271 2352 9
272 2361 9
273 2370 9
274 2380 10
275 2389 9
276 2399 10
277 2408 9
278 2417 9
279 2427 10
280 2434 7
281 2443 9
282 2451 8
283 2461 10
284 2471 10
285 2481 10
286 2491 10
287 2499 8
288 2508 9
289 2515 7
290 2523 8
291 2532 9
292 2541 9
293 2550 9
294 2558 8
295 2568 10
296 2576 8
297 2586 10
298 2594 8
299 2603 9
300 2612 9
301 2622 10
302 2631 9
303 2639 8
304 2648 9
305 2657 9
306 2667 10
307 2676 9
308 2686 10
309 2696 10
310 2705 9
311 2711 6
312 2721 10
313 2730 9
314 2738 8
315 2748 10
316 2757 9
317 2765 8
318 2774 9
319 2783 9
320 2792 9
321 2800 8
322 2810 10
323 2820 10
324 2830 10
325 2839 9
326 2847 8
327 2857 10
328 2866 9
329 2876 10
330 2885 9
331 2894 9
332 2904 10
333 2913 9
334 2921 8
335 2930 9
336 2940 10
337 2950 10
338 2959 9
339 2968 9
340 2976 8
341 2986 10
342 2996 10
343 3005 9
344 3015 10
345 3025 10
346 3035 10
347 3044 9
348 3051 7
349 3061 10
350 3071 10
351 3078 7
352 3086 8
353 3092 6
354 3098 6
355 3107 9
356 3116 9
357 3126 10
358 3136 10
359 3145 9
360 3155 10
361 3165 10
362 3173 8
363 3183 10
364 3193 10
365 3201 8
366 3211 10
367 3220 9
368 3229 9
369 3238 9
370 3247 9
371 3257 10
372 3267 10
373 3275 8
374 3282 7
375 3290 8
376 3298 8
377 3307 9
378 3317 10
379 3327 10
380 3337 10
381 3345 8
382 3352 7
383 3361 9
384 3370 9
385 3378 8
386 3388 10
387 3397 9
388 3406 9
389 3415 9
390 3425 10
391 3435 10
392 3445 10
393 3455 10
394 3465 10
395 3474 9
396 3483 9
397 3492 9
398 3501 9
399 3509 8
400 3519 10
401 3528 9
402 3536 8
403 3545 9
404 3554 9
405 3563 9
406 3572 9
407 3580 8
408 3590 10
409 3599 9
410 3608 9
411 3616 8
412 3623 7
413 3631 8
414 3641 10
415 3651 10
416 3660 9
417 3669 9
418 3679 10
419 3688 9
420 3698 10
421 3708 10
422 3717 9
423 3727 10
424 3735 8
425 3744 9
426 3753 9
427 3763 10
428 3770 7
429 3778 8
430 3787 9
431 3795 8
432 3805 10
433 3815 10
434 3824 9
435 3833 9
436 3840 7
437 3847 7
438 3856 9
439 3865 9
440 3875 10
441 3885 10
442 3893 8
443 3903 10
444 3913 10
445 3920 7
446 3929 9
447 3938 9
448 3947 9
449 3955 8
450 3964 9
451 3971 7
452 3979 8
453 3987 8
454 3997 10
455 4007 10
456 4017 10
457 4025 8
458 4034 9
459 4044 10
460 4052 8
461 4062 10
462 4071 9
463 4080 9
464 4090 10
465 4098 8
466 4107 9
467 4116 9
468 4124 8
469 4134 10
470 4142 8
471 4151 9
472 4159 8
473 4166 7
474 4176 10
475 4186 10
476 4195 9
477 4205 10
478 4214 9
479 4221 7
480 4229 8
481 4239 10
482 4249 10
483 4257 8
484 4266 9
485 4275 9
486 4284 9
487 4294 10
488 4304 10
489 4313 9
490 4320 7
491 4330 10
492 4340 10
493 4350 10
494 4359 9
495 4367 8
496 4375 8
497 4384 9
498 4393 9
499 4403 10
500 4411 8
