1 5 5
2 11 6
3 17 6
4 22 5
5 29 7
6 37 8
7 46 9
8 53 7
9 60 7
10 66 6
11 71 5
12 75 4
13 84 9
14 90 6
15 96 6
16 105 9
17 112 7
18 119 7
19 126 7
20 135 9
21 143 8
22 152 9
23 160 8
24 168 8
25 176 8
26 185 9
27 194 9
28 201 7
29 209 8
30 216 7
31 224 8
32 233 9
33 242 9
34 251 9
35 260 9
36 267 7
37 275 8
38 282 7
39 292 10
40 302 10
41 311 9
42 320 9
43 328 8
44 336 8
45 345 9
46 354 9
47 364 10
48 373 9
49 381 8
50 390 9
51 400 10
52 410 10
53 418 8
54 427 9
55 436 9
56 445 9
57 454 9
58 463 9
59 472 9
60 482 10
61 490 8
62 500 10
63 506 6
64 515 9
65 524 9
66 534 10
67 543 9
68 552 9
69 561 9
70 570 9
71 578 8
72 587 9
73 596 9
74 604 8
75 613 9
76 622 9
77 631 9
78 640 9
79 649 9
80 659 10
81 668 9
82 678 10
83 685 7
84 695 10
85 702 7
86 712 10
87 721 9
88 730 9
89 738 8
90 747 9
91 757 10
92 767 10
93 775 8
94 784 9
95 792 8
96 802 10
97 809 7
98 818 9
99 827 9
100 835 8
101 845 10
102 855 10
103 865 10
104 875 10
105 885 10
106 895 10
107 905 10
108 914 9
109 923 9
110 933 10
111 942 9
112 952 10
113 960 8
114 970 10
115 980 10
116 988 8
117 998 10
118 1008 10
119 1018 10
120 1027 9
121 1036 9
122 1045 9
123 1053 8
124 1062 9
125 1072 10
126 1081 9
127 1090 9
128 1100 10
129 1109 9
130 1118 9
131 1126 8
132 1135 9
133 1144 9
134 1153 9
135 1158 5
136 1166 8
137 1175 9
138 1182 7
139 1191 9
140 1199 8
141 1206 7
142 1216 10
143 1226 10
144 1234 8
145 1244 10
146 1254 10
147 1263 9
148 1273 10
149 1282 9
150 1292 10
151 1301 9
152 1311 10
153 1320 9
154 1327 7
155 1335 8
156 1343 8
157 1352 9
158 1362 10
159 1372 10
160 1380 8
161 1390 10
162 1399 9
163 1409 10
164 1419 10
165 1428 9
166 1438 10
167 1448 10
168 1455 7
169 1465 10
170 1474 9
171 1483 9
172 1492 9
173 1502 10
174 1512 10
175 1522 10
176 1530 8
177 1540 10
178 1550 10
179 1560 10
180 1570 10
181 1579 9
182 1588 9
183 1598 10
184 1608 10
185 1618 10
186 1628 10
187 1637 9
188 1646 9
189 1656 10
190 1666 10
191 1674 8
192 1683 9
193 1693 10
194 1700 7
195 1709 9
196 1717 8
197 1727 10
198 1736 9
199 1745 9
200 1753 8
201 1763 10
202 1772 9
203 1782 10
204 1790 8
205 1799 9
206 1808 9
207 1817 9
208 1825 8
209 1834 9
210 1843 9
211 1853 10
212 1863 10
213 1873 10
214 1882 9
215 1892 10
216 1900 8
217 1909 9
218 1917 8
219 1926 9
220 1936 10
221 1944 8
222 1954 10
223 1962 8
224 1971 9
225 1980 9
226 1990 10
227 1998 8
228 2006 8
229 2014 8
230 2023 9
231 2032 9
232 2041 9
233 2051 10
234 2060 9
235 2069 9
236 2077 8
237 2087 10
238 2096 9
239 2105 9
240 2113 8
241 2123 10
242 2132 9
243 2142 10
244 2152 10
245 2160 8
246 2168 8
247 2177 9
248 2185 8
249 2192 7
250 2202 10
251 2211 9
252 2221 10
253 2231 10
254 2240 9
255 2249 9
256 2256 7
257 2266 10
258 2275 9
259 2282 7
260 2292 10
261 2302 10
262 2312 10
263 2321 9
264 2330 9
265 2340 10
266 2347 7
267 2356 9
268 2365 9
269 2374 9
270 2383 9
271 2391 8
272 2400 9
273 2409 9
274 2418 9
275 2428 10
276 2436 8
277 2446 10
278 2455 9
279 2464 9
280 2474 10
281 2484 10
282 2494 10
283 2503 9
284 2511 8
285 2520 9
286 2530 10
287 2539 9
288 2548 9
289 2557 9
290 2565 8
291 2575 10
292 2585 10
293 2594 9
294 2603 9
295 2612 9
296 2621 9
297 2629 8
298 2637 8
299 2647 10
300 2656 9
301 2666 10
302 2673 7
303 2683 10
304 2692 9
305 2702 10
306 2711 9
307 2720 9
308 2729 9
309 2739 10
310 2748 9
311 2758 10
312 2767 9
313 2777 10
314 2787 10
315 2795 8
316 2805 10
317 2813 8
318 2823 10
319 2832 9
320 2842 10
321 2851 9
322 2861 10
323 2869 8
324 2879 10
325 2889 10
326 2898 9
327 2908 10
328 2917 9
329 2925 8
330 2935 10
331 2945 10
332 2955 10
333 2964 9
334 2972 8
335 2981 9
336 2991 10
337 2999 8
338 3008 9
339 3017 9
340 3027 10
341 3035 8
342 3044 9
343 3051 7
344 3059 8
345 3068 9
346 3078 10
347 3088 10
348 3098 10
349 3108 10
350 3115 7
351 3124 9
352 3134 10
353 3143 9
354 3151 8
355 3161 10
356 3170 9
357 3180 10
358 3187 7
359 3196 9
360 3204 8
361 3213 9
362 3222 9
363 3231 9
364 3241 10
365 3250 9
366 3259 9
367 3268 9
368 3277 9
369 3286 9
370 3295 9
371 3302 7
372 3310 8
373 3319 9
374 3328 9
375 3337 9
376 3347 10
377 3356 9
378 3365 9
379 3374 9
380 3384 10
381 3394 10
382 3403 9
383 3413 10
384 3423 10
385 3433 10
386 3442 9
387 3451 9
388 3460 9
389 3469 9
390 3478 9
391 3487 9
392 3497 10
393 3507 10
394 3517 10
395 3527 10
396 3536 9
397 3546 10
398 3556 10
399 3565 9
400 3575 10
401 3585 10
402 3595 10
403 3605 10
404 3615 10
405 3625 10
406 3635 10
407 3645 10
408 3654 9
409 3662 8
410 3672 10
411 3681 9
412 3691 10
413 3701 10
414 3711 10
415 3721 10
416 3731 10
417 3741 10
418 3750 9
419 3759 9
420 3767 8
421 3777 10
422 3786 9
423 3795 9
424 3805 10
425 3815 10
426 3824 9
427 3834 10
428 3844 10
429 3854 10
430 3863 9
431 3873 10
432 3883 10
433 3892 9
434 3902 10
435 3911 9
436 3920 9
437 3929 9
438 3937 8
439 3946 9
440 3956 10
441 3965 9
442 3974 9
443 3982 8
444 3992 10
445 4002 10
446 4012 10
447 4022 10
448 4031 9
449 4038 7
450 4048 10
451 4058 10
452 4066 8
453 4076 10
454 4084 8
455 4092 8
456 4099 7
457 4109 10
458 4118 9
459 4127 9
460 4135 8
461 4143 8
462 4152 9
463 4162 10
464 4171 9
465 4181 10
466 4190 9
467 4200 10
468 4209 9
469 4218 9
470 4228 10
471 4237 9
472 4247 10
473 4257 10
474 4266 9
475 4274 8
476 4282 8
477 4290 8
478 4298 8
479 4308 10
480 4316 8
481 4324 8
482 4334 10
483 4343 9
484 4351 8
485 4360 9
486 4370 10
487 4380 10
488 4390 10
489 4400 10
490 4409 9
491 4416 7
492 4422 6
493 4432 10
494 4442 10
495 4451 9
496 4460 9
497 4468 8
498 4478 10
499 4487 9
500 4497 10
