1 7 7
2 12 5
3 19 7
4 24 5
5 28 4
6 35 7
7 43 8
8 47 4
9 53 6
10 60 7
11 68 8
12 75 7
13 83 8
14 89 6
15 94 5
16 100 6
17 107 7
18 116 9
19 124 8
20 129 5
21 138 9
22 145 7
23 153 8
24 162 9
25 170 8
26 179 9
27 189 10
28 196 7
29 204 8
30 213 9
31 222 9
32 229 7
33 238 9
34 246 8
35 254 8
36 263 9
37 271 8
38 281 10
39 290 9
40 298 8
41 306 8
42 316 10
43 326 10
44 334 8
45 342 8
46 349 7
47 358 9
48 365 7
49 372 7
50 382 10
51 391 9
52 399 8
53 409 10
54 417 8
55 424 7
56 434 10
57 442 8
58 452 10
59 461 9
60 470 9
61 480 10
62 489 9
63 498 9
64 507 9
65 515 8
66 525 10
67 533 8
68 542 9
69 551 9
70 559 8
71 567 8
72 575 8
73 581 6
74 591 10
75 598 7
76 608 10
77 616 8
78 625 9
79 633 8
80 642 9
81 651 9
82 661 10
83 669 8
84 677 8
85 686 9
86 696 10
87 705 9
88 714 9
89 724 10
90 734 10
91 743 9
92 751 8
93 759 8
94 769 10
95 778 9
96 785 7
97 794 9
98 802 8
99 811 9
100 819 8
101 826 7
102 836 10
103 845 9
104 854 9
105 864 10
106 872 8
107 882 10
108 892 10
109 900 8
110 909 9
111 919 10
112 928 9
113 937 9
114 946 9
115 956 10
116 963 7
117 972 9
118 982 10
119 991 9
120 1001 10
121 1010 9
122 1020 10
123 1028 8
124 1036 8
125 1045 9
126 1051 6
127 1060 9
128 1068 8
129 1077 9
130 1087 10
131 1095 8
132 1105 10
133 1115 10
134 1123 8
135 1131 8
136 1141 10
137 1151 10
138 1161 10
139 1169 8
140 1178 9
141 1187 9
142 1195 8
143 1205 10
144 1215 10
145 1223 8
146 1233 10
147 1243 10
148 1252 9
149 1261 9
150 1271 10
151 1280 9
152 1288 8
153 1298 10
154 1307 9
155 1316 9
156 1325 9
157 1331 6
158 1339 8
159 1348 9
160 1358 10
161 1367 9
162 1377 10
163 1385 8
164 1394 9
165 1404 10
166 1412 8
167 1422 10
168 1432 10
169 1441 9
170 1451 10
171 1460 9
172 1468 8
173 1477 9
174 1487 10
175 1496 9
176 1504 8
177 1514 10
178 1522 8
179 1531 9
180 1538 7
181 1547 9
182 1557 10
183 1567 10
184 1574 7
185 1584 10
186 1594 10
187 1603 9
188 1612 9
189 1621 9
190 1630 9
191 1638 8
192 1648 10
193 1658 10
194 1666 8
195 1675 9
196 1683 8
197 1692 9
198 1702 10
199 1712 10
200 1720 8
201 1728 8
202 1737 9
203 1742 5
204 1752 10
205 1761 9
206 1771 10
207 1780 9
208 1787 7
209 1796 9
210 1806 10
211 1814 8
212 1824 10
213 1833 9
214 1842 9
215 1852 10
216 1861 9
217 1869 8
218 1878 9
219 1887 9
220 1896 9
221 1904 8
222 1912 8
223 1922 10
224 1932 10
225 1942 10
226 1952 10
227 1961 9
228 1971 10
229 1981 10
230 1989 8
231 1997 8
232 2005 8
233 2013 8
234 2022 9
235 2031 9
236 2040 9
237 2050 10
238 2060 10
239 2069 9
240 2079 10
241 2089 10
242 2097 8
243 2104 7
244 2114 10
245 2123 9
246 2132 9
247 2141 9
248 2150 9
249 2158 8
250 2168 10
251 2175 7
252 2185 10
253 2194 9
254 2203 9
255 2213 10
256 2222 9
257 2230 8
258 2238 8
259 2247 9
260 2256 9
261 2264 8
262 2274 10
263 2283 9
264 2290 7
265 2299 9
266 2308 9
267 2317 9
268 2326 9
269 2334 8
270 2343 9
271 2351 8
272 2358 7
273 2368 10
274 2377 9
275 2386 9
276 2394 8
277 2404 10
278 2412 8
279 2421 9
280 2430 9
281 2440 10
282 2450 10
283 2459 9
284 2468 9
285 2477 9
286 2486 9
287 2493 7
288 2502 9
289 2511 9
290 2521 10
291 2531 10
292 2539 8
293 2548 9
294 2558 10
295 2567 9
296 2577 10
297 2587 10
298 2596 9
299 2606 10
300 2616 10
301 2625 9
302 2632 7
303 2639 7
304 2649 10
305 2657 8
306 2665 8
307 2674 9
308 2684 10
309 2694 10
310 2703 9
311 2712 9
312 2720 8
313 2730 10
314 2739 9
315 2748 9
316 2757 9
317 2766 9
318 2776 10
319 2786 10
320 2795 9
321 2803 8
322 2811 8
323 2820 9
324 2830 10
325 2839 9
326 2848 9
327 2858 10
328 2868 10
329 2876 8
330 2886 10
331 2895 9
332 2903 8
333 2912 9
334 2918 6
335 2927 9
336 2936 9
337 2945 9
338 2954 9
339 2964 10
340 2972 8
341 2981 9
342 2991 10
343 3001 10
344 3010 9
345 3020 10
346 3030 10
347 3040 10
348 3050 10
349 3057 7
350 3067 10
351 3077 10
352 3084 7
353 3093 9
354 3103 10
355 3112 9
356 3122 10
357 3132 10
358 3141 9
359 3151 10
360 3160 9
361 3170 10
362 3180 10
363 3190 10
364 3200 10
365 3210 10
366 3219 9
367 3227 8
368 3237 10
369 3246 9
370 3256 10
371 3265 9
372 3274 9
373 3284 10
374 3293 9
375 3303 10
376 3312 9
377 3321 9
378 3330 9
379 3339 9
380 3347 8
381 3356 9
382 3365 9
383 3373 8
384 3382 9
385 3391 9
386 3400 9
387 3407 7
388 3417 10
389 3427 10
390 3437 10
391 3447 10
392 3457 10
393 3466 9
394 3476 10
395 3485 9
396 3495 10
397 3503 8
398 3513 10
399 3523 10
400 3532 9
401 3539 7
402 3549 10
403 3558 9
404 3566 8
405 3574 8
406 3584 10
407 3593 9
408 3603 10
409 3611 8
410 3621 10
411 3630 9
412 3639 9
413 3648 9
414 3656 8
415 3665 9
416 3673 8
417 3682 9
418 3691 9
419 3700 9
420 3710 10
421 3720 10
422 3730 10
423 3738 8
424 3747 9
425 3757 10
426 3767 10
427 3777 10
428 3785 8
429 3795 10
430 3805 10
431 3815 10
432 3823 8
433 3833 10
434 3843 10
435 3853 10
436 3863 10
437 3872 9
438 3880 8
439 3890 10
440 3900 10
441 3910 10
442 3920 10
443 3929 9
444 3939 10
445 3949 10
446 3957 8
447 3967 10
448 3977 10
449 3986 9
450 3995 9
451 4004 9
452 4014 10
453 4022 8
454 4031 9
455 4041 10
456 4051 10
457 4061 10
458 4071 10
459 4081 10
460 4087 6
461 4096 9
462 4104 8
463 4114 10
464 4123 9
465 4132 9
466 4140 8
467 4150 10
468 4160 10
469 4168 8
470 4178 10
471 4188 10
472 4195 7
473 4203 8
474 4213 10
475 4222 9
476 4231 9
477 4240 9
478 4250 10
479 4260 10
480 4270 10
481 4278 8
482 4287 9
483 4296 9
484 4304 8
485 4314 10
486 4324 10
487 4334 10
488 4343 9
489 4352 9
490 4359 7
491 4368 9
492 4377 9
493 4387 10
494 4396 9
495 4406 10
496 4415 9
497 4425 10
498 4434 9
499 4444 10
500 4454 10
