1 5 5
2 8 3
3 14 6
4 20 6
5 25 5
6 30 5
7 34 4
8 44 10
9 51 7
10 59 8
11 62 3
12 70 8
13 77 7
14 83 6
15 91 8
16 99 8
17 104 5
18 110 6
19 119 9
20 125 6
21 131 6
22 139 8
23 144 5
24 152 8
25 159 7
26 167 8
27 176 9
28 184 8
29 193 9
30 200 7
31 208 8
32 217 9
33 227 10
34 237 10
35 244 7
36 251 7
37 259 8
38 269 10
39 279 10
40 287 8
41 295 8
42 304 9
43 312 8
44 320 8
45 329 9
46 338 9
47 347 9
48 356 9
49 365 9
50 374 9
51 384 10
52 394 10
53 402 8
54 412 10
55 422 10
56 431 9
57 439 8
58 447 8
59 456 9
60 465 9
61 471 6
62 480 9
63 490 10
64 500 10
65 509 9
66 516 7
67 524 8
68 534 10
69 541 7
70 551 10
71 561 10
72 571 10
73 581 10
74 591 10
75 600 9
76 608 8
77 616 8
78 625 9
79 635 10
80 644 9
81 654 10
82 663 9
83 673 10
84 682 9
85 691 9
86 700 9
87 708 8
88 718 10
89 726 8
90 736 10
91 745 9
92 754 9
93 763 9
94 771 8
95 780 9
96 790 10
97 798 8
98 806 8
99 813 7
100 821 8
101 828 7
102 837 9
103 847 10
104 855 8
105 865 10
106 875 10
107 883 8
108 893 10
109 902 9
110 908 6
111 917 9
112 927 10
113 937 10
114 945 8
115 953 8
116 962 9
117 972 10
118 980 8
119 990 10
120 1000 10
121 1010 10
122 1020 10
123 1030 10
124 1037 7
125 1045 8
126 1054 9
127 1062 8
128 1070 8
129 1078 8
130 1086 8
131 1093 7
132 1103 10
133 1113 10
134 1122 9
135 1132 10
136 1142 10
137 1149 7
138 1157 8
139 1167 10
140 1175 8
141 1184 9
142 1193 9
143 1202 9
144 1212 10
145 1221 9
146 1231 10
147 1239 8
148 1248 9
149 1257 9
150 1267 10
151 1276 9
152 1286 10
153 1293 7
154 1301 8
155 1311 10
156 1321 10
157 1326 5
158 1334 8
159 1342 8
160 1351 9
161 1359 8
162 1368 9
163 1378 10
164 1387 9
165 1396 9
166 1405 9
167 1415 10
168 1425 10
169 1434 9
170 1443 9
171 1453 10
172 1462 9
173 1471 9
174 1480 9
175 1487 7
176 1495 8
177 1505 10
178 1515 10
179 1524 9
180 1532 8
181 1541 9
182 1551 10
183 1561 10
184 1571 10
185 1578 7
186 1585 7
187 1595 10
188 1602 7
189 1612 10
190 1620 8
191 1630 10
192 1639 9
193 1648 9
194 1655 7
195 1665 10
196 1672 7
197 1681 9
198 1688 7
199 1697 9
200 1707 10
201 1717 10
202 1726 9
203 1735 9
204 1745 10
205 1755 10
206 1765 10
207 1775 10
208 1784 9
209 1793 9
210 1802 9
211 1811 9
212 1821 10
213 1829 8
214 1839 10
215 1848 9
216 1858 10
217 1867 9
218 1875 8
219 1883 8
220 1893 10
221 1902 9
222 1912 10
223 1922 10
224 1930 8
225 1939 9
226 1949 10
227 1959 10
228 1969 10
229 1978 9
230 1986 8
231 1996 10
232 2004 8
233 2012 8
234 2020 8
235 2030 10
236 2038 8
237 2047 9
238 2057 10
239 2067 10
240 2075 8
241 2084 9
242 2094 10
243 2104 10
244 2112 8
245 2122 10
246 2130 8
247 2138 8
248 2148 10
249 2158 10
250 2166 8
251 2175 9
252 2184 9
253 2193 9
254 2202 9
255 2212 10
256 2221 9
257 2231 10
258 2240 9
259 2249 9
260 2258 9
261 2267 9
262 2275 8
263 2285 10
264 2294 9
265 2304 10
266 2314 10
267 2323 9
268 2332 9
269 2341 9
270 2351 10
271 2361 10
272 2371 10
273 2381 10
274 2389 8
275 2398 9
276 2407 9
277 2417 10
278 2427 10
279 2435 8
280 2444 9
281 2454 10
282 2464 10
283 2474 10
284 2482 8
285 2491 9
286 2501 10
287 2510 9
288 2520 10
289 2530 10
290 2540 10
291 2548 8
292 2556 8
293 2566 10
294 2576 10
295 2586 10
296 2596 10
297 2604 8
298 2614 10
299 2624 10
300 2633 9
301 2642 9
302 2652 10
303 2661 9
304 2671 10
305 2679 8
306 2687 8
307 2694 7
308 2704 10
309 2713 9
310 2721 8
311 2730 9
312 2739 9
313 2749 10
314 2758 9
315 2768 10
316 2778 10
317 2787 9
318 2797 10
319 2806 9
320 2815 9
321 2824 9
322 2832 8
323 2842 10
324 2852 10
325 2861 9
326 2871 10
327 2881 10
328 2891 10
329 2899 8
330 2909 10
331 2919 10
332 2927 8
333 2936 9
334 2945 9
335 2955 10
336 2963 8
337 2973 10
338 2983 10
339 2991 8
340 3000 9
341 3009 9
342 3019 10
343 3029 10
344 3039 10
345 3048 9
346 3057 9
347 3066 9
348 3074 8
349 3084 10
350 3091 7
351 3099 8
352 3109 10
353 3117 8
354 3125 8
355 3135 10
356 3144 9
357 3152 8
358 3161 9
359 3171 10
360 3178 7
361 3186 8
362 3195 9
363 3204 9
364 3213 9
365 3222 9
366 3232 10
367 3242 10
368 3250 8
369 3258 8
370 3267 9
371 3277 10
372 3287 10
373 3295 8
374 3305 10
375 3313 8
376 3323 10
377 3332 9
378 3340 8
379 3348 8
380 3357 9
381 3365 8
382 3374 9
383 3381 7
384 3389 8
385 3398 9
386 3406 8
387 3416 10
388 3426 10
389 3435 9
390 3444 9
391 3454 10
392 3463 9
393 3470 7
394 3479 9
395 3488 9
396 3498 10
397 3507 9
398 3515 8
399 3524 9
400 3534 10
401 3543 9
402 3552 9
403 3561 9
404 3570 9
405 3578 8
406 3587 9
407 3595 8
408 3604 9
409 3612 8
410 3620 8
411 3628 8
412 3634 6
413 3644 10
414 3653 9
415 3662 9
416 3671 9
417 3681 10
418 3691 10
419 3700 9
420 3710 10
421 3720 10
422 3730 10
423 3739 9
424 3749 10
425 3759 10
426 3767 8
427 3776 9
428 3785 9
429 3795 10
430 3804 9
431 3814 10
432 3822 8
433 3831 9
434 3840 9
435 3849 9
436 3859 10
437 3867 8
438 3876 9
439 3885 9
440 3894 9
441 3904 10
442 3913 9
443 3921 8
444 3930 9
445 3940 10
446 3950 10
447 3959 9
448 3968 9
449 3977 9
450 3986 9
451 3995 9
452 4005 10
453 4014 9
454 4024 10
455 4032 8
456 4040 8
457 4049 9
458 4059 10
459 4067 8
460 4077 10
461 4087 10
462 4096 9
463 4104 8
464 4114 10
465 4124 10
466 4134 10
467 4144 10
468 4153 9
469 4162 9
470 4171 9
471 4181 10
472 4189 8
473 4199 10
474 4209 10
475 4217 8
476 4223 6
477 4232 9
478 4242 10
479 4250 8
480 4259 9
481 4268 9
482 4277 9
483 4287 10
484 4297 10
485 4307 10
486 4317 10
487 4327 10
488 4337 10
489 4347 10
490 4356 9
491 4366 10
492 4374 8
493 4382 8
494 4391 9
495 4401 10
496 4409 8
497 4418 9
498 4427 9
499 4437 10
500 4446 9
