1 2 2
2 10 8
3 17 7
4 25 8
5 30 5
6 36 6
7 43 7
8 50 7
9 57 7
10 64 7
11 71 7
12 79 8
13 83 4
14 91 8
15 100 9
16 105 5
17 113 8
18 123 10
19 132 9
20 141 9
21 151 10
22 158 7
23 168 10
24 174 6
25 183 9
26 190 7
27 199 9
28 208 9
29 216 8
30 226 10
31 235 9
32 244 9
33 254 10
34 263 9
35 271 8
36 278 7
37 288 10
38 297 9
39 306 9
40 315 9
41 322 7
42 329 7
43 337 8
44 346 9
45 354 8
46 364 10
47 373 9
48 383 10
49 393 10
50 403 10
51 413 10
52 422 9
53 430 8
54 439 9
55 448 9
56 455 7
57 461 6
58 470 9
59 477 7
60 486 9
61 493 7
62 503 10
63 513 10
64 520 7
65 530 10
66 537 7
67 546 9
68 555 9
69 564 9
70 574 10
71 582 8
72 590 8
73 599 9
74 608 9
75 616 8
76 625 9
77 634 9
78 642 8
79 652 10
80 661 9
81 671 10
82 680 9
83 689 9
84 698 9
85 707 9
86 716 9
87 725 9
88 734 9
89 744 10
90 753 9
91 760 7
92 769 9
93 778 9
94 788 10
95 798 10
96 807 9
97 817 10
98 826 9
99 834 8
100 842 8
101 851 9
102 861 10
103 868 7
104 878 10
105 885 7
106 894 9
107 904 10
108 914 10
109 923 9
110 931 8
111 940 9
112 949 9
113 958 9
114 965 7
115 974 9
116 983 9
117 990 7
118 1000 10
119 1008 8
120 1017 9
121 1026 9
122 1036 10
123 1045 9
124 1055 10
125 1064 9
126 1072 8
127 1081 9
128 1091 10
129 1100 9
130 1110 10
131 1120 10
132 1129 9
133 1138 9
134 1148 10
135 1157 9
136 1165 8
137 1174 9
138 1184 10
139 1194 10
140 1203 9
141 1212 9
142 1221 9
143 1229 8
144 1238 9
145 1248 10
146 1256 8
147 1263 7
148 1273 10
149 1282 9
150 1291 9
151 1301 10
152 1311 10
153 1319 8
154 1329 10
155 1338 9
156 1346 8
157 1356 10
158 1366 10
159 1374 8
160 1380 6
161 1388 8
162 1398 10
163 1406 8
164 1412 6
165 1422 10
166 1431 9
167 1439 8
168 1448 9
169 1457 9
170 1464 7
171 1474 10
172 1483 9
173 1493 10
174 1503 10
175 1513 10
176 1521 8
177 1529 8
178 1538 9
179 1547 9
180 1557 10
181 1565 8
182 1575 10
183 1584 9
184 1591 7
185 1601 10
186 1611 10
187 1621 10
188 1630 9
189 1639 9
190 1648 9
191 1657 9
192 1665 8
193 1675 10
194 1683 8
195 1691 8
196 1700 9
197 1709 9
198 1719 10
199 1727 8
200 1737 10
201 1746 9
202 1753 7
203 1763 10
204 1772 9
205 1781 9
206 1790 9
207 1799 9
208 1807 8
209 1817 10
210 1826 9
211 1836 10
212 1846 10
213 1855 9
214 1862 7
215 1872 10
216 1882 10
217 1890 8
218 1900 10
219 1910 10
220 1918 8
221 1927 9
222 1936 9
223 1945 9
224 1955 10
225 1964 9
226 1974 10
227 1983 9
228 1992 9
229 2000 8
230 2008 8
231 2017 9
232 2025 8
233 2035 10
234 2044 9
235 2051 7
236 2060 9
237 2068 8
238 2078 10
239 2087 9
240 2097 10
241 2106 9
242 2115 9
243 2124 9
244 2132 8
245 2142 10
246 2151 9
247 2160 9
248 2167 7
249 2176 9
250 2185 9
251 2191 6
252 2201 10
253 2210 9
254 2220 10
255 2230 10
256 2239 9
257 2249 10
258 2258 9
259 2267 9
260 2276 9
261 2286 10
262 2295 9
263 2305 10
264 2313 8
265 2321 8
266 2327 6
267 2337 10
268 2347 10
269 2356 9
270 2364 8
271 2373 9
272 2383 10
273 2393 10
274 2403 10
275 2413 10
276 2423 10
277 2433 10
278 2443 10
279 2453 10
280 2463 10
281 2473 10
282 2483 10
283 2493 10
284 2502 9
285 2512 10
286 2522 10
287 2532 10
288 2542 10
289 2552 10
290 2562 10
291 2571 9
292 2580 9
293 2589 9
294 2598 9
295 2607 9
296 2616 9
297 2626 10
298 2636 10
299 2644 8
300 2654 10
301 2663 9
302 2673 10
303 2683 10
304 2693 10
305 2702 9
306 2712 10
307 2722 10
308 2732 10
309 2741 9
310 2751 10
311 2760 9
312 2768 8
313 2777 9
314 2786 9
315 2795 9
316 2805 10
317 2815 10
318 2824 9
319 2833 9
320 2843 10
321 2852 9
322 2861 9
323 2870 9
324 2879 9
325 2889 10
326 2899 10
327 2909 10
328 2917 8
329 2927 10
330 2935 8
331 2944 9
332 2952 8
333 2962 10
334 2972 10
335 2980 8
336 2989 9
337 2997 8
338 3005 8
339 3015 10
340 3025 10
341 3035 10
342 3044 9
343 3053 9
344 3063 10
345 3072 9
346 3080 8
347 3089 9
348 3099 10
349 3108 9
350 3118 10
351 3126 8
352 3136 10
353 3144 8
354 3154 10
355 3164 10
356 3174 10
357 3183 9
358 3192 9
359 3202 10
360 3212 10
361 3221 9
362 3231 10
363 3239 8
364 3249 10
365 3258 9
366 3268 10
367 3278 10
368 3287 9
369 3297 10
370 3306 9
371 3316 10
372 3325 9
373 3334 9
374 3344 10
375 3352 8
376 3361 9
377 3371 10
378 3381 10
379 3388 7
380 3395 7
381 3405 10
382 3415 10
383 3424 9
384 3432 8
385 3442 10
386 3452 10
387 3461 9
388 3471 10
389 3480 9
390 3489 9
391 3499 10
392 3508 9
393 3516 8
394 3526 10
395 3536 10
396 3544 8
397 3554 10
398 3564 10
399 3574 10
400 3584 10
401 3594 10
402 3604 10
403 3613 9
404 3623 10
405 3632 9
406 3641 9
407 3650 9
408 3659 9
409 3668 9
410 3678 10
411 3688 10
412 3695 7
413 3703 8
414 3711 8
415 3721 10
416 3730 9
417 3740 10
418 3749 9
419 3759 10
420 3768 9
421 3776 8
422 3784 8
423 3793 9
424 3803 10
425 3811 8
426 3821 10
427 3830 9
428 3838 8
429 3847 9
430 3857 10
431 3866 9
432 3875 9
433 3885 10
434 3894 9
435 3904 10
436 3913 9
437 3923 10
438 3932 9
439 3940 8
440 3949 9
441 3958 9
442 3968 10
443 3978 10
444 3988 10
445 3997 9
446 4006 9
447 4016 10
448 4024 8
449 4033 9
450 4043 10
451 4051 8
452 4060 9
453 4069 9
454 4079 10
455 4089 10
456 4099 10
457 4107 8
458 4117 10
459 4126 9
460 4135 9
461 4145 10
462 4154 9
463 4163 9
464 4171 8
465 4179 8
466 4187 8
467 4197 10
468 4205 8
469 4214 9
470 4224 10
471 4232 8
472 4241 9
473 4251 10
474 4259 8
475 4269 10
476 4278 9
477 4288 10
478 4298 10
479 4308 10
480 4318 10
481 4327 9
482 4337 10
483 4347 10
484 4356 9
485 4365 9
486 4373 8
487 4382 9
488 4390 8
489 4399 9
490 4409 10
491 4418 9
492 4426 8
493 4436 10
494 4446 10
495 4456 10
496 4464 8
497 4472 8
498 4481 9
499 4490 9
500 4499 9
