1 3 3
2 10 7
3 15 5
4 20 5
5 28 8
6 34 6
7 42 8
8 48 6
9 52 4
10 57 5
11 67 10
12 73 6
13 82 9
14 91 9
15 98 7
16 106 8
17 113 7
18 120 7
19 129 9
20 135 6
21 144 9
22 150 6
23 158 8
24 166 8
25 172 6
26 179 7
27 189 10
28 197 8
29 205 8
30 212 7
31 220 8
32 228 8
33 236 8
34 244 8
35 250 6
36 258 8
37 265 7
38 274 9
39 281 7
40 290 9
41 297 7
42 307 10
43 314 7
44 324 10
45 333 9
46 343 10
47 352 9
48 361 9
49 369 8
50 375 6
51 384 9
52 393 9
53 403 10
54 412 9
55 420 8
56 429 9
57 436 7
58 445 9
59 454 9
60 464 10
61 473 9
62 482 9
63 487 5
64 494 7
65 503 9
66 513 10
67 521 8
68 531 10
69 540 9
70 549 9
71 559 10
72 568 9
73 576 8
74 585 9
75 593 8
76 602 9
77 609 7
78 618 9
79 628 10
80 637 9
81 646 9
82 655 9
83 664 9
84 673 9
85 682 9
86 692 10
87 699 7
88 708 9
89 718 10
90 727 9
91 736 9
92 746 10
93 755 9
94 764 9
95 773 9
96 782 9
97 790 8
98 800 10
99 808 8
100 818 10
101 827 9
102 835 8
103 844 9
104 852 8
105 862 10
106 872 10
107 882 10
108 890 8
109 900 10
110 908 8
111 916 8
112 926 10
113 936 10
114 946 10
115 956 10
116 965 9
117 972 7
118 980 8
119 988 8
120 995 7
121 1004 9
122 1013 9
123 1023 10
124 1030 7
125 1040 10
126 1049 9
127 1059 10
128 1067 8
129 1077 10
130 1086 9
131 1095 9
132 1103 8
133 1113 10
134 1121 8
135 1131 10
136 1140 9
137 1149 9
138 1156 7
139 1163 7
140 1172 9
141 1181 9
142 1187 6
143 1197 10
144 1205 8
145 1215 10
146 1225 10
147 1234 9
148 1244 10
149 1252 8
150 1261 9
151 1270 9
152 1280 10
153 1290 10
154 1297 7
155 1307 10
156 1314 7
157 1323 9
158 1333 10
159 1343 10
160 1353 10
161 1362 9
162 1371 9
163 1381 10
164 1390 9
165 1397 7
166 1405 8
167 1413 8
168 1423 10
169 1432 9
170 1442 10
171 1451 9
172 1461 10
173 1470 9
174 1478 8
175 1486 8
176 1494 8
177 1502 8
178 1512 10
179 1522 10
180 1532 10
181 1540 8
182 1549 9
183 1557 8
184 1566 9
185 1574 8
186 1583 9
187 1592 9
188 1600 8
189 1608 8
190 1618 10
191 1627 9
192 1633 6
193 1643 10
194 1651 8
195 1660 9
196 1670 10
197 1680 10
198 1687 7
199 1696 9
200 1706 10
201 1715 9
202 1724 9
203 1733 9
204 1743 10
205 1752 9
206 1760 8
207 1768 8
208 1777 9
209 1787 10
210 1796 9
211 1805 9
212 1814 9
213 1822 8
214 1832 10
215 1841 9
216 1849 8
217 1857 8
218 1865 8
219 1874 9
220 1884 10
221 1893 9
222 1902 9
223 1911 9
224 1921 10
225 1930 9
226 1937 7
227 1947 10
228 1956 9
229 1966 10
230 1975 9
231 1982 7
232 1991 9
233 2001 10
234 2010 9
235 2019 9
236 2029 10
237 2039 10
238 2049 10
239 2058 9
240 2067 9
241 2076 9
242 2086 10
243 2095 9
244 2104 9
245 2113 9
246 2122 9
247 2132 10
248 2141 9
249 2150 9
250 2160 10
251 2168 8
252 2177 9
253 2187 10
254 2197 10
255 2206 9
256 2213 7
257 2223 10
258 2233 10
259 2241 8
260 2250 9
261 2259 9
262 2267 8
263 2277 10
264 2286 9
265 2295 9
266 2303 8
267 2311 8
268 2320 9
269 2330 10
270 2339 9
271 2347 8
272 2356 9
273 2366 10
274 2376 10
275 2386 10
276 2394 8
277 2404 10
278 2414 10
279 2423 9
280 2431 8
281 2441 10
282 2451 10
283 2460 9
284 2470 10
285 2480 10
286 2490 10
287 2499 9
288 2509 10
289 2519 10
290 2529 10
291 2538 9
292 2546 8
293 2554 8
294 2563 9
295 2573 10
296 2583 10
297 2593 10
298 2603 10
299 2613 10
300 2622 9
301 2630 8
302 2640 10
303 2650 10
304 2660 10
305 2666 6
306 2676 10
307 2685 9
308 2694 9
309 2704 10
310 2712 8
311 2722 10
312 2731 9
313 2739 8
314 2748 9
315 2755 7
316 2765 10
317 2775 10
318 2784 9
319 2794 10
320 2804 10
321 2813 9
322 2822 9
323 2831 9
324 2841 10
325 2850 9
326 2860 10
327 2870 10
328 2879 9
329 2887 8
330 2896 9
331 2905 9
332 2914 9
333 2924 10
334 2933 9
335 2942 9
336 2952 10
337 2961 9
338 2970 9
339 2980 10
340 2989 9
341 2998 9
342 3007 9
343 3016 9
344 3025 9
345 3035 10
346 3045 10
347 3054 9
348 3064 10
349 3074 10
350 3083 9
351 3092 9
352 3101 9
353 3111 10
354 3119 8
355 3127 8
356 3135 8
357 3145 10
358 3155 10
359 3164 9
360 3173 9
361 3183 10
362 3192 9
363 3202 10
364 3210 8
365 3218 8
366 3228 10
367 3238 10
368 3248 10
369 3257 9
370 3266 9
371 3276 10
372 3285 9
373 3293 8
374 3302 9
375 3312 10
376 3320 8
377 3330 10
378 3339 9
379 3346 7
380 3355 9
381 3364 9
382 3374 10
383 3384 10
384 3394 10
385 3401 7
386 3410 9
387 3419 9
388 3429 10
389 3438 9
390 3446 8
391 3455 9
392 3465 10
393 3475 10
394 3484 9
395 3494 10
396 3504 10
397 3514 10
398 3524 10
399 3532 8
400 3542 10
401 3550 8
402 3560 10
403 3570 10
404 3580 10
405 3588 8
406 3597 9
407 3607 10
408 3616 9
409 3625 9
410 3633 8
411 3642 9
412 3651 9
413 3659 8
414 3667 8
415 3674 7
416 3683 9
417 3693 10
418 3702 9
419 3712 10
420 3722 10
421 3728 6
422 3738 10
423 3747 9
424 3757 10
425 3767 10
426 3775 8
427 3784 9
428 3793 9
429 3802 9
430 3811 9
431 3821 10
432 3829 8
433 3839 10
434 3849 10
435 3859 10
436 3869 10
437 3878 9
438 3888 10
439 3898 10
440 3906 8
441 3915 9
442 3924 9
443 3934 10
444 3943 9
445 3953 10
446 3963 10
447 3973 10
448 3981 8
449 3991 10
450 3999 8
451 4009 10
452 4017 8
453 4026 9
454 4035 9
455 4044 9
456 4053 9
457 4063 10
458 4071 8
459 4078 7
460 4087 9
461 4094 7
462 4104 10
463 4113 9
464 4123 10
465 4133 10
466 4143 10
467 4153 10
468 4163 10
469 4171 8
470 4179 8
471 4189 10
472 4198 9
473 4206 8
474 4215 9
475 4223 8
476 4233 10
477 4242 9
478 4251 9
479 4260 9
480 4270 10
481 4279 9
482 4288 9
483 4295 7
484 4304 9
485 4313 9
486 4320 7
487 4330 10
488 4338 8
489 4347 9
490 4355 8
491 4364 9
492 4372 8
493 4382 10
494 4392 10
495 4399 7
496 4409 10
497 4419 10
498 4428 9
499 4435 7
500 4444 9
