1 3 3
2 7 4
3 12 5
4 16 4
5 23 7
6 31 8
7 37 6
8 42 5
9 48 6
10 55 7
11 60 5
12 67 7
13 74 7
14 83 9
15 91 8
16 97 6
17 103 6
18 110 7
19 119 9
20 128 9
21 137 9
22 144 7
23 153 9
24 162 9
25 170 8
26 177 7
27 186 9
28 194 8
29 203 9
30 211 8
31 221 10
32 230 9
33 239 9
34 244 5
35 254 10
36 263 9
37 271 8
38 280 9
39 289 9
40 295 6
41 303 8
42 311 8
43 320 9
44 328 8
45 335 7
46 344 9
47 353 9
48 363 10
49 372 9
50 381 9
51 389 8
52 397 8
53 406 9
54 414 8
55 424 10
56 433 9
57 441 8
58 451 10
59 460 9
60 469 9
61 479 10
62 488 9
63 498 10
64 508 10
65 518 10
66 525 7
67 533 8
68 542 9
69 550 8
70 558 8
71 568 10
72 577 9
73 586 9
74 595 9
75 602 7
76 610 8
77 620 10
78 628 8
79 635 7
80 644 9
81 654 10
82 664 10
83 671 7
84 681 10
85 690 9
86 700 10
87 708 8
88 717 9
89 725 8
90 734 9
91 744 10
92 753 9
93 762 9
94 771 9
95 780 9
96 787 7
97 795 8
98 803 8
99 812 9
100 821 9
101 830 9
102 838 8
103 848 10
104 858 10
105 865 7
106 875 10
107 884 9
108 892 8
109 900 8
110 908 8
111 917 9
112 927 10
113 936 9
114 946 10
115 955 9
116 964 9
117 973 9
118 981 8
119 988 7
120 997 9
121 1006 9
122 1015 9
123 1025 10
124 1033 8
125 1043 10
126 1053 10
127 1063 10
128 1073 10
129 1081 8
130 1089 8
131 1098 9
132 1107 9
133 1117 10
134 1124 7
135 1132 8
136 1140 8
137 1150 10
138 1157 7
139 1164 7
140 1174 10
141 1183 9
142 1192 9
143 1199 7
144 1208 9
145 1218 10
146 1228 10
147 1236 8
148 1245 9
149 1255 10
150 1263 8
151 1271 8
152 1280 9
153 1290 10
154 1300 10
155 1310 10
156 1320 10
157 1328 8
158 1335 7
159 1344 9
160 1352 8
161 1362 10
162 1372 10
163 1382 10
164 1391 9
165 1400 9
166 1410 10
167 1420 10
168 1429 9
169 1438 9
170 1448 10
171 1458 10
172 1467 9
173 1476 9
174 1482 6
175 1491 9
176 1499 8
177 1509 10
178 1516 7
179 1523 7
180 1532 9
181 1541 9
182 1551 10
183 1560 9
184 1569 9
185 1575 6
186 1584 9
187 1594 10
188 1604 10
189 1612 8
190 1622 10
191 1631 9
192 1640 9
193 1650 10
194 1656 6
195 1666 10
196 1675 9
197 1685 10
198 1695 10
199 1705 10
200 1712 7
201 1720 8
202 1727 7
203 1734 7
204 1744 10
205 1753 9
206 1760 7
207 1767 7
208 1774 7
209 1783 9
210 1791 8
211 1799 8
212 1808 9
213 1818 10
214 1826 8
215 1836 10
216 1844 8
217 1853 9
218 1862 9
219 1871 9
220 1880 9
221 1889 9
222 1897 8
223 1906 9
224 1915 9
225 1924 9
226 1933 9
227 1942 9
228 1950 8
229 1958 8
230 1968 10
231 1976 8
232 1986 10
233 1995 9
234 2004 9
235 2014 10
236 2023 9
237 2032 9
238 2041 9
239 2049 8
240 2058 9
241 2066 8
242 2076 10
243 2086 10
244 2093 7
245 2101 8
246 2111 10
247 2119 8
248 2128 9
249 2138 10
250 2147 9
251 2157 10
252 2167 10
253 2177 10
254 2187 10
255 2197 10
256 2207 10
257 2215 8
258 2225 10
259 2234 9
260 2244 10
261 2252 8
262 2262 10
263 2272 10
264 2282 10
265 2291 9
266 2300 9
267 2307 7
268 2316 9
269 2325 9
270 2333 8
271 2342 9
272 2352 10
273 2362 10
274 2372 10
275 2382 10
276 2390 8
277 2397 7
278 2406 9
279 2415 9
280 2425 10
281 2433 8
282 2443 10
283 2453 10
284 2462 9
285 2472 10
286 2482 10
287 2491 9
288 2500 9
289 2509 9
290 2519 10
291 2529 10
292 2539 10
293 2549 10
294 2557 8
295 2565 8
296 2575 10
297 2584 9
298 2594 10
299 2603 9
300 2611 8
301 2618 7
302 2628 10
303 2637 9
304 2645 8
305 2654 9
306 2664 10
307 2674 10
308 2683 9
309 2692 9
310 2702 10
311 2711 9
312 2718 7
313 2728 10
314 2737 9
315 2746 9
316 2752 6
317 2762 10
318 2770 8
319 2779 9
320 2789 10
321 2798 9
322 2808 10
323 2815 7
324 2825 10
325 2835 10
326 2843 8
327 2853 10
328 2861 8
329 2869 8
330 2878 9
331 2888 10
332 2898 10
333 2907 9
334 2916 9
335 2926 10
336 2936 10
337 2944 8
338 2953 9
339 2962 9
340 2971 9
341 2981 10
342 2990 9
343 3000 10
344 3010 10
345 3020 10
346 3029 9
347 3039 10
348 3048 9
349 3058 10
350 3068 10
351 3078 10
352 3087 9
353 3097 10
354 3106 9
355 3116 10
356 3124 8
357 3133 9
358 3142 9
359 3152 10
360 3161 9
361 3169 8
362 3179 10
363 3188 9
364 3197 9
365 3207 10
366 3216 9
367 3225 9
368 3235 10
369 3245 10
370 3255 10
371 3265 10
372 3274 9
373 3284 10
374 3293 9
375 3303 10
376 3311 8
377 3320 9
378 3327 7
379 3336 9
380 3345 9
381 3354 9
382 3363 9
383 3373 10
384 3382 9
385 3391 9
386 3400 9
387 3409 9
388 3418 9
389 3426 8
390 3436 10
391 3446 10
392 3456 10
393 3465 9
394 3475 10
395 3485 10
396 3493 8
397 3502 9
398 3511 9
399 3520 9
400 3530 10
401 3540 10
402 3550 10
403 3559 9
404 3569 10
405 3578 9
406 3586 8
407 3595 9
408 3604 9
409 3614 10
410 3624 10
411 3634 10
412 3643 9
413 3653 10
414 3663 10
415 3673 10
416 3683 10
417 3691 8
418 3701 10
419 3711 10
420 3721 10
421 3730 9
422 3739 9
423 3749 10
424 3758 9
425 3767 9
426 3775 8
427 3784 9
428 3794 10
429 3802 8
430 3810 8
431 3820 10
432 3830 10
433 3837 7
434 3847 10
435 3857 10
436 3867 10
437 3877 10
438 3885 8
439 3894 9
440 3904 10
441 3914 10
442 3924 10
443 3932 8
444 3942 10
445 3951 9
446 3961 10
447 3971 10
448 3980 9
449 3990 10
450 4000 10
451 4009 9
452 4018 9
453 4028 10
454 4038 10
455 4048 10
456 4057 9
457 4065 8
458 4074 9
459 4084 10
460 4093 9
461 4103 10
462 4113 10
463 4123 10
464 4132 9
465 4142 10
466 4152 10
467 4162 10
468 4170 8
469 4179 9
470 4189 10
471 4198 9
472 4206 8
473 4216 10
474 4225 9
475 4235 10
476 4245 10
477 4254 9
478 4263 9
479 4273 10
480 4281 8
481 4289 8
482 4299 10
483 4309 10
484 4318 9
485 4327 9
486 4335 8
487 4345 10
488 4354 9
489 4364 10
490 4373 9
491 4383 10
492 4392 9
493 4402 10
494 4410 8
495 4420 10
496 4429 9
497 4438 9
498 4448 10
499 4458 10
500 4468 10
