1 6 6
2 14 8
3 20 6
4 28 8
5 34 6
6 42 8
7 49 7
8 57 8
9 63 6
10 70 7
11 78 8
12 86 8
13 95 9
14 101 6
15 110 9
16 120 10
17 126 6
18 135 9
19 144 9
20 154 10
21 162 8
22 169 7
23 176 7
24 184 8
25 192 8
26 199 7
27 207 8
28 216 9
29 224 8
30 234 10
31 244 10
32 252 8
33 260 8
34 268 8
35 277 9
36 285 8
37 294 9
38 301 7
39 310 9
40 319 9
41 329 10
42 338 9
43 347 9
44 357 10
45 366 9
46 374 8
47 384 10
48 392 8
49 402 10
50 410 8
51 417 7
52 425 8
53 435 10
54 444 9
55 452 8
56 461 9
57 470 9
58 480 10
59 490 10
60 500 10
61 509 9
62 518 9
63 527 9
64 535 8
65 544 9
66 552 8
67 559 7
68 569 10
69 576 7
70 586 10
71 596 10
72 605 9
73 613 8
74 621 8
75 629 8
76 636 7
77 644 8
78 653 9
79 663 10
80 671 8
81 680 9
82 689 9
83 698 9
84 706 8
85 716 10
86 726 10
87 735 9
88 743 8
89 753 10
90 763 10
91 772 9
92 780 8
93 789 9
94 798 9
95 807 9
96 817 10
97 826 9
98 835 9
99 844 9
100 853 9
101 863 10
102 870 7
103 880 10
104 889 9
105 898 9
106 908 10
107 918 10
108 927 9
109 936 9
110 944 8
111 953 9
112 963 10
113 972 9
114 982 10
115 991 9
116 998 7
117 1008 10
118 1018 10
119 1026 8
120 1035 9
121 1045 10
122 1055 10
123 1065 10
124 1072 7
125 1082 10
126 1092 10
127 1101 9
128 1110 9
129 1119 9
130 1128 9
131 1134 6
132 1144 10
133 1153 9
134 1163 10
135 1172 9
136 1181 9
137 1190 9
138 1199 9
139 1208 9
140 1218 10
141 1227 9
142 1234 7
143 1242 8
144 1252 10
145 1261 9
146 1270 9
147 1277 7
148 1287 10
149 1297 10
150 1306 9
151 1315 9
152 1325 10
153 1334 9
154 1342 8
155 1352 10
156 1361 9
157 1370 9
158 1378 8
159 1385 7
160 1393 8
161 1401 8
162 1411 10
163 1421 10
164 1431 10
165 1439 8
166 1448 9
167 1458 10
168 1468 10
169 1478 10
170 1488 10
171 1497 9
172 1506 9
173 1515 9
174 1524 9
175 1531 7
176 1540 9
177 1550 10
178 1559 9
179 1569 10
180 1579 10
181 1589 10
182 1599 10
183 1606 7
184 1614 8
185 1622 8
186 1632 10
187 1642 10
188 1651 9
189 1661 10
190 1671 10
191 1681 10
192 1690 9
193 1700 10
194 1709 9
195 1719 10
196 1729 10
197 1737 8
198 1746 9
199 1756 10
200 1766 10
201 1776 10
202 1784 8
203 1794 10
204 1804 10
205 1813 9
206 1821 8
207 1831 10
208 1839 8
209 1848 9
210 1858 10
211 1868 10
212 1876 8
213 1885 9
214 1894 9
215 1903 9
216 1913 10
217 1922 9
218 1932 10
219 1941 9
220 1950 9
221 1957 7
222 1967 10
223 1977 10
224 1987 10
225 1993 6
226 2002 9
227 2012 10
228 2022 10
229 2032 10
230 2039 7
231 2049 10
232 2059 10
233 2068 9
234 2078 10
235 2088 10
236 2096 8
237 2105 9
238 2114 9
239 2124 10
240 2133 9
241 2143 10
242 2153 10
243 2160 7
244 2170 10
245 2179 9
246 2188 9
247 2197 9
248 2206 9
249 2216 10
250 2226 10
251 2236 10
252 2246 10
253 2253 7
254 2263 10
255 2271 8
256 2280 9
257 2290 10
258 2300 10
259 2309 9
260 2318 9
261 2327 9
262 2335 8
263 2345 10
264 2353 8
265 2363 10
266 2373 10
267 2382 9
268 2391 9
269 2401 10
270 2411 10
271 2421 10
272 2431 10
273 2439 8
274 2449 10
275 2458 9
276 2468 10
277 2478 10
278 2487 9
279 2497 10
280 2507 10
281 2517 10
282 2527 10
283 2537 10
284 2546 9
285 2556 10
286 2566 10
287 2575 9
288 2585 10
289 2594 9
290 2604 10
291 2614 10
292 2623 9
293 2633 10
294 2642 9
295 2649 7
296 2659 10
297 2668 9
298 2677 9
299 2685 8
300 2694 9
301 2704 10
302 2714 10
303 2724 10
304 2733 9
305 2740 7
306 2750 10
307 2759 9
308 2769 10
309 2777 8
310 2786 9
311 2795 9
312 2803 8
313 2811 8
314 2820 9
315 2830 10
316 2837 7
317 2847 10
318 2857 10
319 2867 10
320 2875 8
321 2884 9
322 2893 9
323 2902 9
324 2912 10
325 2921 9
326 2930 9
327 2940 10
328 2950 10
329 2958 8
330 2968 10
331 2977 9
332 2986 9
333 2995 9
334 3004 9
335 3014 10
336 3022 8
337 3031 9
338 3041 10
339 3050 9
340 3058 8
341 3067 9
342 3077 10
343 3087 10
344 3096 9
345 3105 9
346 3112 7
347 3121 9
348 3131 10
349 3141 10
350 3151 10
351 3160 9
352 3170 10
353 3180 10
354 3188 8
355 3197 9
356 3205 8
357 3215 10
358 3225 10
359 3235 10
360 3242 7
361 3251 9
362 3260 9
363 3269 9
364 3279 10
365 3288 9
366 3297 9
367 3306 9
368 3315 9
369 3323 8
370 3333 10
371 3343 10
372 3352 9
373 3362 10
374 3370 8
375 3379 9
376 3389 10
377 3399 10
378 3409 10
379 3419 10
380 3428 9
381 3438 10
382 3445 7
383 3454 9
384 3462 8
385 3470 8
386 3480 10
387 3489 9
388 3499 10
389 3509 10
390 3518 9
391 3527 9
392 3537 10
393 3547 10
394 3556 9
395 3565 9
396 3575 10
397 3585 10
398 3594 9
399 3603 9
400 3612 9
401 3621 9
402 3629 8
403 3638 9
404 3647 9
405 3657 10
406 3665 8
407 3675 10
408 3684 9
409 3693 9
410 3703 10
411 3712 9
412 3722 10
413 3732 10
414 3740 8
415 3750 10
416 3760 10
417 3770 10
418 3779 9
419 3788 9
420 3797 9
421 3806 9
422 3814 8
423 3823 9
424 3833 10
425 3843 10
426 3853 10
427 3861 8
428 3870 9
429 3880 10
430 3889 9
431 3898 9
432 3908 10
433 3918 10
434 3928 10
435 3937 9
436 3947 10
437 3956 9
438 3966 10
439 3976 10
440 3986 10
441 3994 8
442 4004 10
443 4012 8
444 4020 8
445 4030 10
446 4039 9
447 4048 9
448 4058 10
449 4067 9
450 4073 6
451 4083 10
452 4093 10
453 4101 8
454 4109 8
455 4118 9
456 4127 9
457 4137 10
458 4147 10
459 4156 9
460 4165 9
461 4175 10
462 4185 10
463 4193 8
464 4202 9
465 4211 9
466 4220 9
467 4229 9
468 4239 10
469 4248 9
470 4257 9
471 4267 10
472 4276 9
473 4285 9
474 4293 8
475 4303 10
476 4313 10
477 4322 9
478 4329 7
479 4337 8
480 4347 10
481 4356 9
482 4365 9
483 4375 10
484 4384 9
485 4394 10
486 4404 10
487 4412 8
488 4421 9
489 4431 10
490 4440 9
491 4448 8
492 4457 9
493 4466 9
494 4476 10
495 4486 10
496 4496 10
497 4505 9
498 4514 9
499 4524 10
500 4532 8
