1 4 4
2 10 6
3 18 8
4 26 8
5 30 4
6 37 7
7 42 5
8 48 6
9 56 8
10 66 10
11 74 8
12 81 7
13 88 7
14 94 6
15 99 5
16 107 8
17 113 6
18 121 8
19 129 8
20 138 9
21 145 7
22 153 8
23 160 7
24 168 8
25 175 7
26 184 9
27 192 8
28 200 8
29 209 9
30 217 8
31 226 9
32 235 9
33 244 9
34 251 7
35 259 8
36 268 9
37 276 8
38 285 9
39 295 10
40 305 10
41 314 9
42 320 6
43 330 10
44 339 9
45 347 8
46 356 9
47 365 9
48 374 9
49 383 9
50 389 6
51 399 10
52 406 7
53 415 9
54 423 8
55 431 8
56 439 8
57 448 9
58 457 9
59 465 8
60 474 9
61 481 7
62 488 7
63 496 8
64 506 10
65 514 8
66 523 9
67 531 8
68 539 8
69 548 9
70 556 8
71 566 10
72 574 8
73 584 10
74 592 8
75 600 8
76 609 9
77 618 9
78 626 8
79 634 8
80 641 7
81 651 10
82 660 9
83 670 10
84 678 8
85 688 10
86 696 8
87 703 7
88 713 10
89 721 8
90 729 8
91 738 9
92 747 9
93 755 8
94 765 10
95 775 10
96 784 9
97 792 8
98 800 8
99 809 9
100 818 9
101 827 9
102 836 9
103 845 9
104 854 9
105 859 5
106 869 10
107 879 10
108 888 9
109 894 6
110 904 10
111 912 8
112 920 8
113 929 9
114 939 10
115 947 8
116 957 10
117 967 10
118 975 8
119 983 8
120 988 5
121 997 9
122 1005 8
123 1014 9
124 1023 9
125 1032 9
126 1041 9
127 1049 8
128 1059 10
129 1069 10
130 1078 9
131 1088 10
132 1098 10
133 1107 9
134 1116 9
135 1125 9
136 1135 10
137 1144 9
138 1154 10
139 1163 9
140 1172 9
141 1182 10
142 1190 8
143 1199 9
144 1207 8
145 1215 8
146 1225 10
147 1233 8
148 1243 10
149 1251 8
150 1261 10
151 1269 8
152 1278 9
153 1287 9
154 1295 8
155 1305 10
156 1315 10
157 1324 9
158 1333 9
159 1342 9
160 1351 9
161 1361 10
162 1370 9
163 1378 8
164 1387 9
165 1397 10
166 1407 10
167 1416 9
168 1425 9
169 1435 10
170 1444 9
171 1453 9
172 1462 9
173 1471 9
174 1480 9
175 1489 9
176 1497 8
177 1506 9
178 1516 10
179 1523 7
180 1532 9
181 1541 9
182 1550 9
183 1559 9
184 1568 9
185 1576 8
186 1586 10
187 1595 9
188 1605 10
189 1614 9
190 1623 9
191 1632 9
192 1642 10
193 1652 10
194 1661 9
195 1671 10
196 1680 9
197 1690 10
198 1698 8
199 1708 10
200 1716 8
201 1726 10
202 1735 9
203 1744 9
204 1753 9
205 1763 10
206 1772 9
207 1781 9
208 1789 8
209 1799 10
210 1807 8
211 1816 9
212 1825 9
213 1834 9
214 1842 8
215 1852 10
216 1861 9
217 1870 9
218 1880 10
219 1889 9
220 1899 10
221 1909 10
222 1917 8
223 1926 9
224 1935 9
225 1945 10
226 1955 10
227 1964 9
228 1974 10
229 1982 8
230 1992 10
231 2002 10
232 2012 10
233 2022 10
234 2031 9
235 2040 9
236 2049 9
237 2059 10
238 2069 10
239 2078 9
240 2088 10
241 2097 9
242 2105 8
243 2115 10
244 2124 9
245 2134 10
246 2143 9
247 2152 9
248 2162 10
249 2171 9
250 2181 10
251 2191 10
252 2200 9
253 2208 8
254 2218 10
255 2226 8
256 2235 9
257 2245 10
258 2255 10
259 2265 10
260 2275 10
261 2285 10
262 2295 10
263 2305 10
264 2315 10
265 2325 10
266 2333 8
267 2342 9
268 2350 8
269 2359 9
270 2369 10
271 2379 10
272 2389 10
273 2399 10
274 2408 9
275 2418 10
276 2426 8
277 2435 9
278 2444 9
279 2453 9
280 2461 8
281 2470 9
282 2479 9
283 2489 10
284 2499 10
285 2507 8
286 2516 9
287 2526 10
288 2536 10
289 2546 10
290 2556 10
291 2565 9
292 2573 8
293 2582 9
294 2589 7
295 2598 9
296 2608 10
297 2618 10
298 2627 9
299 2635 8
300 2645 10
301 2654 9
302 2663 9
303 2672 9
304 2681 9
305 2689 8
306 2698 9
307 2708 10
308 2717 9
309 2727 10
310 2737 10
311 2747 10
312 2757 10
313 2767 10
314 2775 8
315 2784 9
316 2794 10
317 2804 10
318 2814 10
319 2823 9
320 2831 8
321 2838 7
322 2848 10
323 2858 10
324 2868 10
325 2877 9
326 2886 9
327 2895 9
328 2903 8
329 2912 9
330 2922 10
331 2932 10
332 2942 10
333 2952 10
334 2962 10
335 2972 10
336 2982 10
337 2991 9
338 3001 10
339 3010 9
340 3017 7
341 3025 8
342 3035 10
343 3045 10
344 3054 9
345 3063 9
346 3071 8
347 3081 10
348 3091 10
349 3101 10
350 3109 8
351 3119 10
352 3128 9
353 3137 9
354 3146 9
355 3156 10
356 3165 9
357 3175 10
358 3184 9
359 3194 10
360 3204 10
361 3213 9
362 3222 9
363 3232 10
364 3240 8
365 3249 9
366 3258 9
367 3268 10
368 3278 10
369 3287 9
370 3296 9
371 3306 10
372 3316 10
373 3325 9
374 3333 8
375 3342 9
376 3351 9
377 3360 9
378 3368 8
379 3377 9
380 3387 10
381 3396 9
382 3406 10
383 3416 10
384 3426 10
385 3436 10
386 3446 10
387 3452 6
388 3461 9
389 3471 10
390 3481 10
391 3491 10
392 3500 9
393 3510 10
394 3517 7
395 3527 10
396 3537 10
397 3547 10
398 3556 9
399 3566 10
400 3576 10
401 3586 10
402 3596 10
403 3606 10
404 3616 10
405 3624 8
406 3633 9
407 3643 10
408 3653 10
409 3662 9
410 3672 10
411 3681 9
412 3690 9
413 3699 9
414 3707 8
415 3717 10
416 3727 10
417 3737 10
418 3746 9
419 3756 10
420 3765 9
421 3774 9
422 3781 7
423 3790 9
424 3800 10
425 3810 10
426 3818 8
427 3827 9
428 3837 10
429 3846 9
430 3856 10
431 3865 9
432 3872 7
433 3882 10
434 3891 9
435 3901 10
436 3909 8
437 3919 10
438 3928 9
439 3936 8
440 3946 10
441 3956 10
442 3966 10
443 3974 8
444 3984 10
445 3994 10
446 4003 9
447 4013 10
448 4022 9
449 4030 8
450 4040 10
451 4050 10
452 4059 9
453 4068 9
454 4078 10
455 4086 8
456 4095 9
457 4104 9
458 4113 9
459 4123 10
460 4131 8
461 4141 10
462 4149 8
463 4158 9
464 4167 9
465 4177 10
466 4186 9
467 4196 10
468 4206 10
469 4216 10
470 4224 8
471 4233 9
472 4241 8
473 4249 8
474 4258 9
475 4268 10
476 4277 9
477 4287 10
478 4296 9
479 4304 8
480 4314 10
481 4323 9
482 4333 10
483 4343 10
484 4352 9
485 4361 9
486 4371 10
487 4381 10
488 4389 8
489 4399 10
490 4408 9
491 4418 10
492 4428 10
493 4438 10
494 4447 9
495 4457 10
496 4466 9
497 4474 8
498 4484 10
499 4494 10
500 4503 9
