1 4 4
2 10 6
3 15 5
4 22 7
5 28 6
6 35 7
7 40 5
8 45 5
9 51 6
10 56 5
11 64 8
12 72 8
13 81 9
14 91 10
15 98 7
16 106 8
17 113 7
18 120 7
19 129 9
20 136 7
21 144 8
22 151 7
23 158 7
24 167 9
25 176 9
26 184 8
27 192 8
28 200 8
29 209 9
30 217 8
31 226 9
32 233 7
33 243 10
34 253 10
35 260 7
36 269 9
37 279 10
38 284 5
39 293 9
40 301 8
41 309 8
42 318 9
43 328 10
44 336 8
45 345 9
46 354 9
47 362 8
48 372 10
49 381 9
50 391 10
51 398 7
52 406 8
53 416 10
54 425 9
55 434 9
56 442 8
57 451 9
58 457 6
59 465 8
60 474 9
61 483 9
62 491 8
63 501 10
64 508 7
65 515 7
66 524 9
67 534 10
68 543 9
69 551 8
70 559 8
71 567 8
72 575 8
73 585 10
74 592 7
75 601 9
76 610 9
77 620 10
78 628 8
79 637 9
80 644 7
81 654 10
82 663 9
83 672 9
84 679 7
85 687 8
86 697 10
87 705 8
88 714 9
89 723 9
90 732 9
91 742 10
92 752 10
93 762 10
94 772 10
95 780 8
96 789 9
97 797 8
98 807 10
99 816 9
100 825 9
101 834 9
102 842 8
103 849 7
104 858 9
105 868 10
106 877 9
107 886 9
108 894 8
109 903 9
110 912 9
111 920 8
112 930 10
113 939 9
114 947 8
115 957 10
116 966 9
117 976 10
118 986 10
119 994 8
120 1002 8
121 1011 9
122 1019 8
123 1028 9
124 1037 9
125 1046 9
126 1055 9
127 1064 9
128 1071 7
129 1080 9
130 1090 10
131 1099 9
132 1108 9
133 1118 10
134 1125 7
135 1135 10
136 1143 8
137 1153 10
138 1162 9
139 1172 10
140 1182 10
141 1192 10
142 1202 10
143 1210 8
144 1220 10
145 1229 9
146 1238 9
147 1247 9
148 1257 10
149 1266 9
150 1275 9
151 1285 10
152 1291 6
153 1301 10
154 1309 8
155 1316 7
156 1326 10
157 1335 9
158 1342 7
159 1351 9
160 1360 9
161 1370 10
162 1379 9
163 1387 8
164 1395 8
165 1405 10
166 1415 10
167 1424 9
168 1434 10
169 1443 9
170 1453 10
171 1463 10
172 1470 7
173 1479 9
174 1488 9
175 1498 10
176 1507 9
177 1514 7
178 1523 9
179 1532 9
180 1541 9
181 1550 9
182 1558 8
183 1566 8
184 1575 9
185 1584 9
186 1593 9
187 1602 9
188 1611 9
189 1621 10
190 1629 8
191 1639 10
192 1648 9
193 1657 9
194 1666 9
195 1675 9
196 1685 10
197 1695 10
198 1704 9
199 1713 9
200 1722 9
201 1731 9
202 1740 9
203 1749 9
204 1756 7
205 1765 9
206 1775 10
207 1784 9
208 1793 9
209 1801 8
210 1810 9
211 1817 7
212 1827 10
213 1836 9
214 1845 9
215 1855 10
216 1865 10
217 1875 10
218 1883 8
219 1891 8
220 1901 10
221 1910 9
222 1920 10
223 1930 10
224 1940 10
225 1949 9
226 1959 10
227 1968 9
228 1977 9
229 1984 7
230 1993 9
231 2001 8
232 2011 10
233 2020 9
234 2030 10
235 2039 9
236 2049 10
237 2059 10
238 2069 10
239 2078 9
240 2087 9
241 2096 9
242 2105 9
243 2115 10
244 2125 10
245 2133 8
246 2142 9
247 2151 9
248 2161 10
249 2169 8
250 2177 8
251 2186 9
252 2193 7
253 2203 10
254 2212 9
255 2220 8
256 2230 10
257 2240 10
258 2249 9
259 2258 9
260 2264 6
261 2274 10
262 2284 10
263 2293 9
264 2300 7
265 2309 9
266 2318 9
267 2327 9
268 2336 9
269 2345 9
270 2354 9
271 2363 9
272 2371 8
273 2379 8
274 2389 10
275 2399 10
276 2408 9
277 2418 10
278 2426 8
279 2435 9
280 2444 9
281 2453 9
282 2463 10
283 2473 10
284 2483 10
285 2492 9
286 2500 8
287 2509 9
288 2518 9
289 2528 10
290 2535 7
291 2545 10
292 2552 7
293 2561 9
294 2570 9
295 2580 10
296 2590 10
297 2600 10
298 2608 8
299 2618 10
300 2627 9
301 2636 9
302 2645 9
303 2654 9
304 2664 10
305 2674 10
306 2684 10
307 2694 10
308 2701 7
309 2711 10
310 2720 9
311 2729 9
312 2737 8
313 2747 10
314 2754 7
315 2764 10
316 2773 9
317 2782 9
318 2792 10
319 2801 9
320 2810 9
321 2820 10
322 2828 8
323 2838 10
324 2847 9
325 2856 9
326 2864 8
327 2873 9
328 2882 9
329 2891 9
330 2900 9
331 2908 8
332 2918 10
333 2927 9
334 2937 10
335 2946 9
336 2955 9
337 2964 9
338 2974 10
339 2983 9
340 2992 9
341 3002 10
342 3011 9
343 3021 10
344 3030 9
345 3039 9
346 3048 9
347 3057 9
348 3066 9
349 3076 10
350 3085 9
351 3094 9
352 3104 10
353 3114 10
354 3122 8
355 3131 9
356 3139 8
357 3146 7
358 3156 10
359 3165 9
360 3172 7
361 3181 9
362 3190 9
363 3199 9
364 3209 10
365 3218 9
366 3228 10
367 3236 8
368 3246 10
369 3255 9
370 3265 10
371 3273 8
372 3282 9
373 3292 10
374 3301 9
375 3310 9
376 3319 9
377 3329 10
378 3339 10
379 3349 10
380 3357 8
381 3367 10
382 3376 9
383 3384 8
384 3391 7
385 3400 9
386 3410 10
387 3420 10
388 3428 8
389 3438 10
390 3448 10
391 3457 9
392 3465 8
393 3475 10
394 3483 8
395 3492 9
396 3502 10
397 3512 10
398 3522 10
399 3531 9
400 3540 9
401 3548 8
402 3558 10
403 3568 10
404 3576 8
405 3586 10
406 3595 9
407 3605 10
408 3615 10
409 3623 8
410 3632 9
411 3641 9
412 3650 9
413 3658 8
414 3668 10
415 3677 9
416 3686 9
417 3694 8
418 3703 9
419 3712 9
420 3721 9
421 3728 7
422 3738 10
423 3747 9
424 3757 10
425 3763 6
426 3772 9
427 3780 8
428 3790 10
429 3799 9
430 3809 10
431 3819 10
432 3828 9
433 3837 9
434 3846 9
435 3856 10
436 3865 9
437 3874 9
438 3881 7
439 3890 9
440 3899 9
441 3908 9
442 3917 9
443 3925 8
444 3934 9
445 3944 10
446 3954 10
447 3964 10
448 3974 10
449 3982 8
450 3992 10
451 4002 10
452 4010 8
453 4020 10
454 4029 9
455 4036 7
456 4045 9
457 4055 10
458 4065 10
459 4075 10
460 4084 9
461 4094 10
462 4104 10
463 4114 10
464 4123 9
465 4131 8
466 4141 10
467 4150 9
468 4159 9
469 4169 10
470 4178 9
471 4188 10
472 4198 10
473 4208 10
474 4215 7
475 4225 10
476 4234 9
477 4243 9
478 4253 10
479 4263 10
480 4272 9
481 4282 10
482 4290 8
483 4300 10
484 4310 10
485 4319 9
486 4329 10
487 4337 8
488 4347 10
489 4357 10
490 4366 9
491 4376 10
492 4385 9
493 4395 10
494 4405 10
495 4414 9
496 4424 10
497 4434 10
498 4444 10
499 4452 8
500 4461 9
