1 5 5
2 10 5
3 18 8
4 22 4
5 29 7
6 36 7
7 43 7
8 50 7
9 58 8
10 65 7
11 72 7
12 80 8
13 89 9
14 97 8
15 106 9
16 113 7
17 121 8
18 130 9
19 139 9
20 147 8
21 155 8
22 164 9
23 172 8
24 181 9
25 189 8
26 197 8
27 206 9
28 215 9
29 223 8
30 230 7
31 237 7
32 243 6
33 251 8
34 260 9
35 266 6
36 274 8
37 283 9
38 291 8
39 301 10
40 310 9
41 320 10
42 330 10
43 339 9
44 348 9
45 357 9
46 366 9
47 374 8
48 384 10
49 393 9
50 401 8
51 409 8
52 419 10
53 429 10
54 439 10
55 448 9
56 457 9
57 465 8
58 473 8
59 482 9
60 492 10
61 502 10
62 511 9
63 519 8
64 529 10
65 538 9
66 545 7
67 553 8
68 562 9
69 571 9
70 580 9
71 590 10
72 599 9
73 609 10
74 617 8
75 625 8
76 634 9
77 643 9
78 650 7
79 660 10
80 668 8
81 677 9
82 687 10
83 697 10
84 707 10
85 717 10
86 727 10
87 733 6
88 742 9
89 751 9
90 759 8
91 768 9
92 776 8
93 783 7
94 791 8
95 800 9
96 809 9
97 819 10
98 828 9
99 837 9
100 847 10
101 856 9
102 865 9
103 875 10
104 884 9
105 893 9
106 901 8
107 911 10
108 920 9
109 928 8
110 938 10
111 945 7
112 955 10
113 963 8
114 972 9
115 981 9
116 989 8
117 999 10
118 1008 9
119 1018 10
120 1026 8
121 1034 8
122 1044 10
123 1052 8
124 1062 10
125 1070 8
126 1079 9
127 1087 8
128 1096 9
129 1106 10
130 1116 10
131 1126 10
132 1134 8
133 1143 9
134 1153 10
135 1163 10
136 1173 10
137 1182 9
138 1192 10
139 1201 9
140 1210 9
141 1219 9
142 1227 8
143 1236 9
144 1246 10
145 1253 7
146 1263 10
147 1271 8
148 1281 10
149 1291 10
150 1300 9
151 1309 9
152 1318 9
153 1326 8
154 1334 8
155 1343 9
156 1352 9
157 1361 9
158 1370 9
159 1380 10
160 1389 9
161 1399 10
162 1408 9
163 1417 9
164 1427 10
165 1437 10
166 1447 10
167 1455 8
168 1464 9
169 1471 7
170 1479 8
171 1487 8
172 1497 10
173 1506 9
174 1515 9
175 1523 8
176 1532 9
177 1542 10
178 1551 9
179 1560 9
180 1570 10
181 1579 9
182 1587 8
183 1596 9
184 1606 10
185 1615 9
186 1625 10
187 1635 10
188 1645 10
189 1655 10
190 1662 7
191 1671 9
192 1681 10
193 1690 9
194 1700 10
195 1710 10
196 1720 10
197 1730 10
198 1739 9
199 1747 8
200 1757 10
201 1764 7
202 1774 10
203 1784 10
204 1792 8
205 1801 9
206 1808 7
207 1817 9
208 1826 9
209 1834 8
210 1843 9
211 1851 8
212 1861 10
213 1870 9
214 1880 10
215 1890 10
216 1900 10
217 1910 10
218 1919 9
219 1928 9
220 1937 9
221 1943 6
222 1953 10
223 1963 10
224 1972 9
225 1982 10
226 1990 8
227 1998 8
228 2006 8
229 2016 10
230 2021 5
231 2029 8
232 2038 9
233 2048 10
234 2058 10
235 2067 9
236 2076 9
237 2086 10
238 2096 10
239 2106 10
240 2113 7
241 2122 9
242 2131 9
243 2140 9
244 2150 10
245 2160 10
246 2170 10
247 2179 9
248 2189 10
249 2197 8
250 2207 10
251 2216 9
252 2224 8
253 2234 10
254 2244 10
255 2254 10
256 2263 9
257 2272 9
258 2281 9
259 2290 9
260 2300 10
261 2310 10
262 2320 10
263 2330 10
264 2338 8
265 2348 10
266 2358 10
267 2366 8
268 2375 9
269 2385 10
270 2393 8
271 2402 9
272 2411 9
273 2420 9
274 2429 9
275 2439 10
276 2449 10
277 2459 10
278 2468 9
279 2477 9
280 2486 9
281 2493 7
282 2502 9
283 2510 8
284 2518 8
285 2527 9
286 2537 10
287 2546 9
288 2555 9
289 2563 8
290 2572 9
291 2581 9
292 2590 9
293 2599 9
294 2609 10
295 2619 10
296 2629 10
297 2638 9
298 2648 10
299 2658 10
300 2668 10
301 2678 10
302 2687 9
303 2696 9
304 2706 10
305 2713 7
306 2721 8
307 2731 10
308 2739 8
309 2748 9
310 2757 9
311 2767 10
312 2776 9
313 2785 9
314 2794 9
315 2804 10
316 2812 8
317 2821 9
318 2831 10
319 2840 9
320 2849 9
321 2856 7
322 2866 10
323 2875 9
324 2884 9
325 2894 10
326 2902 8
327 2910 8
328 2920 10
329 2930 10
330 2938 8
331 2948 10
332 2958 10
333 2968 10
334 2977 9
335 2986 9
336 2995 9
337 3005 10
338 3014 9
339 3023 9
340 3033 10
341 3043 10
342 3052 9
343 3061 9
344 3070 9
345 3078 8
346 3086 8
347 3096 10
348 3105 9
349 3115 10
350 3123 8
351 3133 10
352 3143 10
353 3151 8
354 3159 8
355 3167 8
356 3177 10
357 3187 10
358 3197 10
359 3207 10
360 3216 9
361 3225 9
362 3235 10
363 3245 10
364 3254 9
365 3263 9
366 3272 9
367 3282 10
368 3292 10
369 3301 9
370 3310 9
371 3319 9
372 3328 9
373 3338 10
374 3347 9
375 3357 10
376 3367 10
377 3376 9
378 3385 9
379 3395 10
380 3405 10
381 3414 9
382 3423 9
383 3432 9
384 3441 9
385 3451 10
386 3460 9
387 3469 9
388 3478 9
389 3487 9
390 3496 9
391 3504 8
392 3512 8
393 3520 8
394 3529 9
395 3539 10
396 3549 10
397 3559 10
398 3567 8
399 3576 9
400 3585 9
401 3594 9
402 3603 9
403 3612 9
404 3621 9
405 3630 9
406 3640 10
407 3650 10
408 3660 10
409 3670 10
410 3679 9
411 3689 10
412 3697 8
413 3707 10
414 3717 10
415 3727 10
416 3736 9
417 3746 10
418 3756 10
419 3765 9
420 3775 10
421 3785 10
422 3794 9
423 3804 10
424 3813 9
425 3823 10
426 3833 10
427 3841 8
428 3849 8
429 3858 9
430 3867 9
431 3877 10
432 3884 7
433 3893 9
434 3902 9
435 3912 10
436 3920 8
437 3929 9
438 3939 10
439 3949 10
440 3959 10
441 3968 9
442 3978 10
443 3987 9
444 3996 9
445 4005 9
446 4014 9
447 4023 9
448 4033 10
449 4042 9
450 4052 10
451 4059 7
452 4069 10
453 4079 10
454 4087 8
455 4095 8
456 4104 9
457 4112 8
458 4119 7
459 4128 9
460 4138 10
461 4145 7
462 4154 9
463 4162 8
464 4171 9
465 4181 10
466 4191 10
467 4201 10
468 4210 9
469 4219 9
470 4227 8
471 4236 9
472 4246 10
473 4255 9
474 4264 9
475 4272 8
476 4280 8
477 4289 9
478 4298 9
479 4307 9
480 4317 10
481 4326 9
482 4336 10
483 4345 9
484 4355 10
485 4365 10
486 4374 9
487 4382 8
488 4392 10
489 4401 9
490 4409 8
491 4419 10
492 4429 10
493 4439 10
494 4445 6
495 4455 10
496 4465 10
497 4474 9
498 4483 9
499 4491 8
500 4500 9
