1 5 5
2 7 2
3 12 5
4 20 8
5 23 3
6 28 5
7 33 5
8 39 6
9 46 7
10 54 8
11 62 8
12 69 7
13 76 7
14 83 7
15 91 8
16 100 9
17 109 9
18 117 8
19 123 6
20 133 10
21 141 8
22 148 7
23 156 8
24 163 7
25 172 9
26 180 8
27 189 9
28 197 8
29 206 9
30 214 8
31 222 8
32 231 9
33 239 8
34 249 10
35 259 10
36 268 9
37 278 10
38 288 10
39 296 8
40 306 10
41 314 8
42 324 10
43 334 10
44 342 8
45 351 9
46 360 9
47 370 10
48 377 7
49 382 5
50 392 10
51 399 7
52 409 10
53 418 9
54 427 9
55 434 7
56 438 4
57 446 8
58 455 9
59 463 8
60 472 9
61 479 7
62 489 10
63 497 8
64 506 9
65 515 9
66 523 8
67 532 9
68 541 9
69 550 9
70 560 10
71 569 9
72 576 7
73 584 8
74 594 10
75 604 10
76 614 10
77 624 10
78 634 10
79 641 7
80 649 8
81 658 9
82 666 8
83 674 8
84 684 10
85 693 9
86 702 9
87 710 8
88 717 7
89 726 9
90 736 10
91 746 10
92 755 9
93 764 9
94 774 10
95 783 9
96 789 6
97 799 10
98 807 8
99 816 9
100 826 10
101 836 10
102 845 9
103 855 10
104 865 10
105 875 10
106 883 8
107 889 6
108 897 8
109 907 10
110 917 10
111 925 8
112 933 8
113 941 8
114 950 9
115 960 10
116 969 9
117 979 10
118 985 6
119 992 7
120 1000 8
121 1008 8
122 1018 10
123 1028 10
124 1037 9
125 1046 9
126 1055 9
127 1065 10
128 1073 8
129 1082 9
130 1090 8
131 1099 9
132 1107 8
133 1116 9
134 1123 7
135 1132 9
136 1142 10
137 1151 9
138 1161 10
139 1169 8
140 1178 9
141 1187 9
142 1197 10
143 1207 10
144 1216 9
145 1225 9
146 1235 10
147 1245 10
148 1254 9
149 1264 10
150 1273 9
151 1281 8
152 1289 8
153 1296 7
154 1304 8
155 1314 10
156 1324 10
157 1333 9
158 1343 10
159 1353 10
160 1362 9
161 1371 9
162 1380 9
163 1390 10
164 1397 7
165 1406 9
166 1413 7
167 1422 9
168 1431 9
169 1441 10
170 1451 10
171 1460 9
172 1470 10
173 1477 7
174 1486 9
175 1495 9
176 1503 8
177 1513 10
178 1522 9
179 1531 9
180 1541 10
181 1550 9
182 1560 10
183 1568 8
184 1578 10
185 1587 9
186 1597 10
187 1606 9
188 1613 7
189 1622 9
190 1631 9
191 1641 10
192 1650 9
193 1659 9
194 1669 10
195 1677 8
196 1687 10
197 1697 10
198 1707 10
199 1715 8
200 1725 10
201 1732 7
202 1741 9
203 1749 8
204 1757 8
205 1767 10
206 1777 10
207 1786 9
208 1794 8
209 1803 9
210 1812 9
211 1820 8
212 1827 7
213 1836 9
214 1845 9
215 1855 10
216 1865 10
217 1875 10
218 1884 9
219 1893 9
220 1902 9
221 1911 9
222 1921 10
223 1930 9
224 1940 10
225 1949 9
226 1957 8
227 1966 9
228 1975 9
229 1985 10
230 1995 10
231 2005 10
232 2014 9
233 2024 10
234 2033 9
235 2043 10
236 2052 9
237 2061 9
238 2071 10
239 2080 9
240 2090 10
241 2099 9
242 2109 10
243 2118 9
244 2127 9
245 2137 10
246 2147 10
247 2156 9
248 2165 9
249 2173 8
250 2182 9
251 2190 8
252 2200 10
253 2210 10
254 2220 10
255 2227 7
256 2235 8
257 2245 10
258 2254 9
259 2263 9
260 2272 9
261 2281 9
262 2289 8
263 2298 9
264 2305 7
265 2312 7
266 2322 10
267 2330 8
268 2339 9
269 2348 9
270 2357 9
271 2365 8
272 2374 9
273 2384 10
274 2393 9
275 2403 10
276 2411 8
277 2420 9
278 2429 9
279 2439 10
280 2449 10
281 2457 8
282 2466 9
283 2476 10
284 2485 9
285 2495 10
286 2504 9
287 2514 10
288 2524 10
289 2533 9
290 2542 9
291 2552 10
292 2561 9
293 2570 9
294 2580 10
295 2587 7
296 2597 10
297 2607 10
298 2616 9
299 2625 9
300 2634 9
301 2643 9
302 2652 9
303 2662 10
304 2672 10
305 2682 10
306 2690 8
307 2699 9
308 2709 10
309 2716 7
310 2726 10
311 2736 10
312 2746 10
313 2754 8
314 2763 9
315 2773 10
316 2783 10
317 2792 9
318 2802 10
319 2812 10
320 2822 10
321 2831 9
322 2840 9
323 2850 10
324 2860 10
325 2869 9
326 2878 9
327 2888 10
328 2898 10
329 2907 9
330 2916 9
331 2926 10
332 2936 10
333 2946 10
334 2956 10
335 2966 10
336 2975 9
337 2985 10
338 2995 10
339 3005 10
340 3012 7
341 3022 10
342 3030 8
343 3040 10
344 3049 9
345 3059 10
346 3068 9
347 3078 10
348 3087 9
349 3096 9
350 3106 10
351 3116 10
352 3125 9
353 3135 10
354 3144 9
355 3152 8
356 3162 10
357 3171 9
358 3181 10
359 3191 10
360 3200 9
361 3210 10
362 3220 10
363 3230 10
364 3240 10
365 3248 8
366 3256 8
367 3265 9
368 3275 10
369 3285 10
370 3294 9
371 3303 9
372 3313 10
373 3323 10
374 3333 10
375 3341 8
376 3350 9
377 3359 9
378 3368 9
379 3378 10
380 3388 10
381 3397 9
382 3406 9
383 3416 10
384 3426 10
385 3435 9
386 3443 8
387 3450 7
388 3458 8
389 3467 9
390 3475 8
391 3484 9
392 3493 9
393 3502 9
394 3511 9
395 3519 8
396 3529 10
397 3537 8
398 3546 9
399 3553 7
400 3563 10
401 3572 9
402 3581 9
403 3591 10
404 3599 8
405 3608 9
406 3616 8
407 3626 10
408 3635 9
409 3644 9
410 3654 10
411 3664 10
412 3674 10
413 3684 10
414 3693 9
415 3703 10
416 3712 9
417 3721 9
418 3729 8
419 3738 9
420 3748 10
421 3757 9
422 3764 7
423 3773 9
424 3782 9
425 3792 10
426 3800 8
427 3810 10
428 3820 10
429 3830 10
430 3839 9
431 3847 8
432 3855 8
433 3864 9
434 3873 9
435 3882 9
436 3892 10
437 3901 9
438 3911 10
439 3920 9
440 3930 10
441 3939 9
442 3948 9
443 3958 10
444 3967 9
445 3976 9
446 3986 10
447 3996 10
448 4005 9
449 4015 10
450 4023 8
451 4033 10
452 4042 9
453 4052 10
454 4061 9
455 4070 9
456 4079 9
457 4088 9
458 4097 9
459 4107 10
460 4117 10
461 4127 10
462 4136 9
463 4144 8
464 4154 10
465 4162 8
466 4172 10
467 4182 10
468 4189 7
469 4198 9
470 4207 9
471 4216 9
472 4225 9
473 4235 10
474 4245 10
475 4255 10
476 4264 9
477 4274 10
478 4284 10
479 4291 7
480 4301 10
481 4309 8
482 4319 10
483 4329 10
484 4339 10
485 4346 7
486 4354 8
487 4363 9
488 4373 10
489 4382 9
490 4391 9
491 4400 9
492 4409 9
493 4419 10
494 4429 10
495 4438 9
496 4447 9
497 4456 9
498 4466 10
499 4474 8
500 4482 8
