1 4 4
2 9 5
3 16 7
4 21 5
5 27 6
6 33 6
7 35 2
8 43 8
9 51 8
10 56 5
11 62 6
12 69 7
13 74 5
14 83 9
15 91 8
16 96 5
17 103 7
18 109 6
19 117 8
20 123 6
21 131 8
22 139 8
23 148 9
24 155 7
25 161 6
26 170 9
27 178 8
28 186 8
29 195 9
30 204 9
31 210 6
32 217 7
33 226 9
34 234 8
35 243 9
36 253 10
37 262 9
38 269 7
39 277 8
40 283 6
41 292 9
42 300 8
43 310 10
44 319 9
45 328 9
46 338 10
47 345 7
48 355 10
49 363 8
50 372 9
51 380 8
52 389 9
53 396 7
54 405 9
55 413 8
56 423 10
57 432 9
58 442 10
59 452 10
60 461 9
61 470 9
62 478 8
63 487 9
64 495 8
65 505 10
66 513 8
67 522 9
68 532 10
69 540 8
70 548 8
71 557 9
72 564 7
73 572 8
74 582 10
75 592 10
76 601 9
77 609 8
78 619 10
79 626 7
80 635 9
81 644 9
82 654 10
83 663 9
84 672 9
85 680 8
86 688 8
87 698 10
88 706 8
89 716 10
90 726 10
91 735 9
92 744 9
93 753 9
94 763 10
95 770 7
96 779 9
97 787 8
98 796 9
99 804 8
100 811 7
101 821 10
102 828 7
103 837 9
104 847 10
105 855 8
106 865 10
107 875 10
108 882 7
109 891 9
110 901 10
111 909 8
112 918 9
113 925 7
114 935 10
115 941 6
116 950 9
117 960 10
118 970 10
119 980 10
120 987 7
121 995 8
122 1004 9
123 1014 10
124 1022 8
125 1032 10
126 1040 8
127 1049 9
128 1057 8
129 1064 7
130 1074 10
131 1083 9
132 1092 9
133 1101 9
134 1108 7
135 1115 7
136 1124 9
137 1133 9
138 1143 10
139 1153 10
140 1162 9
141 1171 9
142 1179 8
143 1189 10
144 1199 10
145 1207 8
146 1215 8
147 1225 10
148 1232 7
149 1242 10
150 1251 9
151 1260 9
152 1268 8
153 1278 10
154 1286 8
155 1295 9
156 1304 9
157 1314 10
158 1320 6
159 1328 8
160 1337 9
161 1345 8
162 1354 9
163 1362 8
164 1371 9
165 1380 9
166 1390 10
167 1400 10
168 1407 7
169 1416 9
170 1426 10
171 1436 10
172 1445 9
173 1454 9
174 1463 9
175 1471 8
176 1481 10
177 1491 10
178 1501 10
179 1511 10
180 1521 10
181 1531 10
182 1541 10
183 1550 9
184 1560 10
185 1568 8
186 1578 10
187 1588 10
188 1598 10
189 1605 7
190 1614 9
191 1624 10
192 1633 9
193 1641 8
194 1650 9
195 1659 9
196 1668 9
197 1675 7
198 1685 10
199 1694 9
200 1701 7
201 1711 10
202 1721 10
203 1730 9
204 1740 10
205 1750 10
206 1760 10
207 1769 9
208 1778 9
209 1788 10
210 1798 10
211 1807 9
212 1817 10
213 1826 9
214 1836 10
215 1846 10
216 1855 9
217 1865 10
218 1874 9
219 1883 9
220 1892 9
221 1902 10
222 1910 8
223 1919 9
224 1928 9
225 1938 10
226 1947 9
227 1957 10
228 1967 10
229 1975 8
230 1985 10
231 1994 9
232 2004 10
233 2014 10
234 2024 10
235 2033 9
236 2042 9
237 2051 9
238 2059 8
239 2068 9
240 2078 10
241 2088 10
242 2097 9
243 2107 10
244 2117 10
245 2127 10
246 2136 9
247 2144 8
248 2153 9
249 2162 9
250 2170 8
251 2180 10
252 2189 9
253 2198 9
254 2207 9
255 2215 8
256 2224 9
257 2234 10
258 2242 8
259 2251 9
260 2259 8
261 2268 9
262 2278 10
263 2287 9
264 2297 10
265 2307 10
266 2317 10
267 2327 10
268 2337 10
269 2344 7
270 2354 10
271 2362 8
272 2371 9
273 2378 7
274 2388 10
275 2396 8
276 2405 9
277 2415 10
278 2424 9
279 2432 8
280 2440 8
281 2449 9
282 2459 10
283 2468 9
284 2477 9
285 2486 9
286 2495 9
287 2505 10
288 2515 10
289 2523 8
290 2532 9
291 2539 7
292 2548 9
293 2556 8
294 2566 10
295 2576 10
296 2585 9
297 2594 9
298 2603 9
299 2612 9
300 2621 9
301 2630 9
302 2639 9
303 2647 8
304 2655 8
305 2665 10
306 2673 8
307 2681 8
308 2689 8
309 2697 8
310 2707 10
311 2717 10
312 2726 9
313 2735 9
314 2745 10
315 2755 10
316 2765 10
317 2775 10
318 2784 9
319 2794 10
320 2802 8
321 2811 9
322 2821 10
323 2831 10
324 2841 10
325 2851 10
326 2858 7
327 2867 9
328 2877 10
329 2887 10
330 2897 10
331 2906 9
332 2916 10
333 2925 9
334 2934 9
335 2944 10
336 2952 8
337 2960 8
338 2970 10
339 2980 10
340 2988 8
341 2998 10
342 3005 7
343 3014 9
344 3024 10
345 3033 9
346 3041 8
347 3050 9
348 3058 8
349 3065 7
350 3073 8
351 3082 9
352 3091 9
353 3101 10
354 3111 10
355 3121 10
356 3130 9
357 3139 9
358 3149 10
359 3158 9
360 3168 10
361 3177 9
362 3187 10
363 3197 10
364 3207 10
365 3217 10
366 3227 10
367 3234 7
368 3244 10
369 3253 9
370 3263 10
371 3273 10
372 3282 9
373 3292 10
374 3302 10
375 3310 8
376 3320 10
377 3328 8
378 3338 10
379 3347 9
380 3356 9
381 3365 9
382 3373 8
383 3383 10
384 3392 9
385 3402 10
386 3412 10
387 3422 10
388 3431 9
389 3440 9
390 3448 8
391 3458 10
392 3467 9
393 3477 10
394 3487 10
395 3497 10
396 3507 10
397 3515 8
398 3525 10
399 3533 8
400 3542 9
401 3551 9
402 3561 10
403 3568 7
404 3576 8
405 3586 10
406 3596 10
407 3604 8
408 3613 9
409 3622 9
410 3631 9
411 3641 10
412 3651 10
413 3661 10
414 3669 8
415 3677 8
416 3687 10
417 3696 9
418 3704 8
419 3714 10
420 3723 9
421 3732 9
422 3741 9
423 3750 9
424 3759 9
425 3769 10
426 3778 9
427 3786 8
428 3794 8
429 3803 9
430 3812 9
431 3821 9
432 3831 10
433 3841 10
434 3851 10
435 3859 8
436 3869 10
437 3878 9
438 3887 9
439 3895 8
440 3905 10
441 3914 9
442 3924 10
443 3932 8
444 3941 9
445 3950 9
446 3959 9
447 3968 9
448 3976 8
449 3985 9
450 3994 9
451 4004 10
452 4014 10
453 4023 9
454 4032 9
455 4039 7
456 4049 10
457 4059 10
458 4069 10
459 4079 10
460 4087 8
461 4094 7
462 4103 9
463 4113 10
464 4122 9
465 4132 10
466 4142 10
467 4152 10
468 4161 9
469 4170 9
470 4179 9
471 4187 8
472 4196 9
473 4205 9
474 4214 9
475 4224 10
476 4233 9
477 4243 10
478 4252 9
479 4261 9
480 4270 9
481 4278 8
482 4288 10
483 4298 10
484 4305 7
485 4313 8
486 4323 10
487 4333 10
488 4343 10
489 4351 8
490 4358 7
491 4367 9
492 4377 10
493 4386 9
494 4396 10
495 4405 9
496 4414 9
497 4421 7
498 4431 10
499 4440 9
500 4450 10
