1 4 4
2 11 7
3 15 4
4 22 7
5 27 5
6 33 6
7 40 7
8 45 5
9 53 8
10 60 7
11 68 8
12 77 9
13 86 9
14 93 7
15 101 8
16 111 10
17 121 10
18 127 6
19 135 8
20 141 6
21 147 6
22 157 10
23 165 8
24 172 7
25 181 9
26 189 8
27 196 7
28 206 10
29 215 9
30 224 9
31 229 5
32 237 8
33 244 7
34 254 10
35 261 7
36 270 9
37 279 9
38 287 8
39 297 10
40 306 9
41 316 10
42 323 7
43 333 10
44 342 9
45 351 9
46 359 8
47 369 10
48 377 8
49 385 8
50 395 10
51 402 7
52 410 8
53 417 7
54 427 10
55 437 10
56 445 8
57 452 7
58 461 9
59 467 6
60 476 9
61 485 9
62 493 8
63 503 10
64 513 10
65 520 7
66 528 8
67 536 8
68 544 8
69 553 9
70 560 7
71 568 8
72 577 9
73 586 9
74 593 7
75 601 8
76 610 9
77 619 9
78 626 7
79 635 9
80 643 8
81 653 10
82 662 9
83 671 9
84 681 10
85 689 8
86 697 8
87 705 8
88 714 9
89 723 9
90 732 9
91 741 9
92 750 9
93 759 9
94 768 9
95 776 8
96 785 9
97 795 10
98 804 9
99 813 9
100 823 10
101 832 9
102 840 8
103 849 9
104 859 10
105 868 9
106 875 7
107 881 6
108 891 10
109 900 9
110 910 10
111 918 8
112 926 8
113 936 10
114 946 10
115 953 7
116 960 7
117 969 9
118 978 9
119 988 10
120 997 9
121 1006 9
122 1014 8
123 1022 8
124 1030 8
125 1038 8
126 1047 9
127 1057 10
128 1066 9
129 1076 10
130 1086 10
131 1096 10
132 1106 10
133 1116 10
134 1124 8
135 1132 8
136 1141 9
137 1148 7
138 1158 10
139 1168 10
140 1176 8
141 1186 10
142 1196 10
143 1205 9
144 1213 8
145 1223 10
146 1232 9
147 1242 10
148 1252 10
149 1260 8
150 1269 9
151 1278 9
152 1287 9
153 1295 8
154 1305 10
155 1315 10
156 1324 9
157 1332 8
158 1342 10
159 1352 10
160 1361 9
161 1371 10
162 1381 10
163 1388 7
164 1398 10
165 1407 9
166 1413 6
167 1423 10
168 1432 9
169 1442 10
170 1451 9
171 1461 10
172 1470 9
173 1480 10
174 1489 9
175 1499 10
176 1507 8
177 1515 8
178 1525 10
179 1534 9
180 1542 8
181 1552 10
182 1562 10
183 1572 10
184 1580 8
185 1589 9
186 1598 9
187 1608 10
188 1618 10
189 1628 10
190 1636 8
191 1644 8
192 1654 10
193 1662 8
194 1672 10
195 1681 9
196 1691 10
197 1701 10
198 1709 8
199 1719 10
200 1729 10
201 1739 10
202 1749 10
203 1759 10
204 1768 9
205 1778 10
206 1787 9
207 1796 9
208 1806 10
209 1814 8
210 1822 8
211 1830 8
212 1840 10
213 1848 8
214 1857 9
215 1867 10
216 1874 7
217 1884 10
218 1894 10
219 1904 10
220 1912 8
221 1921 9
222 1930 9
223 1940 10
224 1948 8
225 1958 10
226 1968 10
227 1977 9
228 1983 6
229 1991 8
230 2000 9
231 2008 8
232 2018 10
233 2027 9
234 2037 10
235 2047 10
236 2056 9
237 2064 8
238 2073 9
239 2082 9
240 2091 9
241 2100 9
242 2110 10
243 2120 10
244 2129 9
245 2138 9
246 2147 9
247 2157 10
248 2166 9
249 2175 9
250 2184 9
251 2194 10
252 2203 9
253 2212 9
254 2221 9
255 2230 9
256 2240 10
257 2250 10
258 2260 10
259 2269 9
260 2279 10
261 2289 10
262 2298 9
263 2305 7
264 2315 10
265 2325 10
266 2334 9
267 2342 8
268 2352 10
269 2359 7
270 2369 10
271 2378 9
272 2387 9
273 2396 9
274 2405 9
275 2415 10
276 2423 8
277 2432 9
278 2442 10
279 2452 10
280 2460 8
281 2468 8
282 2477 9
283 2486 9
284 2496 10
285 2505 9
286 2513 8
287 2522 9
288 2531 9
289 2541 10
290 2550 9
291 2557 7
292 2565 8
293 2574 9
294 2583 9
295 2591 8
296 2601 10
297 2610 9
298 2620 10
299 2630 10
300 2640 10
301 2649 9
302 2659 10
303 2668 9
304 2678 10
305 2687 9
306 2696 9
307 2706 10
308 2716 10
309 2724 8
310 2733 9
311 2742 9
312 2752 10
313 2761 9
314 2770 9
315 2780 10
316 2789 9
317 2799 10
318 2806 7
319 2814 8
320 2824 10
321 2834 10
322 2844 10
323 2853 9
324 2863 10
325 2872 9
326 2882 10
327 2890 8
328 2900 10
329 2909 9
330 2919 10
331 2928 9
332 2938 10
333 2948 10
334 2957 9
335 2965 8
336 2975 10
337 2985 10
338 2993 8
339 3003 10
340 3013 10
341 3023 10
342 3033 10
343 3042 9
344 3050 8
345 3058 8
346 3068 10
347 3078 10
348 3088 10
349 3098 10
350 3106 8
351 3115 9
352 3122 7
353 3131 9
354 3139 8
355 3148 9
356 3157 9
357 3167 10
358 3177 10
359 3187 10
360 3194 7
361 3201 7
362 3211 10
363 3221 10
364 3231 10
365 3239 8
366 3248 9
367 3257 9
368 3266 9
369 3275 9
370 3285 10
371 3294 9
372 3304 10
373 3313 9
374 3323 10
375 3333 10
376 3343 10
377 3352 9
378 3361 9
379 3370 9
380 3380 10
381 3389 9
382 3399 10
383 3408 9
384 3416 8
385 3422 6
386 3431 9
387 3440 9
388 3449 9
389 3457 8
390 3467 10
391 3476 9
392 3486 10
393 3495 9
394 3504 9
395 3514 10
396 3523 9
397 3533 10
398 3542 9
399 3551 9
400 3560 9
401 3569 9
402 3578 9
403 3588 10
404 3597 9
405 3607 10
406 3616 9
407 3625 9
408 3634 9
409 3643 9
410 3653 10
411 3663 10
412 3672 9
413 3682 10
414 3691 9
415 3701 10
416 3711 10
417 3720 9
418 3729 9
419 3739 10
420 3749 10
421 3757 8
422 3767 10
423 3776 9
424 3785 9
425 3795 10
426 3805 10
427 3814 9
428 3824 10
429 3833 9
430 3843 10
431 3851 8
432 3861 10
433 3870 9
434 3879 9
435 3889 10
436 3897 8
437 3906 9
438 3915 9
439 3924 9
440 3933 9
441 3941 8
442 3950 9
443 3959 9
444 3969 10
445 3979 10
446 3987 8
447 3996 9
448 4005 9
449 4015 10
450 4025 10
451 4033 8
452 4042 9
453 4052 10
454 4061 9
455 4070 9
456 4079 9
457 4088 9
458 4096 8
459 4106 10
460 4116 10
461 4125 9
462 4134 9
463 4143 9
464 4153 10
465 4162 9
466 4170 8
467 4179 9
468 4188 9
469 4197 9
470 4207 10
471 4217 10
472 4226 9
473 4235 9
474 4243 8
475 4252 9
476 4261 9
477 4270 9
478 4280 10
479 4290 10
480 4299 9
481 4307 8
482 4315 8
483 4325 10
484 4335 10
485 4344 9
486 4354 10
487 4363 9
488 4373 10
489 4383 10
490 4393 10
491 4403 10
492 4412 9
493 4420 8
494 4430 10
495 4439 9
496 4447 8
497 4455 8
498 4465 10
499 4475 10
500 4485 10
