1 4 4
2 8 4
3 12 4
4 19 7
5 24 5
6 31 7
7 39 8
8 45 6
9 55 10
10 65 10
11 75 10
12 82 7
13 89 7
14 97 8
15 104 7
16 111 7
17 119 8
18 125 6
19 133 8
20 142 9
21 149 7
22 157 8
23 165 8
24 174 9
25 183 9
26 192 9
27 200 8
28 209 9
29 218 9
30 224 6
31 231 7
32 240 9
33 249 9
34 259 10
35 268 9
36 277 9
37 284 7
38 289 5
39 299 10
40 307 8
41 315 8
42 325 10
43 333 8
44 341 8
45 350 9
46 360 10
47 368 8
48 378 10
49 387 9
50 397 10
51 406 9
52 416 10
53 426 10
54 434 8
55 443 9
56 452 9
57 461 9
58 468 7
59 475 7
60 485 10
61 495 10
62 504 9
63 514 10
64 522 8
65 531 9
66 541 10
67 551 10
68 561 10
69 568 7
70 574 6
71 582 8
72 591 9
73 600 9
74 608 8
75 618 10
76 628 10
77 638 10
78 647 9
79 657 10
80 666 9
81 675 9
82 684 9
83 694 10
84 704 10
85 712 8
86 721 9
87 731 10
88 741 10
89 749 8
90 759 10
91 767 8
92 776 9
93 786 10
94 795 9
95 805 10
96 814 9
97 824 10
98 834 10
99 844 10
100 854 10
101 864 10
102 874 10
103 883 9
104 892 9
105 902 10
106 911 9
107 921 10
108 930 9
109 938 8
110 945 7
111 954 9
112 962 8
113 971 9
114 980 9
115 988 8
116 996 8
117 1006 10
118 1015 9
119 1024 9
120 1031 7
121 1040 9
122 1050 10
123 1060 10
124 1069 9
125 1078 9
126 1088 10
127 1097 9
128 1106 9
129 1115 9
130 1123 8
131 1133 10
132 1143 10
133 1151 8
134 1159 8
135 1167 8
136 1176 9
137 1185 9
138 1195 10
139 1205 10
140 1213 8
141 1221 8
142 1231 10
143 1238 7
144 1247 9
145 1256 9
146 1265 9
147 1274 9
148 1283 9
149 1293 10
150 1303 10
151 1313 10
152 1322 9
153 1330 8
154 1338 8
155 1348 10
156 1357 9
157 1367 10
158 1376 9
159 1384 8
160 1392 8
161 1400 8
162 1410 10
163 1420 10
164 1428 8
165 1436 8
166 1446 10
167 1456 10
168 1465 9
169 1475 10
170 1485 10
171 1495 10
172 1504 9
173 1513 9
174 1523 10
175 1531 8
176 1539 8
177 1548 9
178 1558 10
179 1566 8
180 1575 9
181 1584 9
182 1594 10
183 1604 10
184 1612 8
185 1622 10
186 1630 8
187 1640 10
188 1649 9
189 1657 8
190 1665 8
191 1675 10
192 1685 10
193 1695 10
194 1702 7
195 1711 9
196 1720 9
197 1728 8
198 1738 10
199 1748 10
200 1757 9
201 1767 10
202 1775 8
203 1785 10
204 1793 8
205 1802 9
206 1812 10
207 1821 9
208 1830 9
209 1840 10
210 1850 10
211 1858 8
212 1867 9
213 1877 10
214 1886 9
215 1896 10
216 1906 10
217 1915 9
218 1925 10
219 1934 9
220 1943 9
221 1953 10
222 1963 10
223 1973 10
224 1983 10
225 1993 10
226 2003 10
227 2013 10
228 2021 8
229 2028 7
230 2038 10
231 2048 10
232 2058 10
233 2068 10
234 2076 8
235 2085 9
236 2095 10
237 2104 9
238 2114 10
239 2123 9
240 2132 9
241 2140 8
242 2150 10
243 2160 10
244 2169 9
245 2179 10
246 2188 9
247 2198 10
248 2207 9
249 2216 9
250 2226 10
251 2235 9
252 2245 10
253 2254 9
254 2264 10
255 2274 10
256 2284 10
257 2294 10
258 2304 10
259 2313 9
260 2322 9
261 2332 10
262 2341 9
263 2350 9
264 2358 8
265 2367 9
266 2377 10
267 2386 9
268 2394 8
269 2403 9
270 2413 10
271 2423 10
272 2430 7
273 2440 10
274 2450 10
275 2459 9
276 2469 10
277 2479 10
278 2488 9
279 2498 10
280 2508 10
281 2517 9
282 2527 10
283 2537 10
284 2546 9
285 2554 8
286 2563 9
287 2573 10
288 2583 10
289 2593 10
290 2602 9
291 2611 9
292 2620 9
293 2629 9
294 2637 8
295 2646 9
296 2656 10
297 2665 9
298 2674 9
299 2684 10
300 2692 8
301 2701 9
302 2711 10
303 2720 9
304 2729 9
305 2738 9
306 2747 9
307 2756 9
308 2765 9
309 2774 9
310 2781 7
311 2789 8
312 2798 9
313 2807 9
314 2817 10
315 2824 7
316 2833 9
317 2843 10
318 2850 7
319 2859 9
320 2867 8
321 2877 10
322 2886 9
323 2894 8
324 2903 9
325 2912 9
326 2922 10
327 2930 8
328 2940 10
329 2950 10
330 2959 9
331 2967 8
332 2976 9
333 2984 8
334 2994 10
335 3003 9
336 3013 10
337 3020 7
338 3030 10
339 3038 8
340 3048 10
341 3058 10
342 3068 10
343 3078 10
344 3088 10
345 3096 8
346 3105 9
347 3115 10
348 3125 10
349 3135 10
350 3145 10
351 3153 8
352 3163 10
353 3171 8
354 3181 10
355 3190 9
356 3200 10
357 3208 8
358 3218 10
359 3228 10
360 3237 9
361 3246 9
362 3255 9
363 3265 10
364 3273 8
365 3281 8
366 3291 10
367 3300 9
368 3310 10
369 3319 9
370 3329 10
371 3338 9
372 3347 9
373 3356 9
374 3365 9
375 3375 10
376 3385 10
377 3395 10
378 3404 9
379 3414 10
380 3420 6
381 3429 9
382 3439 10
383 3448 9
384 3455 7
385 3464 9
386 3472 8
387 3482 10
388 3491 9
389 3501 10
390 3511 10
391 3520 9
392 3529 9
393 3538 9
394 3546 8
395 3555 9
396 3565 10
397 3574 9
398 3582 8
399 3592 10
400 3601 9
401 3611 10
402 3621 10
403 3631 10
404 3640 9
405 3649 9
406 3658 9
407 3667 9
408 3676 9
409 3686 10
410 3695 9
411 3705 10
412 3715 10
413 3725 10
414 3733 8
415 3741 8
416 3751 10
417 3759 8
418 3768 9
419 3776 8
420 3785 9
421 3791 6
422 3800 9
423 3810 10
424 3820 10
425 3829 9
426 3837 8
427 3846 9
428 3856 10
429 3866 10
430 3875 9
431 3884 9
432 3894 10
433 3904 10
434 3912 8
435 3922 10
436 3932 10
437 3942 10
438 3950 8
439 3959 9
440 3968 9
441 3978 10
442 3988 10
443 3996 8
444 4004 8
445 4013 9
446 4022 9
447 4031 9
448 4040 9
449 4050 10
450 4059 9
451 4067 8
452 4077 10
453 4087 10
454 4096 9
455 4105 9
456 4115 10
457 4124 9
458 4134 10
459 4143 9
460 4152 9
461 4161 9
462 4171 10
463 4181 10
464 4188 7
465 4196 8
466 4205 9
467 4214 9
468 4224 10
469 4232 8
470 4241 9
471 4250 9
472 4259 9
473 4269 10
474 4279 10
475 4289 10
476 4298 9
477 4307 9
478 4317 10
479 4327 10
480 4335 8
481 4345 10
482 4354 9
483 4364 10
484 4374 10
485 4382 8
486 4390 8
487 4399 9
488 4408 9
489 4417 9
490 4427 10
491 4436 9
492 4446 10
493 4456 10
494 4465 9
495 4475 10
496 4485 10
497 4494 9
498 4502 8
499 4511 9
500 4519 8
