1 3 3
2 10 7
3 16 6
4 23 7
5 28 5
6 33 5
7 39 6
8 43 4
9 50 7
10 57 7
11 65 8
12 71 6
13 78 7
14 87 9
15 94 7
16 104 10
17 112 8
18 120 8
19 128 8
20 137 9
21 144 7
22 151 7
23 160 9
24 170 10
25 178 8
26 186 8
27 193 7
28 203 10
29 211 8
30 219 8
31 227 8
32 235 8
33 245 10
34 254 9
35 264 10
36 274 10
37 283 9
38 291 8
39 297 6
40 305 8
41 315 10
42 322 7
43 331 9
44 339 8
45 349 10
46 356 7
47 366 10
48 374 8
49 382 8
50 391 9
51 400 9
52 409 9
53 418 9
54 427 9
55 436 9
56 444 8
57 454 10
58 463 9
59 472 9
60 482 10
61 489 7
62 499 10
63 508 9
64 517 9
65 526 9
66 533 7
67 543 10
68 553 10
69 562 9
70 571 9
71 580 9
72 590 10
73 599 9
74 608 9
75 615 7
76 625 10
77 635 10
78 644 9
79 653 9
80 661 8
81 670 9
82 679 9
83 687 8
84 696 9
85 704 8
86 712 8
87 722 10
88 732 10
89 742 10
90 752 10
91 762 10
92 770 8
93 780 10
94 789 9
95 798 9
96 808 10
97 816 8
98 825 9
99 834 9
100 843 9
101 852 9
102 862 10
103 870 8
104 879 9
105 888 9
106 898 10
107 908 10
108 915 7
109 923 8
110 933 10
111 941 8
112 951 10
113 960 9
114 968 8
115 976 8
116 985 9
117 994 9
118 1004 10
119 1013 9
120 1023 10
121 1031 8
122 1041 10
123 1051 10
124 1061 10
125 1069 8
126 1078 9
127 1085 7
128 1095 10
129 1104 9
130 1113 9
131 1121 8
132 1131 10
133 1140 9
134 1149 9
135 1158 9
136 1167 9
137 1176 9
138 1185 9
139 1193 8
140 1202 9
141 1211 9
142 1220 9
143 1230 10
144 1240 10
145 1249 9
146 1258 9
147 1268 10
148 1276 8
149 1285 9
150 1294 9
151 1302 8
152 1310 8
153 1319 9
154 1327 8
155 1335 8
156 1344 9
157 1354 10
158 1363 9
159 1371 8
160 1381 10
161 1390 9
162 1399 9
163 1409 10
164 1416 7
165 1425 9
166 1434 9
167 1444 10
168 1453 9
169 1463 10
170 1473 10
171 1480 7
172 1488 8
173 1498 10
174 1506 8
175 1515 9
176 1525 10
177 1535 10
178 1544 9
179 1553 9
180 1563 10
181 1573 10
182 1581 8
183 1591 10
184 1601 10
185 1610 9
186 1620 10
187 1629 9
188 1638 9
189 1647 9
190 1657 10
191 1666 9
192 1676 10
193 1686 10
194 1696 10
195 1706 10
196 1715 9
197 1725 10
198 1734 9
199 1743 9
200 1752 9
201 1761 9
202 1771 10
203 1779 8
204 1789 10
205 1798 9
206 1808 10
207 1817 9
208 1826 9
209 1836 10
210 1844 8
211 1853 9
212 1862 9
213 1871 9
214 1880 9
215 1889 9
216 1898 9
217 1907 9
218 1917 10
219 1925 8
220 1934 9
221 1943 9
222 1952 9
223 1961 9
224 1970 9
225 1977 7
226 1986 9
227 1996 10
228 2006 10
229 2014 8
230 2024 10
231 2033 9
232 2043 10
233 2052 9
234 2062 10
235 2071 9
236 2081 10
237 2091 10
238 2100 9
239 2108 8
240 2118 10
241 2128 10
242 2137 9
243 2145 8
244 2155 10
245 2165 10
246 2175 10
247 2185 10
248 2195 10
249 2204 9
250 2214 10
251 2224 10
252 2233 9
253 2241 8
254 2249 8
255 2258 9
256 2267 9
257 2276 9
258 2285 9
259 2295 10
260 2305 10
261 2314 9
262 2322 8
263 2332 10
264 2340 8
265 2350 10
266 2359 9
267 2369 10
268 2377 8
269 2384 7
270 2393 9
271 2402 9
272 2412 10
273 2422 10
274 2432 10
275 2440 8
276 2449 9
277 2458 9
278 2466 8
279 2475 9
280 2484 9
281 2492 8
282 2501 9
283 2511 10
284 2519 8
285 2529 10
286 2536 7
287 2546 10
288 2556 10
289 2565 9
290 2574 9
291 2581 7
292 2591 10
293 2598 7
294 2608 10
295 2618 10
296 2627 9
297 2637 10
298 2647 10
299 2654 7
300 2663 9
301 2671 8
302 2679 8
303 2688 9
304 2695 7
305 2705 10
306 2715 10
307 2724 9
308 2734 10
309 2744 10
310 2751 7
311 2760 9
312 2770 10
313 2779 9
314 2789 10
315 2799 10
316 2808 9
317 2818 10
318 2826 8
319 2835 9
320 2845 10
321 2854 9
322 2863 9
323 2873 10
324 2882 9
325 2892 10
326 2901 9
327 2911 10
328 2921 10
329 2930 9
330 2939 9
331 2948 9
332 2954 6
333 2962 8
334 2972 10
335 2981 9
336 2990 9
337 3000 10
338 3008 8
339 3016 8
340 3026 10
341 3035 9
342 3045 10
343 3052 7
344 3059 7
345 3069 10
346 3078 9
347 3087 9
348 3095 8
349 3104 9
350 3114 10
351 3123 9
352 3131 8
353 3139 8
354 3149 10
355 3159 10
356 3169 10
357 3177 8
358 3187 10
359 3196 9
360 3205 9
361 3214 9
362 3223 9
363 3233 10
364 3242 9
365 3252 10
366 3261 9
367 3271 10
368 3280 9
369 3290 10
370 3299 9
371 3309 10
372 3319 10
373 3329 10
374 3339 10
375 3348 9
376 3356 8
377 3366 10
378 3374 8
379 3383 9
380 3392 9
381 3399 7
382 3408 9
383 3416 8
384 3426 10
385 3436 10
386 3446 10
387 3455 9
388 3465 10
389 3474 9
390 3480 6
391 3490 10
392 3500 10
393 3508 8
394 3517 9
395 3527 10
396 3536 9
397 3544 8
398 3553 9
399 3561 8
400 3568 7
401 3575 7
402 3581 6
403 3590 9
404 3600 10
405 3610 10
406 3620 10
407 3630 10
408 3639 9
409 3648 9
410 3657 9
411 3667 10
412 3676 9
413 3685 9
414 3694 9
415 3703 9
416 3712 9
417 3722 10
418 3732 10
419 3742 10
420 3752 10
421 3761 9
422 3768 7
423 3778 10
424 3786 8
425 3796 10
426 3806 10
427 3814 8
428 3822 8
429 3832 10
430 3841 9
431 3849 8
432 3859 10
433 3867 8
434 3877 10
435 3887 10
436 3896 9
437 3904 8
438 3913 9
439 3922 9
440 3932 10
441 3942 10
442 3950 8
443 3960 10
444 3969 9
445 3977 8
446 3986 9
447 3994 8
448 4004 10
449 4014 10
450 4024 10
451 4033 9
452 4043 10
453 4053 10
454 4063 10
455 4073 10
456 4082 9
457 4091 9
458 4100 9
459 4110 10
460 4119 9
461 4128 9
462 4137 9
463 4147 10
464 4157 10
465 4166 9
466 4176 10
467 4184 8
468 4192 8
469 4198 6
470 4208 10
471 4217 9
472 4226 9
473 4236 10
474 4246 10
475 4256 10
476 4264 8
477 4272 8
478 4280 8
479 4289 9
480 4296 7
481 4305 9
482 4315 10
483 4324 9
484 4333 9
485 4343 10
486 4352 9
487 4358 6
488 4367 9
489 4377 10
490 4387 10
491 4395 8
492 4404 9
493 4413 9
494 4422 9
495 4431 9
496 4441 10
497 4448 7
498 4455 7
499 4465 10
500 4475 10
