1 5 5
2 11 6
3 17 6
4 21 4
5 26 5
6 34 8
7 39 5
8 47 8
9 54 7
10 61 7
11 67 6
12 74 7
13 80 6
14 86 6
15 93 7
16 100 7
17 109 9
18 118 9
19 127 9
20 136 9
21 143 7
22 150 7
23 157 7
24 163 6
25 172 9
26 180 8
27 190 10
28 197 7
29 205 8
30 214 9
31 221 7
32 230 9
33 239 9
34 246 7
35 254 8
36 264 10
37 272 8
38 281 9
39 289 8
40 298 9
41 306 8
42 315 9
43 323 8
44 332 9
45 341 9
46 347 6
47 357 10
48 364 7
49 374 10
50 383 9
51 392 9
52 400 8
53 407 7
54 415 8
55 423 8
56 432 9
57 441 9
58 450 9
59 460 10
60 468 8
61 478 10
62 488 10
63 496 8
64 505 9
65 513 8
66 523 10
67 533 10
68 541 8
69 551 10
70 560 9
71 570 10
72 580 10
73 589 9
74 599 10
75 608 9
76 617 9
77 626 9
78 635 9
79 645 10
80 655 10
81 665 10
82 674 9
83 684 10
84 693 9
85 702 9
86 710 8
87 719 9
88 728 9
89 736 8
90 744 8
91 751 7
92 761 10
93 771 10
94 780 9
95 789 9
96 796 7
97 805 9
98 814 9
99 823 9
100 833 10
101 841 8
102 847 6
103 855 8
104 864 9
105 872 8
106 881 9
107 890 9
108 898 8
109 908 10
110 916 8
111 926 10
112 934 8
113 944 10
114 954 10
115 962 8
116 971 9
117 978 7
118 985 7
119 995 10
120 1004 9
121 1013 9
122 1020 7
123 1029 9
124 1037 8
125 1046 9
126 1056 10
127 1064 8
128 1073 9
129 1081 8
130 1091 10
131 1100 9
132 1109 9
133 1116 7
134 1123 7
135 1132 9
136 1140 8
137 1149 9
138 1157 8
139 1166 9
140 1175 9
141 1184 9
142 1192 8
143 1200 8
144 1209 9
145 1217 8
146 1225 8
147 1233 8
148 1241 8
149 1250 9
150 1259 9
151 1269 10
152 1279 10
153 1288 9
154 1298 10
155 1306 8
156 1313 7
157 1322 9
158 1331 9
159 1341 10
160 1350 9
161 1360 10
162 1369 9
163 1379 10
164 1389 10
165 1399 10
166 1409 10
167 1419 10
168 1428 9
169 1438 10
170 1448 10
171 1457 9
172 1466 9
173 1476 10
174 1485 9
175 1495 10
176 1504 9
177 1514 10
178 1523 9
179 1533 10
180 1541 8
181 1550 9
182 1559 9
183 1569 10
184 1578 9
185 1586 8
186 1595 9
187 1605 10
188 1615 10
189 1623 8
190 1632 9
191 1641 9
192 1650 9
193 1660 10
194 1670 10
195 1680 10
196 1690 10
197 1697 7
198 1705 8
199 1714 9
200 1723 9
201 1729 6
202 1738 9
203 1745 7
204 1755 10
205 1764 9
206 1774 10
207 1783 9
208 1792 9
209 1802 10
210 1812 10
211 1821 9
212 1830 9
213 1839 9
214 1848 9
215 1858 10
216 1867 9
217 1876 9
218 1886 10
219 1895 9
220 1904 9
221 1913 9
222 1922 9
223 1932 10
224 1941 9
225 1951 10
226 1958 7
227 1968 10
228 1977 9
229 1985 8
230 1994 9
231 2004 10
232 2012 8
233 2021 9
234 2030 9
235 2039 9
236 2049 10
237 2056 7
238 2065 9
239 2074 9
240 2083 9
241 2093 10
242 2102 9
243 2111 9
244 2121 10
245 2131 10
246 2139 8
247 2148 9
248 2157 9
249 2166 9
250 2174 8
251 2183 9
252 2193 10
253 2200 7
254 2206 6
255 2216 10
256 2224 8
257 2234 10
258 2243 9
259 2253 10
260 2260 7
261 2269 9
262 2276 7
263 2286 10
264 2296 10
265 2305 9
266 2315 10
267 2322 7
268 2332 10
269 2340 8
270 2346 6
271 2356 10
272 2366 10
273 2374 8
274 2381 7
275 2391 10
276 2399 8
277 2409 10
278 2418 9
279 2427 9
280 2435 8
281 2443 8
282 2452 9
283 2461 9
284 2471 10
285 2480 9
286 2489 9
287 2498 9
288 2507 9
289 2515 8
290 2524 9
291 2534 10
292 2543 9
293 2553 10
294 2562 9
295 2570 8
296 2580 10
297 2590 10
298 2600 10
299 2610 10
300 2620 10
301 2629 9
302 2638 9
303 2647 9
304 2657 10
305 2667 10
306 2677 10
307 2686 9
308 2693 7
309 2701 8
310 2711 10
311 2721 10
312 2731 10
313 2741 10
314 2750 9
315 2759 9
316 2768 9
317 2777 9
318 2785 8
319 2794 9
320 2803 9
321 2813 10
322 2823 10
323 2833 10
324 2842 9
325 2851 9
326 2861 10
327 2869 8
328 2877 8
329 2885 8
330 2895 10
331 2904 9
332 2913 9
333 2922 9
334 2931 9
335 2939 8
336 2949 10
337 2957 8
338 2967 10
339 2976 9
340 2985 9
341 2993 8
342 3003 10
343 3012 9
344 3021 9
345 3031 10
346 3041 10
347 3050 9
348 3059 9
349 3066 7
350 3075 9
351 3085 10
352 3095 10
353 3105 10
354 3115 10
355 3125 10
356 3134 9
357 3143 9
358 3153 10
359 3162 9
360 3172 10
361 3181 9
362 3190 9
363 3199 9
364 3208 9
365 3216 8
366 3224 8
367 3233 9
368 3243 10
369 3253 10
370 3262 9
371 3272 10
372 3281 9
373 3291 10
374 3300 9
375 3310 10
376 3319 9
377 3329 10
378 3339 10
379 3347 8
380 3356 9
381 3365 9
382 3374 9
383 3383 9
384 3392 9
385 3400 8
386 3409 9
387 3419 10
388 3427 8
389 3437 10
390 3447 10
391 3456 9
392 3466 10
393 3475 9
394 3485 10
395 3495 10
396 3503 8
397 3510 7
398 3519 9
399 3528 9
400 3535 7
401 3545 10
402 3555 10
403 3564 9
404 3573 9
405 3583 10
406 3593 10
407 3603 10
408 3610 7
409 3618 8
410 3626 8
411 3635 9
412 3644 9
413 3654 10
414 3664 10
415 3672 8
416 3681 9
417 3688 7
418 3697 9
419 3707 10
420 3717 10
421 3727 10
422 3737 10
423 3745 8
424 3755 10
425 3764 9
426 3773 9
427 3782 9
428 3790 8
429 3795 5
430 3804 9
431 3812 8
432 3819 7
433 3827 8
434 3837 10
435 3847 10
436 3854 7
437 3863 9
438 3871 8
439 3881 10
440 3891 10
441 3901 10
442 3911 10
443 3921 10
444 3931 10
445 3941 10
446 3949 8
447 3958 9
448 3967 9
449 3977 10
450 3985 8
451 3994 9
452 4003 9
453 4013 10
454 4023 10
455 4033 10
456 4042 9
457 4051 9
458 4060 9
459 4070 10
460 4079 9
461 4089 10
462 4099 10
463 4109 10
464 4118 9
465 4127 9
466 4134 7
467 4144 10
468 4154 10
469 4164 10
470 4173 9
471 4181 8
472 4190 9
473 4198 8
474 4207 9
475 4214 7
476 4222 8
477 4230 8
478 4240 10
479 4250 10
480 4260 10
481 4270 10
482 4278 8
483 4287 9
484 4296 9
485 4305 9
486 4313 8
487 4319 6
488 4328 9
489 4338 10
490 4348 10
491 4358 10
492 4367 9
493 4377 10
494 4386 9
495 4395 9
496 4403 8
497 4413 10
498 4422 9
499 4431 9
500 4441 10
