1 6 6
2 11 5
3 16 5
4 23 7
5 27 4
6 32 5
7 39 7
8 45 6
9 53 8
10 57 4
11 63 6
12 70 7
13 80 10
14 88 8
15 95 7
16 103 8
17 111 8
18 118 7
19 127 9
20 136 9
21 143 7
22 151 8
23 158 7
24 165 7
25 175 10
26 183 8
27 192 9
28 201 9
29 210 9
30 219 9
31 228 9
32 236 8
33 244 8
34 254 10
35 264 10
36 270 6
37 277 7
38 286 9
39 294 8
40 303 9
41 310 7
42 319 9
43 326 7
44 336 10
45 346 10
46 356 10
47 366 10
48 375 9
49 385 10
50 393 8
51 401 8
52 410 9
53 420 10
54 428 8
55 437 9
56 446 9
57 456 10
58 466 10
59 475 9
60 484 9
61 493 9
62 502 9
63 512 10
64 522 10
65 531 9
66 541 10
67 550 9
68 559 9
69 568 9
70 577 9
71 586 9
72 595 9
73 605 10
74 615 10
75 624 9
76 631 7
77 639 8
78 648 9
79 657 9
80 667 10
81 674 7
82 684 10
83 693 9
84 703 10
85 713 10
86 720 7
87 728 8
88 737 9
89 745 8
90 754 9
91 763 9
92 771 8
93 781 10
94 789 8
95 798 9
96 808 10
97 818 10
98 828 10
99 837 9
100 845 8
101 854 9
102 859 5
103 869 10
104 878 9
105 885 7
106 895 10
107 901 6
108 911 10
109 921 10
110 931 10
111 939 8
112 948 9
113 957 9
114 966 9
115 976 10
116 985 9
117 994 9
118 1004 10
119 1013 9
120 1019 6
121 1028 9
122 1035 7
123 1044 9
124 1053 9
125 1062 9
126 1072 10
127 1080 8
128 1090 10
129 1099 9
130 1106 7
131 1115 9
132 1124 9
133 1133 9
134 1142 9
135 1149 7
136 1157 8
137 1165 8
138 1174 9
139 1183 9
140 1192 9
141 1202 10
142 1212 10
143 1222 10
144 1232 10
145 1242 10
146 1252 10
147 1260 8
148 1270 10
149 1280 10
150 1289 9
151 1299 10
152 1309 10
153 1319 10
154 1326 7
155 1335 9
156 1344 9
157 1354 10
158 1363 9
159 1372 9
160 1382 10
161 1392 10
162 1400 8
163 1410 10
164 1418 8
165 1428 10
166 1436 8
167 1446 10
168 1456 10
169 1464 8
170 1473 9
171 1482 9
172 1492 10
173 1502 10
174 1512 10
175 1521 9
176 1531 10
177 1540 9
178 1548 8
179 1557 9
180 1567 10
181 1576 9
182 1586 10
183 1596 10
184 1605 9
185 1614 9
186 1622 8
187 1632 10
188 1640 8
189 1649 9
190 1658 9
191 1667 9
192 1675 8
193 1683 8
194 1692 9
195 1700 8
196 1709 9
197 1718 9
198 1727 9
199 1737 10
200 1746 9
201 1755 9
202 1764 9
203 1773 9
204 1781 8
205 1789 8
206 1798 9
207 1807 9
208 1817 10
209 1826 9
210 1836 10
211 1845 9
212 1855 10
213 1863 8
214 1872 9
215 1882 10
216 1891 9
217 1900 9
218 1909 9
219 1919 10
220 1929 10
221 1938 9
222 1948 10
223 1958 10
224 1967 9
225 1976 9
226 1986 10
227 1994 8
228 2004 10
229 2014 10
230 2022 8
231 2030 8
232 2039 9
233 2049 10
234 2058 9
235 2067 9
236 2074 7
237 2083 9
238 2093 10
239 2101 8
240 2111 10
241 2119 8
242 2127 8
243 2135 8
244 2144 9
245 2153 9
246 2163 10
247 2173 10
248 2181 8
249 2189 8
250 2198 9
251 2207 9
252 2217 10
253 2227 10
254 2236 9
255 2245 9
256 2254 9
257 2264 10
258 2272 8
259 2281 9
260 2290 9
261 2299 9
262 2309 10
263 2319 10
264 2329 10
265 2339 10
266 2349 10
267 2356 7
268 2364 8
269 2373 9
270 2382 9
271 2392 10
272 2401 9
273 2411 10
274 2421 10
275 2431 10
276 2441 10
277 2450 9
278 2459 9
279 2469 10
280 2479 10
281 2486 7
282 2495 9
283 2501 6
284 2511 10
285 2521 10
286 2531 10
287 2541 10
288 2550 9
289 2559 9
290 2569 10
291 2578 9
292 2587 9
293 2596 9
294 2606 10
295 2615 9
296 2624 9
297 2634 10
298 2643 9
299 2652 9
300 2662 10
301 2672 10
302 2681 9
303 2690 9
304 2700 10
305 2710 10
306 2719 9
307 2727 8
308 2735 8
309 2745 10
310 2755 10
311 2764 9
312 2773 9
313 2783 10
314 2792 9
315 2801 9
316 2810 9
317 2819 9
318 2829 10
319 2837 8
320 2846 9
321 2856 10
322 2864 8
323 2874 10
324 2883 9
325 2892 9
326 2901 9
327 2909 8
328 2919 10
329 2929 10
330 2938 9
331 2947 9
332 2957 10
333 2966 9
334 2975 9
335 2984 9
336 2994 10
337 3003 9
338 3011 8
339 3020 9
340 3028 8
341 3038 10
342 3048 10
343 3056 8
344 3063 7
345 3072 9
346 3080 8
347 3089 9
348 3097 8
349 3106 9
350 3115 9
351 3125 10
352 3135 10
353 3145 10
354 3155 10
355 3164 9
356 3171 7
357 3180 9
358 3189 9
359 3198 9
360 3205 7
361 3215 10
362 3223 8
363 3232 9
364 3241 9
365 3248 7
366 3254 6
367 3262 8
368 3272 10
369 3281 9
370 3290 9
371 3300 10
372 3309 9
373 3319 10
374 3328 9
375 3337 9
376 3347 10
377 3357 10
378 3366 9
379 3376 10
380 3386 10
381 3396 10
382 3406 10
383 3414 8
384 3422 8
385 3431 9
386 3441 10
387 3451 10
388 3461 10
389 3470 9
390 3480 10
391 3488 8
392 3497 9
393 3505 8
394 3512 7
395 3519 7
396 3527 8
397 3537 10
398 3546 9
399 3556 10
400 3562 6
401 3570 8
402 3579 9
403 3588 9
404 3597 9
405 3606 9
406 3615 9
407 3625 10
408 3635 10
409 3643 8
410 3650 7
411 3660 10
412 3670 10
413 3679 9
414 3688 9
415 3697 9
416 3706 9
417 3715 9
418 3724 9
419 3734 10
420 3743 9
421 3750 7
422 3759 9
423 3768 9
424 3776 8
425 3786 10
426 3793 7
427 3803 10
428 3812 9
429 3821 9
430 3831 10
431 3840 9
432 3849 9
433 3857 8
434 3866 9
435 3876 10
436 3885 9
437 3894 9
438 3904 10
439 3913 9
440 3922 9
441 3931 9
442 3940 9
443 3950 10
444 3959 9
445 3966 7
446 3975 9
447 3985 10
448 3995 10
449 4004 9
450 4014 10
451 4023 9
452 4032 9
453 4042 10
454 4051 9
455 4061 10
456 4070 9
457 4080 10
458 4089 9
459 4098 9
460 4103 5
461 4111 8
462 4121 10
463 4131 10
464 4141 10
465 4151 10
466 4161 10
467 4170 9
468 4180 10
469 4189 9
470 4199 10
471 4208 9
472 4216 8
473 4224 8
474 4233 9
475 4241 8
476 4250 9
477 4259 9
478 4268 9
479 4278 10
480 4288 10
481 4298 10
482 4307 9
483 4316 9
484 4325 9
485 4334 9
486 4344 10
487 4352 8
488 4360 8
489 4368 8
490 4377 9
491 4387 10
492 4397 10
493 4406 9
494 4416 10
495 4425 9
496 4435 10
497 4445 10
498 4453 8
499 4463 10
500 4472 9
