1 6 6
2 10 4
3 16 6
4 22 6
5 28 6
6 35 7
7 41 6
8 49 8
9 57 8
10 65 8
11 73 8
12 78 5
13 85 7
14 92 7
15 101 9
16 108 7
17 116 8
18 124 8
19 134 10
20 144 10
21 154 10
22 161 7
23 171 10
24 179 8
25 187 8
26 197 10
27 205 8
28 213 8
29 223 10
30 231 8
31 237 6
32 244 7
33 252 8
34 261 9
35 269 8
36 278 9
37 287 9
38 295 8
39 304 9
40 312 8
41 320 8
42 329 9
43 337 8
44 347 10
45 355 8
46 363 8
47 372 9
48 381 9
49 389 8
50 397 8
51 406 9
52 412 6
53 420 8
54 430 10
55 440 10
56 449 9
57 458 9
58 467 9
59 477 10
60 487 10
61 497 10
62 506 9
63 512 6
64 520 8
65 528 8
66 537 9
67 546 9
68 555 9
69 564 9
70 572 8
71 582 10
72 592 10
73 599 7
74 608 9
75 617 9
76 626 9
77 635 9
78 644 9
79 650 6
80 659 9
81 667 8
82 676 9
83 686 10
84 693 7
85 699 6
86 709 10
87 717 8
88 727 10
89 737 10
90 745 8
91 753 8
92 762 9
93 770 8
94 777 7
95 787 10
96 795 8
97 804 9
98 814 10
99 824 10
100 833 9
101 841 8
102 851 10
103 860 9
104 870 10
105 879 9
106 885 6
107 893 8
108 903 10
109 912 9
110 919 7
111 928 9
112 938 10
113 947 9
114 957 10
115 966 9
116 974 8
117 983 9
118 992 9
119 1002 10
120 1011 9
121 1020 9
122 1029 9
123 1039 10
124 1045 6
125 1055 10
126 1064 9
127 1073 9
128 1082 9
129 1090 8
130 1098 8
131 1107 9
132 1117 10
133 1127 10
134 1136 9
135 1145 9
136 1154 9
137 1163 9
138 1173 10
139 1181 8
140 1191 10
141 1200 9
142 1207 7
143 1217 10
144 1226 9
145 1234 8
146 1241 7
147 1250 9
148 1260 10
149 1270 10
150 1279 9
151 1289 10
152 1299 10
153 1308 9
154 1318 10
155 1328 10
156 1337 9
157 1346 9
158 1354 8
159 1362 8
160 1368 6
161 1376 8
162 1385 9
163 1395 10
164 1404 9
165 1411 7
166 1421 10
167 1429 8
168 1439 10
169 1449 10
170 1459 10
171 1468 9
172 1477 9
173 1487 10
174 1496 9
175 1504 8
176 1511 7
177 1518 7
178 1526 8
179 1535 9
180 1544 9
181 1554 10
182 1562 8
183 1571 9
184 1581 10
185 1589 8
186 1599 10
187 1609 10
188 1617 8
189 1627 10
190 1637 10
191 1645 8
192 1655 10
193 1665 10
194 1673 8
195 1682 9
196 1692 10
197 1702 10
198 1711 9
199 1721 10
200 1731 10
201 1737 6
202 1745 8
203 1752 7
204 1762 10
205 1772 10
206 1781 9
207 1791 10
208 1801 10
209 1809 8
210 1818 9
211 1826 8
212 1835 9
213 1842 7
214 1851 9
215 1861 10
216 1871 10
217 1881 10
218 1890 9
219 1899 9
220 1908 9
221 1918 10
222 1927 9
223 1937 10
224 1947 10
225 1957 10
226 1967 10
227 1975 8
228 1982 7
229 1991 9
230 2000 9
231 2009 9
232 2017 8
233 2025 8
234 2035 10
235 2041 6
236 2049 8
237 2058 9
238 2068 10
239 2078 10
240 2085 7
241 2094 9
242 2102 8
243 2112 10
244 2120 8
245 2128 8
246 2137 9
247 2147 10
248 2156 9
249 2165 9
250 2175 10
251 2184 9
252 2194 10
253 2203 9
254 2212 9
255 2222 10
256 2232 10
257 2241 9
258 2250 9
259 2259 9
260 2268 9
261 2277 9
262 2286 9
263 2295 9
264 2304 9
265 2313 9
266 2323 10
267 2331 8
268 2339 8
269 2349 10
270 2358 9
271 2368 10
272 2377 9
273 2386 9
274 2396 10
275 2406 10
276 2416 10
277 2425 9
278 2434 9
279 2443 9
280 2452 9
281 2462 10
282 2471 9
283 2481 10
284 2491 10
285 2501 10
286 2511 10
287 2521 10
288 2530 9
289 2540 10
290 2550 10
291 2559 9
292 2569 10
293 2579 10
294 2588 9
295 2598 10
296 2607 9
297 2617 10
298 2626 9
299 2635 9
300 2644 9
301 2653 9
302 2663 10
303 2672 9
304 2682 10
305 2690 8
306 2700 10
307 2710 10
308 2718 8
309 2727 9
310 2735 8
311 2744 9
312 2754 10
313 2762 8
314 2771 9
315 2781 10
316 2790 9
317 2798 8
318 2807 9
319 2815 8
320 2824 9
321 2833 9
322 2841 8
323 2850 9
324 2860 10
325 2870 10
326 2879 9
327 2889 10
328 2899 10
329 2909 10
330 2919 10
331 2928 9
332 2938 10
333 2947 9
334 2956 9
335 2966 10
336 2976 10
337 2986 10
338 2996 10
339 3005 9
340 3014 9
341 3024 10
342 3033 9
343 3043 10
344 3053 10
345 3062 9
346 3072 10
347 3082 10
348 3090 8
349 3100 10
350 3110 10
351 3119 9
352 3129 10
353 3139 10
354 3149 10
355 3159 10
356 3165 6
357 3175 10
358 3183 8
359 3192 9
360 3201 9
361 3210 9
362 3220 10
363 3229 9
364 3239 10
365 3249 10
366 3258 9
367 3266 8
368 3274 8
369 3282 8
370 3291 9
371 3301 10
372 3309 8
373 3317 8
374 3326 9
375 3336 10
376 3345 9
377 3355 10
378 3364 9
379 3374 10
380 3383 9
381 3392 9
382 3402 10
383 3411 9
384 3420 9
385 3428 8
386 3437 9
387 3446 9
388 3456 10
389 3466 10
390 3475 9
391 3483 8
392 3492 9
393 3499 7
394 3509 10
395 3519 10
396 3528 9
397 3537 9
398 3547 10
399 3557 10
400 3566 9
401 3576 10
402 3584 8
403 3593 9
404 3601 8
405 3611 10
406 3620 9
407 3630 10
408 3639 9
409 3649 10
410 3659 10
411 3669 10
412 3679 10
413 3686 7
414 3695 9
415 3704 9
416 3713 9
417 3721 8
418 3730 9
419 3739 9
420 3748 9
421 3757 9
422 3766 9
423 3775 9
424 3785 10
425 3794 9
426 3804 10
427 3813 9
428 3823 10
429 3833 10
430 3843 10
431 3853 10
432 3862 9
433 3872 10
434 3882 10
435 3892 10
436 3902 10
437 3911 9
438 3920 9
439 3929 9
440 3939 10
441 3949 10
442 3958 9
443 3966 8
444 3975 9
445 3985 10
446 3993 8
447 4001 8
448 4009 8
449 4019 10
450 4028 9
451 4037 9
452 4046 9
453 4055 9
454 4064 9
455 4074 10
456 4084 10
457 4091 7
458 4099 8
459 4107 8
460 4116 9
461 4126 10
462 4134 8
463 4143 9
464 4152 9
465 4161 9
466 4171 10
467 4181 10
468 4190 9
469 4199 9
470 4208 9
471 4217 9
472 4226 9
473 4236 10
474 4246 10
475 4256 10
476 4265 9
477 4274 9
478 4283 9
479 4293 10
480 4303 10
481 4310 7
482 4320 10
483 4330 10
484 4339 9
485 4347 8
486 4356 9
487 4365 9
488 4373 8
489 4383 10
490 4392 9
491 4401 9
492 4411 10
493 4421 10
494 4430 9
495 4440 10
496 4448 8
497 4457 9
498 4466 9
499 4476 10
500 4486 10
