1 5 5
2 11 6
3 16 5
4 25 9
5 30 5
6 37 7
7 45 8
8 48 3
9 54 6
10 61 7
11 66 5
12 73 7
13 81 8
14 89 8
15 94 5
16 101 7
17 108 7
18 117 9
19 122 5
20 129 7
21 138 9
22 142 4
23 150 8
24 157 7
25 165 8
26 173 8
27 179 6
28 188 9
29 197 9
30 205 8
31 213 8
32 222 9
33 230 8
34 237 7
35 246 9
36 253 7
37 261 8
38 269 8
39 276 7
40 285 9
41 294 9
42 304 10
43 312 8
44 320 8
45 328 8
46 337 9
47 346 9
48 353 7
49 361 8
50 369 8
51 377 8
52 387 10
53 396 9
54 405 9
55 414 9
56 421 7
57 430 9
58 440 10
59 450 10
60 460 10
61 469 9
62 479 10
63 488 9
64 498 10
65 508 10
66 517 9
67 527 10
68 537 10
69 546 9
70 555 9
71 564 9
72 572 8
73 579 7
74 587 8
75 595 8
76 604 9
77 613 9
78 622 9
79 631 9
80 638 7
81 645 7
82 654 9
83 663 9
84 668 5
85 677 9
86 687 10
87 696 9
88 703 7
89 712 9
90 722 10
91 731 9
92 741 10
93 751 10
94 756 5
95 763 7
96 771 8
97 780 9
98 789 9
99 799 10
100 808 9
101 817 9
102 824 7
103 834 10
104 841 7
105 851 10
106 860 9
107 868 8
108 878 10
109 887 9
110 896 9
111 906 10
112 913 7
113 920 7
114 930 10
115 938 8
116 948 10
117 958 10
118 968 10
119 977 9
120 987 10
121 996 9
122 1005 9
123 1012 7
124 1021 9
125 1030 9
126 1038 8
127 1046 8
128 1056 10
129 1065 9
130 1074 9
131 1083 9
132 1092 9
133 1101 9
134 1110 9
135 1117 7
136 1126 9
137 1134 8
138 1143 9
139 1153 10
140 1162 9
141 1171 9
142 1179 8
143 1189 10
144 1198 9
145 1208 10
146 1218 10
147 1228 10
148 1237 9
149 1245 8
150 1254 9
151 1264 10
152 1272 8
153 1281 9
154 1290 9
155 1300 10
156 1309 9
157 1318 9
158 1328 10
159 1335 7
160 1345 10
161 1355 10
162 1364 9
163 1372 8
164 1382 10
165 1392 10
166 1402 10
167 1412 10
168 1421 9
169 1430 9
170 1439 9
171 1449 10
172 1458 9
173 1467 9
174 1475 8
175 1485 10
176 1494 9
177 1503 9
178 1511 8
179 1517 6
180 1526 9
181 1536 10
182 1546 10
183 1555 9
184 1564 9
185 1573 9
186 1582 9
187 1591 9
188 1601 10
189 1611 10
190 1620 9
191 1630 10
192 1640 10
193 1649 9
194 1659 10
195 1668 9
196 1676 8
197 1684 8
198 1694 10
199 1703 9
200 1713 10
201 1723 10
202 1732 9
203 1740 8
204 1750 10
205 1760 10
206 1770 10
207 1779 9
208 1788 9
209 1797 9
210 1805 8
211 1813 8
212 1821 8
213 1830 9
214 1838 8
215 1848 10
216 1857 9
217 1864 7
218 1873 9
219 1883 10
220 1893 10
221 1902 9
222 1910 8
223 1919 9
224 1928 9
225 1937 9
226 1947 10
227 1956 9
228 1965 9
229 1974 9
230 1984 10
231 1993 9
232 2002 9
233 2011 9
234 2021 10
235 2030 9
236 2040 10
237 2050 10
238 2058 8
239 2068 10
240 2078 10
241 2088 10
242 2098 10
243 2108 10
244 2118 10
245 2126 8
246 2135 9
247 2142 7
248 2151 9
249 2160 9
250 2170 10
251 2179 9
252 2188 9
253 2196 8
254 2206 10
255 2216 10
256 2225 9
257 2234 9
258 2244 10
259 2253 9
260 2259 6
261 2269 10
262 2279 10
263 2288 9
264 2298 10
265 2308 10
266 2317 9
267 2325 8
268 2333 8
269 2342 9
270 2349 7
271 2359 10
272 2369 10
273 2379 10
274 2388 9
275 2398 10
276 2405 7
277 2415 10
278 2425 10
279 2434 9
280 2444 10
281 2454 10
282 2464 10
283 2472 8
284 2480 8
285 2490 10
286 2499 9
287 2508 9
288 2518 10
289 2528 10
290 2538 10
291 2548 10
292 2555 7
293 2565 10
294 2572 7
295 2581 9
296 2591 10
297 2601 10
298 2611 10
299 2620 9
300 2629 9
301 2639 10
302 2647 8
303 2656 9
304 2666 10
305 2675 9
306 2684 9
307 2694 10
308 2703 9
309 2713 10
310 2723 10
311 2733 10
312 2743 10
313 2750 7
314 2760 10
315 2769 9
316 2778 9
317 2785 7
318 2795 10
319 2802 7
320 2811 9
321 2820 9
322 2829 9
323 2838 9
324 2847 9
325 2856 9
326 2863 7
327 2872 9
328 2881 9
329 2891 10
330 2900 9
331 2910 10
332 2919 9
333 2929 10
334 2938 9
335 2944 6
336 2953 9
337 2961 8
338 2971 10
339 2980 9
340 2990 10
341 3000 10
342 3010 10
343 3019 9
344 3028 9
345 3037 9
346 3046 9
347 3056 10
348 3066 10
349 3074 8
350 3084 10
351 3091 7
352 3100 9
353 3110 10
354 3118 8
355 3126 8
356 3135 9
357 3145 10
358 3155 10
359 3164 9
360 3174 10
361 3183 9
362 3192 9
363 3201 9
364 3210 9
365 3220 10
366 3228 8
367 3237 9
368 3247 10
369 3256 9
370 3265 9
371 3274 9
372 3283 9
373 3293 10
374 3302 9
375 3311 9
376 3321 10
377 3329 8
378 3338 9
379 3347 9
380 3356 9
381 3364 8
382 3373 9
383 3383 10
384 3391 8
385 3400 9
386 3407 7
387 3414 7
388 3423 9
389 3431 8
390 3439 8
391 3449 10
392 3459 10
393 3468 9
394 3478 10
395 3487 9
396 3497 10
397 3507 10
398 3516 9
399 3525 9
400 3535 10
401 3545 10
402 3555 10
403 3564 9
404 3574 10
405 3582 8
406 3592 10
407 3598 6
408 3607 9
409 3617 10
410 3627 10
411 3635 8
412 3645 10
413 3655 10
414 3664 9
415 3673 9
416 3680 7
417 3690 10
418 3698 8
419 3707 9
420 3716 9
421 3724 8
422 3734 10
423 3743 9
424 3752 9
425 3760 8
426 3770 10
427 3779 9
428 3789 10
429 3798 9
430 3808 10
431 3818 10
432 3828 10
433 3837 9
434 3845 8
435 3855 10
436 3864 9
437 3873 9
438 3881 8
439 3890 9
440 3900 10
441 3909 9
442 3918 9
443 3927 9
444 3936 9
445 3946 10
446 3954 8
447 3963 9
448 3972 9
449 3982 10
450 3992 10
451 4000 8
452 4010 10
453 4019 9
454 4027 8
455 4037 10
456 4046 9
457 4055 9
458 4065 10
459 4075 10
460 4085 10
461 4095 10
462 4104 9
463 4114 10
464 4124 10
465 4134 10
466 4143 9
467 4153 10
468 4160 7
469 4169 9
470 4179 10
471 4189 10
472 4197 8
473 4207 10
474 4216 9
475 4224 8
476 4232 8
477 4242 10
478 4252 10
479 4262 10
480 4272 10
481 4282 10
482 4291 9
483 4301 10
484 4310 9
485 4319 9
486 4329 10
487 4339 10
488 4346 7
489 4355 9
490 4365 10
491 4374 9
492 4383 9
493 4393 10
494 4403 10
495 4413 10
496 4420 7
497 4428 8
498 4437 9
499 4446 9
500 4456 10
