1 4 4
2 10 6
3 17 7
4 24 7
5 31 7
6 38 7
7 45 7
8 52 7
9 59 7
10 65 6
11 72 7
12 79 7
13 86 7
14 92 6
15 97 5
16 106 9
17 112 6
18 121 9
19 130 9
20 139 9
21 147 8
22 156 9
23 164 8
24 172 8
25 179 7
26 187 8
27 197 10
28 204 7
29 214 10
30 222 8
31 232 10
32 240 8
33 250 10
34 259 9
35 268 9
36 278 10
37 288 10
38 295 7
39 305 10
40 313 8
41 322 9
42 330 8
43 339 9
44 348 9
45 357 9
46 366 9
47 373 7
48 381 8
49 387 6
50 396 9
51 403 7
52 411 8
53 420 9
54 428 8
55 436 8
56 446 10
57 453 7
58 462 9
59 471 9
60 480 9
61 490 10
62 498 8
63 506 8
64 514 8
65 523 9
66 533 10
67 543 10
68 551 8
69 561 10
70 571 10
71 580 9
72 589 9
73 597 8
74 606 9
75 615 9
76 623 8
77 631 8
78 641 10
79 650 9
80 660 10
81 669 9
82 678 9
83 686 8
84 696 10
85 703 7
86 713 10
87 722 9
88 732 10
89 741 9
90 749 8
91 758 9
92 768 10
93 777 9
94 785 8
95 795 10
96 804 9
97 810 6
98 819 9
99 827 8
100 836 9
101 845 9
102 854 9
103 861 7
104 870 9
105 880 10
106 889 9
107 899 10
108 909 10
109 919 10
110 929 10
111 939 10
112 947 8
113 956 9
114 966 10
115 974 8
116 984 10
117 992 8
118 1002 10
119 1011 9
120 1020 9
121 1030 10
122 1040 10
123 1050 10
124 1059 9
125 1067 8
126 1075 8
127 1084 9
128 1093 9
129 1103 10
130 1112 9
131 1121 9
132 1130 9
133 1140 10
134 1150 10
135 1160 10
136 1168 8
137 1177 9
138 1187 10
139 1196 9
140 1204 8
141 1214 10
142 1224 10
143 1232 8
144 1242 10
145 1252 10
146 1262 10
147 1272 10
148 1281 9
149 1289 8
150 1299 10
151 1309 10
152 1317 8
153 1326 9
154 1335 9
155 1345 10
156 1355 10
157 1362 7
158 1369 7
159 1379 10
160 1386 7
161 1396 10
162 1406 10
163 1415 9
164 1425 10
165 1434 9
166 1442 8
167 1452 10
168 1460 8
169 1467 7
170 1477 10
171 1487 10
172 1497 10
173 1507 10
174 1517 10
175 1527 10
176 1536 9
177 1546 10
178 1554 8
179 1562 8
180 1570 8
181 1579 9
182 1588 9
183 1598 10
184 1608 10
185 1617 9
186 1626 9
187 1634 8
188 1643 9
189 1653 10
190 1662 9
191 1670 8
192 1679 9
193 1688 9
194 1697 9
195 1705 8
196 1714 9
197 1723 9
198 1729 6
199 1738 9
200 1748 10
201 1757 9
202 1766 9
203 1775 9
204 1784 9
205 1791 7
206 1799 8
207 1807 8
208 1817 10
209 1826 9
210 1836 10
211 1844 8
212 1853 9
213 1863 10
214 1873 10
215 1881 8
216 1889 8
217 1899 10
218 1905 6
219 1915 10
220 1924 9
221 1933 9
222 1942 9
223 1951 9
224 1960 9
225 1970 10
226 1980 10
227 1989 9
228 1998 9
229 2005 7
230 2015 10
231 2025 10
232 2033 8
233 2041 8
234 2049 8
235 2057 8
236 2067 10
237 2075 8
238 2083 8
239 2093 10
240 2103 10
241 2113 10
242 2122 9
243 2132 10
244 2140 8
245 2150 10
246 2160 10
247 2169 9
248 2176 7
249 2186 10
250 2194 8
251 2204 10
252 2214 10
253 2223 9
254 2230 7
255 2238 8
256 2248 10
257 2257 9
258 2267 10
259 2276 9
260 2284 8
261 2293 9
262 2298 5
263 2308 10
264 2317 9
265 2327 10
266 2336 9
267 2343 7
268 2353 10
269 2362 9
270 2370 8
271 2378 8
272 2388 10
273 2396 8
274 2406 10
275 2415 9
276 2423 8
277 2431 8
278 2440 9
279 2450 10
280 2459 9
281 2468 9
282 2478 10
283 2488 10
284 2497 9
285 2505 8
286 2513 8
287 2520 7
288 2529 9
289 2539 10
290 2549 10
291 2559 10
292 2568 9
293 2578 10
294 2587 9
295 2595 8
296 2603 8
297 2613 10
298 2623 10
299 2631 8
300 2641 10
301 2650 9
302 2658 8
303 2667 9
304 2677 10
305 2687 10
306 2696 9
307 2705 9
308 2712 7
309 2720 8
310 2728 8
311 2737 9
312 2747 10
313 2756 9
314 2766 10
315 2776 10
316 2785 9
317 2795 10
318 2804 9
319 2813 9
320 2822 9
321 2831 9
322 2840 9
323 2850 10
324 2860 10
325 2870 10
326 2879 9
327 2888 9
328 2897 9
329 2906 9
330 2916 10
331 2926 10
332 2935 9
333 2945 10
334 2953 8
335 2961 8
336 2971 10
337 2980 9
338 2990 10
339 3000 10
340 3009 9
341 3018 9
342 3027 9
343 3035 8
344 3043 8
345 3052 9
346 3062 10
347 3070 8
348 3079 9
349 3087 8
350 3097 10
351 3107 10
352 3116 9
353 3125 9
354 3135 10
355 3145 10
356 3154 9
357 3164 10
358 3174 10
359 3182 8
360 3191 9
361 3199 8
362 3209 10
363 3219 10
364 3229 10
365 3237 8
366 3245 8
367 3255 10
368 3265 10
369 3274 9
370 3284 10
371 3293 9
372 3302 9
373 3311 9
374 3320 9
375 3328 8
376 3338 10
377 3348 10
378 3356 8
379 3364 8
380 3374 10
381 3382 8
382 3391 9
383 3401 10
384 3410 9
385 3420 10
386 3429 9
387 3439 10
388 3448 9
389 3458 10
390 3467 9
391 3476 9
392 3485 9
393 3495 10
394 3505 10
395 3514 9
396 3524 10
397 3534 10
398 3542 8
399 3550 8
400 3560 10
401 3570 10
402 3580 10
403 3589 9
404 3599 10
405 3608 9
406 3617 9
407 3627 10
408 3635 8
409 3644 9
410 3653 9
411 3663 10
412 3673 10
413 3682 9
414 3691 9
415 3701 10
416 3709 8
417 3719 10
418 3727 8
419 3737 10
420 3746 9
421 3754 8
422 3763 9
423 3771 8
424 3780 9
425 3790 10
426 3799 9
427 3807 8
428 3814 7
429 3822 8
430 3830 8
431 3839 9
432 3848 9
433 3857 9
434 3865 8
435 3875 10
436 3885 10
437 3893 8
438 3901 8
439 3910 9
440 3919 9
441 3928 9
442 3937 9
443 3947 10
444 3956 9
445 3966 10
446 3975 9
447 3984 9
448 3993 9
449 4002 9
450 4010 8
451 4018 8
452 4027 9
453 4037 10
454 4047 10
455 4057 10
456 4064 7
457 4073 9
458 4082 9
459 4091 9
460 4100 9
461 4110 10
462 4120 10
463 4130 10
464 4140 10
465 4148 8
466 4156 8
467 4165 9
468 4175 10
469 4184 9
470 4193 9
471 4202 9
472 4212 10
473 4221 9
474 4231 10
475 4241 10
476 4249 8
477 4258 9
478 4268 10
479 4277 9
480 4286 9
481 4296 10
482 4304 8
483 4312 8
484 4321 9
485 4330 9
486 4338 8
487 4346 8
488 4355 9
489 4363 8
490 4373 10
491 4382 9
492 4392 10
493 4401 9
494 4410 9
495 4419 9
496 4428 9
497 4438 10
498 4448 10
499 4458 10
500 4466 8
