1 6 6
2 9 3
3 16 7
4 22 6
5 28 6
6 35 7
7 42 7
8 47 5
9 55 8
10 64 9
11 70 6
12 77 7
13 84 7
14 90 6
15 95 5
16 103 8
17 109 6
18 114 5
19 124 10
20 131 7
21 137 6
22 146 9
23 150 4
24 160 10
25 166 6
26 176 10
27 183 7
28 192 9
29 202 10
30 209 7
31 218 9
32 226 8
33 236 10
34 246 10
35 253 7
36 260 7
37 269 9
38 278 9
39 287 9
40 294 7
41 302 8
42 312 10
43 320 8
44 329 9
45 337 8
46 347 10
47 356 9
48 366 10
49 374 8
50 383 9
51 392 9
52 398 6
53 408 10
54 415 7
55 423 8
56 433 10
57 441 8
58 450 9
59 458 8
60 467 9
61 475 8
62 484 9
63 492 8
64 501 9
65 510 9
66 520 10
67 529 9
68 537 8
69 546 9
70 554 8
71 561 7
72 569 8
73 578 9
74 586 8
75 595 9
76 604 9
77 612 8
78 622 10
79 630 8
80 638 8
81 647 9
82 655 8
83 665 10
84 674 9
85 684 10
86 693 9
87 702 9
88 710 8
89 717 7
90 727 10
91 736 9
92 746 10
93 756 10
94 764 8
95 773 9
96 782 9
97 792 10
98 801 9
99 809 8
100 817 8
101 825 8
102 835 10
103 845 10
104 855 10
105 865 10
106 875 10
107 885 10
108 895 10
109 904 9
110 912 8
111 921 9
112 928 7
113 935 7
114 943 8
115 951 8
116 958 7
117 966 8
118 973 7
119 982 9
120 992 10
121 999 7
122 1007 8
123 1016 9
124 1024 8
125 1032 8
126 1040 8
127 1049 9
128 1057 8
129 1067 10
130 1076 9
131 1086 10
132 1095 9
133 1104 9
134 1114 10
135 1124 10
136 1134 10
137 1142 8
138 1149 7
139 1157 8
140 1167 10
141 1176 9
142 1185 9
143 1195 10
144 1204 9
145 1214 10
146 1223 9
147 1232 9
148 1242 10
149 1252 10
150 1259 7
151 1265 6
152 1275 10
153 1284 9
154 1292 8
155 1301 9
156 1308 7
157 1317 9
158 1326 9
159 1334 8
160 1343 9
161 1352 9
162 1362 10
163 1370 8
164 1379 9
165 1388 9
166 1394 6
167 1403 9
168 1413 10
169 1422 9
170 1428 6
171 1438 10
172 1447 9
173 1456 9
174 1464 8
175 1474 10
176 1483 9
177 1493 10
178 1502 9
179 1512 10
180 1522 10
181 1532 10
182 1542 10
183 1552 10
184 1562 10
185 1571 9
186 1581 10
187 1591 10
188 1601 10
189 1610 9
190 1620 10
191 1629 9
192 1638 9
193 1646 8
194 1656 10
195 1666 10
196 1674 8
197 1683 9
198 1690 7
199 1700 10
200 1709 9
201 1715 6
202 1724 9
203 1734 10
204 1744 10
205 1753 9
206 1761 8
207 1770 9
208 1778 8
209 1788 10
210 1796 8
211 1806 10
212 1816 10
213 1824 8
214 1833 9
215 1842 9
216 1852 10
217 1861 9
218 1871 10
219 1881 10
220 1890 9
221 1898 8
222 1908 10
223 1917 9
224 1925 8
225 1935 10
226 1944 9
227 1954 10
228 1964 10
229 1973 9
230 1982 9
231 1991 9
232 2000 9
233 2009 9
234 2019 10
235 2028 9
236 2037 9
237 2046 9
238 2054 8
239 2062 8
240 2072 10
241 2080 8
242 2088 8
243 2097 9
244 2105 8
245 2112 7
246 2122 10
247 2132 10
248 2141 9
249 2149 8
250 2158 9
251 2167 9
252 2175 8
253 2184 9
254 2193 9
255 2203 10
256 2213 10
257 2222 9
258 2229 7
259 2239 10
260 2248 9
261 2258 10
262 2266 8
263 2275 9
264 2285 10
265 2295 10
266 2304 9
267 2314 10
268 2323 9
269 2333 10
270 2342 9
271 2351 9
272 2360 9
273 2369 9
274 2376 7
275 2385 9
276 2393 8
277 2401 8
278 2411 10
279 2420 9
280 2428 8
281 2437 9
282 2447 10
283 2455 8
284 2464 9
285 2473 9
286 2483 10
287 2492 9
288 2502 10
289 2510 8
290 2520 10
291 2529 9
292 2537 8
293 2547 10
294 2556 9
295 2565 9
296 2574 9
297 2582 8
298 2592 10
299 2601 9
300 2610 9
301 2619 9
302 2627 8
303 2636 9
304 2646 10
305 2655 9
306 2665 10
307 2675 10
308 2685 10
309 2695 10
310 2703 8
311 2710 7
312 2720 10
313 2729 9
314 2738 9
315 2748 10
316 2757 9
317 2766 9
318 2776 10
319 2786 10
320 2793 7
321 2802 9
322 2812 10
323 2821 9
324 2830 9
325 2840 10
326 2850 10
327 2859 9
328 2868 9
329 2878 10
330 2887 9
331 2896 9
332 2906 10
333 2915 9
334 2920 5
335 2929 9
336 2939 10
337 2948 9
338 2958 10
339 2967 9
340 2976 9
341 2984 8
342 2993 9
343 3003 10
344 3013 10
345 3021 8
346 3031 10
347 3040 9
348 3049 9
349 3059 10
350 3067 8
351 3076 9
352 3086 10
353 3094 8
354 3102 8
355 3111 9
356 3120 9
357 3129 9
358 3138 9
359 3148 10
360 3158 10
361 3168 10
362 3178 10
363 3186 8
364 3194 8
365 3204 10
366 3214 10
367 3224 10
368 3233 9
369 3241 8
370 3251 10
371 3261 10
372 3270 9
373 3280 10
374 3287 7
375 3297 10
376 3306 9
377 3316 10
378 3325 9
379 3335 10
380 3344 9
381 3353 9
382 3362 9
383 3370 8
384 3379 9
385 3389 10
386 3399 10
387 3409 10
388 3417 8
389 3426 9
390 3436 10
391 3443 7
392 3453 10
393 3462 9
394 3472 10
395 3482 10
396 3490 8
397 3499 9
398 3508 9
399 3516 8
400 3526 10
401 3535 9
402 3545 10
403 3554 9
404 3563 9
405 3572 9
406 3582 10
407 3592 10
408 3602 10
409 3611 9
410 3619 8
411 3629 10
412 3638 9
413 3648 10
414 3658 10
415 3667 9
416 3674 7
417 3684 10
418 3694 10
419 3704 10
420 3712 8
421 3722 10
422 3730 8
423 3740 10
424 3749 9
425 3759 10
426 3769 10
427 3779 10
428 3789 10
429 3799 10
430 3809 10
431 3819 10
432 3829 10
433 3839 10
434 3849 10
435 3859 10
436 3869 10
437 3877 8
438 3887 10
439 3897 10
440 3906 9
441 3915 9
442 3923 8
443 3931 8
444 3940 9
445 3950 10
446 3959 9
447 3968 9
448 3978 10
449 3987 9
450 3997 10
451 4007 10
452 4016 9
453 4026 10
454 4034 8
455 4043 9
456 4052 9
457 4062 10
458 4072 10
459 4082 10
460 4092 10
461 4101 9
462 4109 8
463 4119 10
464 4127 8
465 4134 7
466 4143 9
467 4153 10
468 4162 9
469 4171 9
470 4181 10
471 4190 9
472 4198 8
473 4206 8
474 4215 9
475 4224 9
476 4232 8
477 4241 9
478 4250 9
479 4258 8
480 4268 10
481 4277 9
482 4286 9
483 4295 9
484 4305 10
485 4315 10
486 4325 10
487 4335 10
488 4344 9
489 4353 9
490 4363 10
491 4373 10
492 4383 10
493 4393 10
494 4401 8
495 4411 10
496 4421 10
497 4429 8
498 4438 9
499 4447 9
500 4457 10
