1 2 2
2 8 6
3 13 5
4 21 8
5 26 5
6 34 8
7 40 6
8 46 6
9 54 8
10 62 8
11 67 5
12 74 7
13 82 8
14 90 8
15 98 8
16 104 6
17 111 7
18 119 8
19 128 9
20 137 9
21 146 9
22 154 8
23 161 7
24 170 9
25 179 9
26 188 9
27 197 9
28 203 6
29 211 8
30 220 9
31 229 9
32 239 10
33 246 7
34 255 9
35 263 8
36 272 9
37 282 10
38 292 10
39 299 7
40 308 9
41 315 7
42 324 9
43 332 8
44 342 10
45 350 8
46 358 8
47 366 8
48 375 9
49 385 10
50 393 8
51 401 8
52 410 9
53 419 9
54 429 10
55 437 8
56 445 8
57 453 8
58 460 7
59 470 10
60 477 7
61 487 10
62 496 9
63 504 8
64 514 10
65 520 6
66 528 8
67 536 8
68 545 9
69 554 9
70 563 9
71 572 9
72 580 8
73 590 10
74 599 9
75 608 9
76 616 8
77 626 10
78 634 8
79 640 6
80 648 8
81 657 9
82 666 9
83 672 6
84 681 9
85 689 8
86 697 8
87 707 10
88 714 7
89 722 8
90 731 9
91 740 9
92 750 10
93 760 10
94 770 10
95 780 10
96 788 8
97 798 10
98 805 7
99 813 8
100 822 9
101 830 8
102 838 8
103 847 9
104 856 9
105 865 9
106 874 9
107 883 9
108 893 10
109 900 7
110 910 10
111 918 8
112 928 10
113 936 8
114 944 8
115 954 10
116 962 8
117 970 8
118 979 9
119 988 9
120 997 9
121 1007 10
122 1015 8
123 1024 9
124 1033 9
125 1043 10
126 1053 10
127 1062 9
128 1071 9
129 1076 5
130 1086 10
131 1095 9
132 1104 9
133 1113 9
134 1123 10
135 1131 8
136 1139 8
137 1148 9
138 1156 8
139 1166 10
140 1175 9
141 1182 7
142 1191 9
143 1199 8
144 1209 10
145 1219 10
146 1228 9
147 1237 9
148 1247 10
149 1257 10
150 1266 9
151 1274 8
152 1284 10
153 1294 10
154 1304 10
155 1314 10
156 1323 9
157 1333 10
158 1342 9
159 1349 7
160 1359 10
161 1368 9
162 1377 9
163 1386 9
164 1396 10
165 1404 8
166 1413 9
167 1421 8
168 1430 9
169 1439 9
170 1449 10
171 1458 9
172 1468 10
173 1476 8
174 1483 7
175 1493 10
176 1502 9
177 1511 9
178 1520 9
179 1530 10
180 1538 8
181 1546 8
182 1554 8
183 1562 8
184 1570 8
185 1579 9
186 1588 9
187 1597 9
188 1607 10
189 1615 8
190 1624 9
191 1633 9
192 1643 10
193 1652 9
194 1662 10
195 1671 9
196 1681 10
197 1691 10
198 1700 9
199 1709 9
200 1719 10
201 1728 9
202 1736 8
203 1746 10
204 1756 10
205 1764 8
206 1773 9
207 1783 10
208 1792 9
209 1802 10
210 1810 8
211 1818 8
212 1827 9
213 1837 10
214 1847 10
215 1857 10
216 1866 9
217 1876 10
218 1886 10
219 1895 9
220 1904 9
221 1914 10
222 1924 10
223 1934 10
224 1943 9
225 1953 10
226 1959 6
227 1968 9
228 1977 9
229 1987 10
230 1997 10
231 2007 10
232 2015 8
233 2024 9
234 2034 10
235 2042 8
236 2051 9
237 2059 8
238 2069 10
239 2078 9
240 2088 10
241 2097 9
242 2106 9
243 2115 9
244 2123 8
245 2132 9
246 2141 9
247 2150 9
248 2158 8
249 2168 10
250 2177 9
251 2186 9
252 2195 9
253 2205 10
254 2214 9
255 2222 8
256 2232 10
257 2242 10
258 2252 10
259 2262 10
260 2272 10
261 2282 10
262 2289 7
263 2297 8
264 2306 9
265 2315 9
266 2325 10
267 2333 8
268 2343 10
269 2351 8
270 2359 8
271 2367 8
272 2374 7
273 2383 9
274 2391 8
275 2400 9
276 2410 10
277 2418 8
278 2428 10
279 2437 9
280 2447 10
281 2457 10
282 2467 10
283 2476 9
284 2486 10
285 2494 8
286 2503 9
287 2513 10
288 2521 8
289 2529 8
290 2537 8
291 2547 10
292 2556 9
293 2565 9
294 2573 8
295 2583 10
296 2593 10
297 2603 10
298 2613 10
299 2623 10
300 2633 10
301 2641 8
302 2650 9
303 2659 9
304 2668 9
305 2676 8
306 2685 9
307 2694 9
308 2703 9
309 2713 10
310 2723 10
311 2733 10
312 2743 10
313 2750 7
314 2757 7
315 2766 9
316 2774 8
317 2782 8
318 2790 8
319 2799 9
320 2809 10
321 2818 9
322 2828 10
323 2838 10
324 2848 10
325 2858 10
326 2867 9
327 2874 7
328 2882 8
329 2891 9
330 2899 8
331 2906 7
332 2915 9
333 2924 9
334 2932 8
335 2939 7
336 2949 10
337 2958 9
338 2968 10
339 2977 9
340 2987 10
341 2997 10
342 3007 10
343 3017 10
344 3025 8
345 3034 9
346 3042 8
347 3052 10
348 3061 9
349 3070 9
350 3079 9
351 3089 10
352 3097 8
353 3107 10
354 3117 10
355 3125 8
356 3135 10
357 3143 8
358 3152 9
359 3162 10
360 3172 10
361 3181 9
362 3190 9
363 3198 8
364 3204 6
365 3214 10
366 3224 10
367 3232 8
368 3242 10
369 3250 8
370 3258 8
371 3267 9
372 3277 10
373 3286 9
374 3295 9
375 3305 10
376 3315 10
377 3324 9
378 3333 9
379 3342 9
380 3352 10
381 3361 9
382 3369 8
383 3379 10
384 3389 10
385 3398 9
386 3406 8
387 3415 9
388 3425 10
389 3434 9
390 3443 9
391 3451 8
392 3461 10
393 3471 10
394 3480 9
395 3489 9
396 3497 8
397 3506 9
398 3516 10
399 3526 10
400 3536 10
401 3543 7
402 3552 9
403 3562 10
404 3571 9
405 3581 10
406 3591 10
407 3599 8
408 3608 9
409 3617 9
410 3625 8
411 3634 9
412 3642 8
413 3651 9
414 3660 9
415 3669 9
416 3678 9
417 3686 8
418 3696 10
419 3706 10
420 3716 10
421 3725 9
422 3735 10
423 3745 10
424 3754 9
425 3763 9
426 3770 7
427 3779 9
428 3789 10
429 3797 8
430 3805 8
431 3815 10
432 3824 9
433 3834 10
434 3842 8
435 3852 10
436 3860 8
437 3870 10
438 3878 8
439 3888 10
440 3897 9
441 3907 10
442 3916 9
443 3926 10
444 3936 10
445 3945 9
446 3952 7
447 3960 8
448 3970 10
449 3978 8
450 3987 9
451 3994 7
452 4003 9
453 4013 10
454 4022 9
455 4030 8
456 4039 9
457 4049 10
458 4057 8
459 4064 7
460 4074 10
461 4084 10
462 4093 9
463 4102 9
464 4111 9
465 4121 10
466 4131 10
467 4141 10
468 4151 10
469 4160 9
470 4169 9
471 4178 9
472 4188 10
473 4197 9
474 4207 10
475 4217 10
476 4226 9
477 4236 10
478 4245 9
479 4254 9
480 4263 9
481 4272 9
482 4282 10
483 4292 10
484 4302 10
485 4312 10
486 4321 9
487 4331 10
488 4340 9
489 4350 10
490 4360 10
491 4366 6
492 4375 9
493 4385 10
494 4393 8
495 4403 10
496 4412 9
497 4421 9
498 4431 10
499 4438 7
500 4447 9
