1 5 5
2 11 6
3 18 7
4 23 5
5 32 9
6 39 7
7 45 6
8 50 5
9 57 7
10 64 7
11 72 8
12 80 8
13 86 6
14 93 7
15 102 9
16 110 8
17 119 9
18 127 8
19 134 7
20 142 8
21 149 7
22 157 8
23 166 9
24 175 9
25 183 8
26 192 9
27 199 7
28 207 8
29 215 8
30 222 7
31 232 10
32 241 9
33 249 8
34 257 8
35 265 8
36 273 8
37 281 8
38 291 10
39 300 9
40 310 10
41 317 7
42 326 9
43 335 9
44 343 8
45 353 10
46 361 8
47 369 8
48 378 9
49 387 9
50 395 8
51 403 8
52 412 9
53 421 9
54 427 6
55 437 10
56 447 10
57 457 10
58 466 9
59 475 9
60 484 9
61 493 9
62 500 7
63 507 7
64 514 7
65 523 9
66 531 8
67 540 9
68 550 10
69 559 9
70 567 8
71 576 9
72 586 10
73 596 10
74 605 9
75 615 10
76 621 6
77 630 9
78 639 9
79 648 9
80 657 9
81 667 10
82 676 9
83 684 8
84 694 10
85 701 7
86 711 10
87 721 10
88 731 10
89 740 9
90 749 9
91 756 7
92 764 8
93 773 9
94 782 9
95 792 10
96 801 9
97 810 9
98 818 8
99 828 10
100 835 7
101 845 10
102 854 9
103 863 9
104 871 8
105 878 7
106 886 8
107 896 10
108 906 10
109 914 8
110 924 10
111 934 10
112 941 7
113 949 8
114 959 10
115 968 9
116 977 9
117 985 8
118 995 10
119 1005 10
120 1014 9
121 1021 7
122 1030 9
123 1039 9
124 1048 9
125 1057 9
126 1066 9
127 1075 9
128 1085 10
129 1095 10
130 1105 10
131 1115 10
132 1123 8
133 1131 8
134 1140 9
135 1149 9
136 1158 9
137 1168 10
138 1178 10
139 1186 8
140 1195 9
141 1204 9
142 1213 9
143 1222 9
144 1232 10
145 1242 10
146 1251 9
147 1259 8
148 1269 10
149 1278 9
150 1287 9
151 1297 10
152 1304 7
153 1314 10
154 1322 8
155 1331 9
156 1341 10
157 1351 10
158 1360 9
159 1369 9
160 1379 10
161 1388 9
162 1395 7
163 1404 9
164 1413 9
165 1423 10
166 1432 9
167 1442 10
168 1450 8
169 1459 9
170 1468 9
171 1476 8
172 1486 10
173 1495 9
174 1504 9
175 1513 9
176 1523 10
177 1533 10
178 1542 9
179 1551 9
180 1561 10
181 1569 8
182 1576 7
183 1586 10
184 1596 10
185 1606 10
186 1616 10
187 1626 10
188 1636 10
189 1644 8
190 1653 9
191 1663 10
192 1673 10
193 1683 10
194 1692 9
195 1700 8
196 1708 8
197 1718 10
198 1728 10
199 1737 9
200 1747 10
201 1757 10
202 1765 8
203 1774 9
204 1784 10
205 1793 9
206 1802 9
207 1811 9
208 1821 10
209 1830 9
210 1838 8
211 1847 9
212 1857 10
213 1866 9
214 1875 9
215 1882 7
216 1891 9
217 1901 10
218 1911 10
219 1921 10
220 1929 8
221 1937 8
222 1947 10
223 1956 9
224 1964 8
225 1973 9
226 1982 9
227 1990 8
228 1999 9
229 2008 9
230 2017 9
231 2027 10
232 2034 7
233 2043 9
234 2050 7
235 2060 10
236 2070 10
237 2080 10
238 2090 10
239 2099 9
240 2109 10
241 2118 9
242 2125 7
243 2134 9
244 2143 9
245 2153 10
246 2163 10
247 2170 7
248 2180 10
249 2189 9
250 2198 9
251 2206 8
252 2215 9
253 2224 9
254 2233 9
255 2242 9
256 2251 9
257 2261 10
258 2269 8
259 2277 8
260 2285 8
261 2295 10
262 2304 9
263 2312 8
264 2322 10
265 2331 9
266 2341 10
267 2349 8
268 2358 9
269 2367 9
270 2376 9
271 2386 10
272 2396 10
273 2406 10
274 2415 9
275 2424 9
276 2434 10
277 2443 9
278 2452 9
279 2460 8
280 2470 10
281 2480 10
282 2490 10
283 2499 9
284 2508 9
285 2517 9
286 2526 9
287 2532 6
288 2541 9
289 2550 9
290 2560 10
291 2569 9
292 2577 8
293 2586 9
294 2595 9
295 2604 9
296 2614 10
297 2623 9
298 2632 9
299 2642 10
300 2651 9
301 2660 9
302 2670 10
303 2679 9
304 2687 8
305 2695 8
306 2704 9
307 2714 10
308 2723 9
309 2733 10
310 2743 10
311 2753 10
312 2762 9
313 2772 10
314 2781 9
315 2790 9
316 2799 9
317 2809 10
318 2818 9
319 2827 9
320 2837 10
321 2847 10
322 2856 9
323 2866 10
324 2875 9
325 2883 8
326 2892 9
327 2902 10
328 2911 9
329 2921 10
330 2931 10
331 2941 10
332 2949 8
333 2959 10
334 2968 9
335 2978 10
336 2987 9
337 2994 7
338 3004 10
339 3014 10
340 3023 9
341 3033 10
342 3042 9
343 3052 10
344 3061 9
345 3071 10
346 3081 10
347 3090 9
348 3100 10
349 3110 10
350 3119 9
351 3128 9
352 3137 9
353 3145 8
354 3155 10
355 3164 9
356 3173 9
357 3183 10
358 3191 8
359 3200 9
360 3209 9
361 3219 10
362 3228 9
363 3237 9
364 3245 8
365 3254 9
366 3264 10
367 3274 10
368 3284 10
369 3292 8
370 3301 9
371 3310 9
372 3319 9
373 3328 9
374 3336 8
375 3346 10
376 3355 9
377 3365 10
378 3371 6
379 3381 10
380 3391 10
381 3400 9
382 3410 10
383 3419 9
384 3427 8
385 3437 10
386 3446 9
387 3455 9
388 3462 7
389 3471 9
390 3481 10
391 3490 9
392 3500 10
393 3508 8
394 3516 8
395 3523 7
396 3533 10
397 3542 9
398 3550 8
399 3559 9
400 3568 9
401 3578 10
402 3586 8
403 3594 8
404 3604 10
405 3611 7
406 3621 10
407 3630 9
408 3639 9
409 3648 9
410 3658 10
411 3667 9
412 3677 10
413 3685 8
414 3693 8
415 3702 9
416 3711 9
417 3720 9
418 3730 10
419 3740 10
420 3747 7
421 3757 10
422 3766 9
423 3774 8
424 3784 10
425 3793 9
426 3802 9
427 3809 7
428 3818 9
429 3826 8
430 3836 10
431 3846 10
432 3855 9
433 3864 9
434 3874 10
435 3883 9
436 3891 8
437 3900 9
438 3908 8
439 3917 9
440 3927 10
441 3937 10
442 3946 9
443 3956 10
444 3966 10
445 3975 9
446 3985 10
447 3995 10
448 4005 10
449 4015 10
450 4023 8
451 4033 10
452 4040 7
453 4049 9
454 4058 9
455 4065 7
456 4072 7
457 4081 9
458 4089 8
459 4098 9
460 4105 7
461 4115 10
462 4124 9
463 4134 10
464 4144 10
465 4154 10
466 4163 9
467 4172 9
468 4181 9
469 4190 9
470 4200 10
471 4209 9
472 4218 9
473 4227 9
474 4236 9
475 4246 10
476 4256 10
477 4265 9
478 4273 8
479 4282 9
480 4291 9
481 4300 9
482 4306 6
483 4315 9
484 4323 8
485 4331 8
486 4341 10
487 4350 9
488 4359 9
489 4369 10
490 4378 9
491 4387 9
492 4394 7
493 4403 9
494 4411 8
495 4421 10
496 4430 9
497 4439 9
498 4448 9
499 4457 9
500 4466 9
