1 6 6
2 13 7
3 19 6
4 25 6
5 29 4
6 35 6
7 43 8
8 50 7
9 57 7
10 64 7
11 72 8
12 81 9
13 89 8
14 98 9
15 105 7
16 111 6
17 120 9
18 129 9
19 136 7
20 143 7
21 151 8
22 158 7
23 165 7
24 171 6
25 180 9
26 187 7
27 196 9
28 204 8
29 212 8
30 221 9
31 229 8
32 237 8
33 245 8
34 254 9
35 262 8
36 269 7
37 278 9
38 286 8
39 295 9
40 304 9
41 314 10
42 322 8
43 331 9
44 339 8
45 349 10
46 358 9
47 367 9
48 376 9
49 384 8
50 393 9
51 402 9
52 410 8
53 418 8
54 426 8
55 434 8
56 443 9
57 452 9
58 462 10
59 470 8
60 478 8
61 487 9
62 497 10
63 506 9
64 516 10
65 523 7
66 529 6
67 539 10
68 548 9
69 556 8
70 565 9
71 574 9
72 584 10
73 592 8
74 599 7
75 608 9
76 618 10
77 626 8
78 635 9
79 643 8
80 651 8
81 659 8
82 668 9
83 677 9
84 685 8
85 692 7
86 702 10
87 710 8
88 718 8
89 727 9
90 736 9
91 743 7
92 751 8
93 760 9
94 768 8
95 778 10
96 787 9
97 797 10
98 807 10
99 817 10
100 827 10
101 835 8
102 843 8
103 851 8
104 860 9
105 869 9
106 878 9
107 887 9
108 894 7
109 904 10
110 913 9
111 922 9
112 929 7
113 936 7
114 944 8
115 954 10
116 963 9
117 972 9
118 981 9
119 990 9
120 999 9
121 1009 10
122 1018 9
123 1027 9
124 1035 8
125 1044 9
126 1054 10
127 1063 9
128 1069 6
129 1076 7
130 1084 8
131 1092 8
132 1100 8
133 1109 9
134 1117 8
135 1126 9
136 1134 8
137 1144 10
138 1154 10
139 1163 9
140 1170 7
141 1180 10
142 1189 9
143 1199 10
144 1207 8
145 1216 9
146 1226 10
147 1233 7
148 1243 10
149 1252 9
150 1260 8
151 1269 9
152 1278 9
153 1288 10
154 1298 10
155 1307 9
156 1316 9
157 1326 10
158 1335 9
159 1345 10
160 1354 9
161 1364 10
162 1372 8
163 1381 9
164 1389 8
165 1398 9
166 1408 10
167 1418 10
168 1427 9
169 1437 10
170 1447 10
171 1456 9
172 1466 10
173 1475 9
174 1483 8
175 1492 9
176 1502 10
177 1511 9
178 1521 10
179 1531 10
180 1541 10
181 1549 8
182 1558 9
183 1568 10
184 1578 10
185 1587 9
186 1597 10
187 1605 8
188 1615 10
189 1624 9
190 1634 10
191 1644 10
192 1654 10
193 1664 10
194 1672 8
195 1680 8
196 1690 10
197 1700 10
198 1709 9
199 1718 9
200 1728 10
201 1734 6
202 1744 10
203 1754 10
204 1761 7
205 1770 9
206 1780 10
207 1789 9
208 1797 8
209 1807 10
210 1817 10
211 1827 10
212 1837 10
213 1847 10
214 1857 10
215 1866 9
216 1875 9
217 1884 9
218 1894 10
219 1903 9
220 1911 8
221 1921 10
222 1931 10
223 1941 10
224 1950 9
225 1960 10
226 1970 10
227 1980 10
228 1989 9
229 1998 9
230 2008 10
231 2018 10
232 2026 8
233 2034 8
234 2043 9
235 2052 9
236 2060 8
237 2070 10
238 2079 9
239 2088 9
240 2098 10
241 2108 10
242 2117 9
243 2125 8
244 2135 10
245 2145 10
246 2155 10
247 2165 10
248 2175 10
249 2185 10
250 2195 10
251 2204 9
252 2213 9
253 2222 9
254 2231 9
255 2241 10
256 2249 8
257 2259 10
258 2265 6
259 2275 10
260 2285 10
261 2295 10
262 2305 10
263 2315 10
264 2325 10
265 2335 10
266 2343 8
267 2352 9
268 2361 9
269 2371 10
270 2378 7
271 2388 10
272 2397 9
273 2407 10
274 2414 7
275 2423 9
276 2431 8
277 2437 6
278 2447 10
279 2457 10
280 2467 10
281 2476 9
282 2486 10
283 2496 10
284 2505 9
285 2514 9
286 2524 10
287 2532 8
288 2540 8
289 2549 9
290 2559 10
291 2568 9
292 2578 10
293 2587 9
294 2596 9
295 2606 10
296 2615 9
297 2625 10
298 2634 9
299 2644 10
300 2654 10
301 2664 10
302 2674 10
303 2683 9
304 2690 7
305 2700 10
306 2707 7
307 2717 10
308 2726 9
309 2735 9
310 2744 9
311 2753 9
312 2761 8
313 2771 10
314 2778 7
315 2787 9
316 2797 10
317 2805 8
318 2815 10
319 2825 10
320 2835 10
321 2844 9
322 2853 9
323 2861 8
324 2871 10
325 2880 9
326 2890 10
327 2900 10
328 2909 9
329 2919 10
330 2929 10
331 2937 8
332 2947 10
333 2957 10
334 2967 10
335 2977 10
336 2986 9
337 2994 8
338 3004 10
339 3013 9
340 3022 9
341 3029 7
342 3039 10
343 3049 10
344 3058 9
345 3068 10
346 3076 8
347 3085 9
348 3095 10
349 3104 9
350 3113 9
351 3123 10
352 3133 10
353 3142 9
354 3152 10
355 3162 10
356 3172 10
357 3182 10
358 3192 10
359 3200 8
360 3210 10
361 3219 9
362 3227 8
363 3237 10
364 3246 9
365 3255 9
366 3265 10
367 3275 10
368 3283 8
369 3293 10
370 3302 9
371 3312 10
372 3320 8
373 3328 8
374 3335 7
375 3344 9
376 3352 8
377 3362 10
378 3371 9
379 3379 8
380 3388 9
381 3396 8
382 3405 9
383 3414 9
384 3423 9
385 3433 10
386 3443 10
387 3451 8
388 3461 10
389 3471 10
390 3481 10
391 3491 10
392 3501 10
393 3510 9
394 3518 8
395 3526 8
396 3534 8
397 3543 9
398 3552 9
399 3562 10
400 3570 8
401 3578 8
402 3586 8
403 3596 10
404 3605 9
405 3613 8
406 3623 10
407 3633 10
408 3643 10
409 3651 8
410 3661 10
411 3670 9
412 3680 10
413 3690 10
414 3699 9
415 3709 10
416 3718 9
417 3727 9
418 3737 10
419 3747 10
420 3755 8
421 3764 9
422 3773 9
423 3783 10
424 3793 10
425 3802 9
426 3811 9
427 3820 9
428 3830 10
429 3839 9
430 3849 10
431 3856 7
432 3864 8
433 3873 9
434 3883 10
435 3892 9
436 3901 9
437 3911 10
438 3921 10
439 3931 10
440 3940 9
441 3949 9
442 3958 9
443 3968 10
444 3977 9
445 3984 7
446 3994 10
447 4003 9
448 4012 9
449 4020 8
450 4029 9
451 4038 9
452 4048 10
453 4058 10
454 4067 9
455 4077 10
456 4085 8
457 4094 9
458 4104 10
459 4114 10
460 4123 9
461 4132 9
462 4142 10
463 4152 10
464 4162 10
465 4171 9
466 4181 10
467 4189 8
468 4198 9
469 4208 10
470 4217 9
471 4225 8
472 4234 9
473 4244 10
474 4254 10
475 4262 8
476 4271 9
477 4281 10
478 4290 9
479 4300 10
480 4308 8
481 4317 9
482 4327 10
483 4337 10
484 4347 10
485 4357 10
486 4367 10
487 4377 10
488 4386 9
489 4394 8
490 4404 10
491 4412 8
492 4422 10
493 4432 10
494 4442 10
495 4450 8
496 4460 10
497 4469 9
498 4479 10
499 4489 10
500 4498 9
