1 6 6
2 11 5
3 17 6
4 23 6
5 31 8
6 38 7
7 43 5
8 47 4
9 53 6
10 60 7
11 68 8
12 75 7
13 83 8
14 91 8
15 100 9
16 109 9
17 114 5
18 122 8
19 130 8
20 138 8
21 144 6
22 152 8
23 160 8
24 168 8
25 177 9
26 183 6
27 192 9
28 202 10
29 211 9
30 219 8
31 229 10
32 236 7
33 245 9
34 255 10
35 265 10
36 273 8
37 280 7
38 288 8
39 297 9
40 303 6
41 311 8
42 318 7
43 326 8
44 333 7
45 342 9
46 350 8
47 358 8
48 365 7
49 372 7
50 382 10
51 388 6
52 396 8
53 404 8
54 414 10
55 423 9
56 431 8
57 439 8
58 448 9
59 456 8
60 466 10
61 474 8
62 482 8
63 491 9
64 501 10
65 511 10
66 519 8
67 528 9
68 536 8
69 545 9
70 554 9
71 563 9
72 572 9
73 580 8
74 590 10
75 599 9
76 608 9
77 617 9
78 625 8
79 634 9
80 643 9
81 652 9
82 659 7
83 669 10
84 678 9
85 686 8
86 695 9
87 705 10
88 714 9
89 723 9
90 731 8
91 741 10
92 750 9
93 760 10
94 769 9
95 778 9
96 786 8
97 796 10
98 804 8
99 814 10
100 822 8
101 832 10
102 840 8
103 849 9
104 858 9
105 867 9
106 877 10
107 885 8
108 895 10
109 905 10
110 913 8
111 921 8
112 931 10
113 939 8
114 948 9
115 956 8
116 964 8
117 973 9
118 982 9
119 991 9
120 1001 10
121 1010 9
122 1018 8
123 1025 7
124 1032 7
125 1041 9
126 1048 7
127 1056 8
128 1065 9
129 1075 10
130 1085 10
131 1094 9
132 1100 6
133 1109 9
134 1119 10
135 1129 10
136 1137 8
137 1146 9
138 1155 9
139 1165 10
140 1174 9
141 1183 9
142 1193 10
143 1203 10
144 1212 9
145 1222 10
146 1230 8
147 1239 9
148 1248 9
149 1257 9
150 1267 10
151 1276 9
152 1285 9
153 1294 9
154 1302 8
155 1310 8
156 1320 10
157 1330 10
158 1340 10
159 1349 9
160 1357 8
161 1367 10
162 1376 9
163 1386 10
164 1396 10
165 1406 10
166 1415 9
167 1425 10
168 1432 7
169 1441 9
170 1450 9
171 1457 7
172 1467 10
173 1477 10
174 1486 9
175 1496 10
176 1506 10
177 1515 9
178 1525 10
179 1535 10
180 1544 9
181 1553 9
182 1561 8
183 1570 9
184 1577 7
185 1587 10
186 1596 9
187 1605 9
188 1614 9
189 1623 9
190 1633 10
191 1642 9
192 1652 10
193 1660 8
194 1669 9
195 1679 10
196 1689 10
197 1699 10
198 1709 10
199 1718 9
200 1727 9
201 1736 9
202 1745 9
203 1752 7
204 1762 10
205 1770 8
206 1779 9
207 1788 9
208 1797 9
209 1806 9
210 1816 10
211 1826 10
212 1835 9
213 1845 10
214 1855 10
215 1865 10
216 1872 7
217 1881 9
218 1891 10
219 1901 10
220 1910 9
221 1919 9
222 1929 10
223 1939 10
224 1948 9
225 1958 10
226 1967 9
227 1974 7
228 1984 10
229 1994 10
230 2004 10
231 2014 10
232 2023 9
233 2031 8
234 2040 9
235 2049 9
236 2058 9
237 2068 10
238 2077 9
239 2087 10
240 2096 9
241 2104 8
242 2112 8
243 2122 10
244 2130 8
245 2140 10
246 2150 10
247 2160 10
248 2169 9
249 2179 10
250 2187 8
251 2196 9
252 2205 9
253 2214 9
254 2223 9
255 2232 9
256 2242 10
257 2251 9
258 2261 10
259 2270 9
260 2278 8
261 2288 10
262 2298 10
263 2307 9
264 2316 9
265 2324 8
266 2333 9
267 2342 9
268 2351 9
269 2360 9
270 2369 9
271 2379 10
272 2388 9
273 2397 9
274 2407 10
275 2415 8
276 2423 8
277 2433 10
278 2443 10
279 2452 9
280 2460 8
281 2469 9
282 2479 10
283 2488 9
284 2498 10
285 2507 9
286 2516 9
287 2525 9
288 2532 7
289 2541 9
290 2551 10
291 2559 8
292 2569 10
293 2579 10
294 2589 10
295 2598 9
296 2607 9
297 2617 10
298 2625 8
299 2635 10
300 2645 10
301 2653 8
302 2662 9
303 2672 10
304 2681 9
305 2691 10
306 2700 9
307 2708 8
308 2718 10
309 2726 8
310 2734 8
311 2742 8
312 2751 9
313 2761 10
314 2771 10
315 2779 8
316 2788 9
317 2798 10
318 2807 9
319 2816 9
320 2826 10
321 2835 9
322 2845 10
323 2854 9
324 2863 9
325 2871 8
326 2881 10
327 2891 10
328 2901 10
329 2911 10
330 2921 10
331 2930 9
332 2940 10
333 2949 9
334 2958 9
335 2965 7
336 2973 8
337 2983 10
338 2991 8
339 3000 9
340 3010 10
341 3020 10
342 3029 9
343 3038 9
344 3047 9
345 3057 10
346 3067 10
347 3077 10
348 3086 9
349 3095 9
350 3105 10
351 3115 10
352 3122 7
353 3132 10
354 3142 10
355 3152 10
356 3162 10
357 3172 10
358 3182 10
359 3190 8
360 3200 10
361 3209 9
362 3216 7
363 3226 10
364 3236 10
365 3246 10
366 3256 10
367 3266 10
368 3275 9
369 3283 8
370 3293 10
371 3303 10
372 3313 10
373 3320 7
374 3329 9
375 3338 9
376 3346 8
377 3355 9
378 3364 9
379 3373 9
380 3383 10
381 3393 10
382 3402 9
383 3411 9
384 3421 10
385 3431 10
386 3441 10
387 3451 10
388 3461 10
389 3471 10
390 3480 9
391 3488 8
392 3498 10
393 3506 8
394 3516 10
395 3525 9
396 3534 9
397 3541 7
398 3549 8
399 3559 10
400 3569 10
401 3578 9
402 3588 10
403 3595 7
404 3604 9
405 3611 7
406 3620 9
407 3629 9
408 3639 10
409 3648 9
410 3658 10
411 3668 10
412 3677 9
413 3687 10
414 3697 10
415 3707 10
416 3715 8
417 3724 9
418 3734 10
419 3744 10
420 3753 9
421 3763 10
422 3773 10
423 3783 10
424 3793 10
425 3800 7
426 3809 9
427 3818 9
428 3828 10
429 3837 9
430 3847 10
431 3856 9
432 3866 10
433 3876 10
434 3885 9
435 3894 9
436 3904 10
437 3914 10
438 3924 10
439 3933 9
440 3943 10
441 3951 8
442 3960 9
443 3970 10
444 3978 8
445 3988 10
446 3996 8
447 4004 8
448 4014 10
449 4024 10
450 4034 10
451 4044 10
452 4054 10
453 4063 9
454 4071 8
455 4080 9
456 4090 10
457 4100 10
458 4110 10
459 4118 8
460 4128 10
461 4138 10
462 4148 10
463 4157 9
464 4166 9
465 4175 9
466 4184 9
467 4194 10
468 4203 9
469 4211 8
470 4221 10
471 4230 9
472 4240 10
473 4250 10
474 4259 9
475 4269 10
476 4279 10
477 4289 10
478 4295 6
479 4305 10
480 4314 9
481 4324 10
482 4334 10
483 4343 9
484 4353 10
485 4359 6
486 4369 10
487 4378 9
488 4387 9
489 4397 10
490 4405 8
491 4415 10
492 4424 9
493 4432 8
494 4442 10
495 4452 10
496 4461 9
497 4470 9
498 4478 8
499 4487 9
500 4497 10
