1 5 5
2 10 5
3 15 5
4 19 4
5 25 6
6 31 6
7 38 7
8 42 4
9 49 7
10 53 4
11 59 6
12 66 7
13 74 8
14 82 8
15 88 6
16 94 6
17 103 9
18 108 5
19 117 9
20 126 9
21 132 6
22 141 9
23 151 10
24 158 7
25 167 9
26 174 7
27 183 9
28 192 9
29 201 9
30 208 7
31 214 6
32 220 6
33 227 7
34 234 7
35 242 8
36 252 10
37 260 8
38 269 9
39 278 9
40 287 9
41 294 7
42 301 7
43 308 7
44 316 8
45 323 7
46 330 7
47 339 9
48 349 10
49 356 7
50 366 10
51 375 9
52 384 9
53 392 8
54 401 9
55 410 9
56 420 10
57 430 10
58 439 9
59 448 9
60 458 10
61 467 9
62 473 6
63 483 10
64 493 10
65 503 10
66 511 8
67 519 8
68 528 9
69 538 10
70 546 8
71 553 7
72 562 9
73 572 10
74 581 9
75 590 9
76 598 8
77 606 8
78 615 9
79 623 8
80 631 8
81 641 10
82 651 10
83 661 10
84 671 10
85 680 9
86 689 9
87 698 9
88 707 9
89 717 10
90 725 8
91 733 8
92 743 10
93 752 9
94 761 9
95 770 9
96 778 8
97 788 10
98 795 7
99 804 9
100 812 8
101 821 9
102 829 8
103 839 10
104 848 9
105 855 7
106 865 10
107 875 10
108 882 7
109 891 9
110 899 8
111 906 7
112 914 8
113 924 10
114 933 9
115 941 8
116 950 9
117 958 8
118 964 6
119 974 10
120 982 8
121 989 7
122 997 8
123 1005 8
124 1014 9
125 1022 8
126 1029 7
127 1039 10
128 1046 7
129 1056 10
130 1064 8
131 1071 7
132 1080 9
133 1090 10
134 1100 10
135 1108 8
136 1118 10
137 1128 10
138 1136 8
139 1146 10
140 1155 9
141 1161 6
142 1171 10
143 1178 7
144 1188 10
145 1198 10
146 1208 10
147 1217 9
148 1224 7
149 1233 9
150 1242 9
151 1250 8
152 1258 8
153 1267 9
154 1277 10
155 1286 9
156 1296 10
157 1305 9
158 1312 7
159 1322 10
160 1330 8
161 1339 9
162 1348 9
163 1357 9
164 1367 10
165 1375 8
166 1384 9
167 1393 9
168 1402 9
169 1411 9
170 1421 10
171 1428 7
172 1436 8
173 1445 9
174 1453 8
175 1463 10
176 1473 10
177 1482 9
178 1492 10
179 1501 9
180 1511 10
181 1520 9
182 1530 10
183 1539 9
184 1549 10
185 1558 9
186 1568 10
187 1578 10
188 1586 8
189 1596 10
190 1605 9
191 1613 8
192 1620 7
193 1629 9
194 1635 6
195 1644 9
196 1654 10
197 1661 7
198 1671 10
199 1680 9
200 1688 8
201 1696 8
202 1705 9
203 1715 10
204 1725 10
205 1735 10
206 1744 9
207 1754 10
208 1762 8
209 1772 10
210 1781 9
211 1790 9
212 1799 9
213 1806 7
214 1815 9
215 1824 9
216 1833 9
217 1842 9
218 1852 10
219 1861 9
220 1869 8
221 1878 9
222 1888 10
223 1898 10
224 1905 7
225 1914 9
226 1922 8
227 1931 9
228 1939 8
229 1947 8
230 1954 7
231 1964 10
232 1972 8
233 1979 7
234 1988 9
235 1998 10
236 2007 9
237 2017 10
238 2027 10
239 2035 8
240 2043 8
241 2052 9
242 2061 9
243 2071 10
244 2080 9
245 2090 10
246 2100 10
247 2109 9
248 2118 9
249 2128 10
250 2137 9
251 2146 9
252 2156 10
253 2166 10
254 2175 9
255 2185 10
256 2193 8
257 2203 10
258 2211 8
259 2220 9
260 2229 9
261 2236 7
262 2242 6
263 2252 10
264 2261 9
265 2271 10
266 2281 10
267 2291 10
268 2300 9
269 2310 10
270 2319 9
271 2327 8
272 2335 8
273 2344 9
274 2354 10
275 2364 10
276 2374 10
277 2383 9
278 2392 9
279 2402 10
280 2410 8
281 2419 9
282 2428 9
283 2438 10
284 2448 10
285 2456 8
286 2465 9
287 2474 9
288 2484 10
289 2494 10
290 2504 10
291 2513 9
292 2521 8
293 2531 10
294 2541 10
295 2549 8
296 2558 9
297 2568 10
298 2576 8
299 2584 8
300 2592 8
301 2602 10
302 2611 9
303 2620 9
304 2629 9
305 2638 9
306 2646 8
307 2656 10
308 2665 9
309 2673 8
310 2682 9
311 2691 9
312 2701 10
313 2708 7
314 2717 9
315 2726 9
316 2735 9
317 2745 10
318 2754 9
319 2763 9
320 2772 9
321 2781 9
322 2791 10
323 2801 10
324 2809 8
325 2817 8
326 2825 8
327 2834 9
328 2844 10
329 2853 9
330 2861 8
331 2871 10
332 2879 8
333 2889 10
334 2899 10
335 2907 8
336 2917 10
337 2927 10
338 2937 10
339 2946 9
340 2956 10
341 2966 10
342 2976 10
343 2984 8
344 2994 10
345 3004 10
346 3013 9
347 3023 10
348 3032 9
349 3041 9
350 3051 10
351 3060 9
352 3069 9
353 3078 9
354 3088 10
355 3097 9
356 3107 10
357 3116 9
358 3126 10
359 3136 10
360 3143 7
361 3152 9
362 3161 9
363 3170 9
364 3179 9
365 3188 9
366 3196 8
367 3204 8
368 3214 10
369 3224 10
370 3233 9
371 3242 9
372 3252 10
373 3262 10
374 3272 10
375 3281 9
376 3288 7
377 3298 10
378 3306 8
379 3316 10
380 3326 10
381 3335 9
382 3344 9
383 3351 7
384 3360 9
385 3370 10
386 3378 8
387 3386 8
388 3396 10
389 3406 10
390 3416 10
391 3426 10
392 3436 10
393 3446 10
394 3455 9
395 3464 9
396 3473 9
397 3483 10
398 3492 9
399 3501 9
400 3510 9
401 3519 9
402 3527 8
403 3535 8
404 3543 8
405 3552 9
406 3561 9
407 3568 7
408 3576 8
409 3584 8
410 3593 9
411 3600 7
412 3609 9
413 3618 9
414 3628 10
415 3638 10
416 3648 10
417 3656 8
418 3666 10
419 3675 9
420 3685 10
421 3694 9
422 3703 9
423 3712 9
424 3720 8
425 3730 10
426 3739 9
427 3748 9
428 3757 9
429 3766 9
430 3776 10
431 3784 8
432 3793 9
433 3802 9
434 3811 9
435 3821 10
436 3831 10
437 3841 10
438 3850 9
439 3860 10
440 3870 10
441 3880 10
442 3890 10
443 3900 10
444 3910 10
445 3920 10
446 3930 10
447 3939 9
448 3947 8
449 3957 10
450 3967 10
451 3977 10
452 3986 9
453 3993 7
454 4003 10
455 4012 9
456 4022 10
457 4032 10
458 4040 8
459 4048 8
460 4057 9
461 4066 9
462 4075 9
463 4085 10
464 4094 9
465 4103 9
466 4112 9
467 4122 10
468 4132 10
469 4142 10
470 4152 10
471 4160 8
472 4168 8
473 4177 9
474 4187 10
475 4195 8
476 4203 8
477 4213 10
478 4222 9
479 4230 8
480 4239 9
481 4249 10
482 4258 9
483 4267 9
484 4276 9
485 4285 9
486 4294 9
487 4303 9
488 4311 8
489 4320 9
490 4328 8
491 4336 8
492 4342 6
493 4352 10
494 4362 10
495 4372 10
496 4382 10
497 4391 9
498 4400 9
499 4410 10
500 4419 9
