1 3 3
2 8 5
3 13 5
4 20 7
5 27 7
6 32 5
7 39 7
8 47 8
9 55 8
10 63 8
11 72 9
12 79 7
13 88 9
14 94 6
15 103 9
16 111 8
17 119 8
18 128 9
19 137 9
20 146 9
21 156 10
22 164 8
23 172 8
24 180 8
25 190 10
26 195 5
27 205 10
28 214 9
29 221 7
30 230 9
31 237 7
32 246 9
33 253 7
34 260 7
35 268 8
36 276 8
37 284 8
38 292 8
39 298 6
40 306 8
41 312 6
42 319 7
43 329 10
44 338 9
45 347 9
46 356 9
47 364 8
48 373 9
49 381 8
50 390 9
51 399 9
52 409 10
53 418 9
54 427 9
55 435 8
56 443 8
57 452 9
58 459 7
59 469 10
60 476 7
61 483 7
62 489 6
63 498 9
64 507 9
65 516 9
66 525 9
67 534 9
68 543 9
69 552 9
70 559 7
71 568 9
72 576 8
73 584 8
74 593 9
75 601 8
76 609 8
77 618 9
78 625 7
79 633 8
80 643 10
81 653 10
82 661 8
83 670 9
84 680 10
85 689 9
86 696 7
87 705 9
88 715 10
89 723 8
90 732 9
91 742 10
92 751 9
93 761 10
94 766 5
95 776 10
96 786 10
97 795 9
98 804 9
99 814 10
100 822 8
101 831 9
102 839 8
103 848 9
104 856 8
105 865 9
106 875 10
107 884 9
108 893 9
109 903 10
110 913 10
111 920 7
112 930 10
113 940 10
114 950 10
115 960 10
116 970 10
117 979 9
118 988 9
119 998 10
120 1008 10
121 1017 9
122 1027 10
123 1037 10
124 1047 10
125 1056 9
126 1065 9
127 1073 8
128 1081 8
129 1090 9
130 1100 10
131 1108 8
132 1118 10
133 1128 10
134 1138 10
135 1148 10
136 1158 10
137 1166 8
138 1176 10
139 1185 9
140 1195 10
141 1205 10
142 1215 10
143 1224 9
144 1232 8
145 1242 10
146 1252 10
147 1261 9
148 1271 10
149 1281 10
150 1288 7
151 1296 8
152 1306 10
153 1314 8
154 1323 9
155 1333 10
156 1341 8
157 1349 8
158 1358 9
159 1367 9
160 1375 8
161 1385 10
162 1395 10
163 1404 9
164 1413 9
165 1423 10
166 1432 9
167 1442 10
168 1452 10
169 1462 10
170 1471 9
171 1481 10
172 1490 9
173 1499 9
174 1509 10
175 1519 10
176 1529 10
177 1539 10
178 1548 9
179 1557 9
180 1566 9
181 1574 8
182 1584 10
183 1592 8
184 1601 9
185 1610 9
186 1620 10
187 1630 10
188 1639 9
189 1649 10
190 1659 10
191 1669 10
192 1678 9
193 1687 9
194 1695 8
195 1703 8
196 1712 9
197 1722 10
198 1730 8
199 1739 9
200 1748 9
201 1756 8
202 1766 10
203 1776 10
204 1785 9
205 1794 9
206 1804 10
207 1814 10
208 1824 10
209 1831 7
210 1840 9
211 1850 10
212 1859 9
213 1866 7
214 1874 8
215 1882 8
216 1891 9
217 1901 10
218 1908 7
219 1917 9
220 1925 8
221 1934 9
222 1943 9
223 1953 10
224 1963 10
225 1971 8
226 1979 8
227 1989 10
228 1999 10
229 2007 8
230 2016 9
231 2026 10
232 2033 7
233 2043 10
234 2052 9
235 2061 9
236 2071 10
237 2079 8
238 2088 9
239 2095 7
240 2105 10
241 2113 8
242 2120 7
243 2130 10
244 2140 10
245 2150 10
246 2158 8
247 2167 9
248 2177 10
249 2186 9
250 2196 10
251 2205 9
252 2215 10
253 2224 9
254 2233 9
255 2243 10
256 2253 10
257 2263 10
258 2271 8
259 2279 8
260 2289 10
261 2299 10
262 2309 10
263 2318 9
264 2327 9
265 2336 9
266 2346 10
267 2354 8
268 2361 7
269 2370 9
270 2378 8
271 2387 9
272 2396 9
273 2405 9
274 2415 10
275 2425 10
276 2435 10
277 2444 9
278 2453 9
279 2463 10
280 2471 8
281 2480 9
282 2490 10
283 2500 10
284 2509 9
285 2519 10
286 2529 10
287 2538 9
288 2548 10
289 2556 8
290 2566 10
291 2575 9
292 2585 10
293 2593 8
294 2601 8
295 2611 10
296 2621 10
297 2630 9
298 2639 9
299 2649 10
300 2659 10
301 2668 9
302 2676 8
303 2686 10
304 2695 9
305 2704 9
306 2712 8
307 2719 7
308 2728 9
309 2738 10
310 2748 10
311 2757 9
312 2767 10
313 2776 9
314 2785 9
315 2795 10
316 2805 10
317 2814 9
318 2823 9
319 2832 9
320 2842 10
321 2851 9
322 2859 8
323 2868 9
324 2878 10
325 2888 10
326 2896 8
327 2906 10
328 2914 8
329 2924 10
330 2934 10
331 2944 10
332 2954 10
333 2961 7
334 2970 9
335 2979 9
336 2988 9
337 2998 10
338 3007 9
339 3017 10
340 3025 8
341 3034 9
342 3043 9
343 3051 8
344 3061 10
345 3069 8
346 3078 9
347 3084 6
348 3094 10
349 3104 10
350 3114 10
351 3123 9
352 3132 9
353 3141 9
354 3151 10
355 3161 10
356 3170 9
357 3180 10
358 3189 9
359 3199 10
360 3208 9
361 3215 7
362 3223 8
363 3230 7
364 3240 10
365 3248 8
366 3257 9
367 3266 9
368 3275 9
369 3285 10
370 3295 10
371 3305 10
372 3315 10
373 3325 10
374 3334 9
375 3343 9
376 3352 9
377 3361 9
378 3370 9
379 3379 9
380 3388 9
381 3396 8
382 3406 10
383 3415 9
384 3423 8
385 3432 9
386 3442 10
387 3452 10
388 3462 10
389 3471 9
390 3478 7
391 3486 8
392 3494 8
393 3503 9
394 3511 8
395 3519 8
396 3529 10
397 3539 10
398 3548 9
399 3557 9
400 3566 9
401 3575 9
402 3585 10
403 3593 8
404 3603 10
405 3612 9
406 3621 9
407 3630 9
408 3639 9
409 3648 9
410 3658 10
411 3668 10
412 3676 8
413 3686 10
414 3695 9
415 3704 9
416 3714 10
417 3724 10
418 3734 10
419 3741 7
420 3750 9
421 3759 9
422 3769 10
423 3777 8
424 3786 9
425 3794 8
426 3802 8
427 3811 9
428 3821 10
429 3830 9
430 3840 10
431 3850 10
432 3859 9
433 3869 10
434 3878 9
435 3887 9
436 3897 10
437 3907 10
438 3915 8
439 3925 10
440 3935 10
441 3945 10
442 3954 9
443 3963 9
444 3973 10
445 3982 9
446 3992 10
447 4002 10
448 4010 8
449 4017 7
450 4027 10
451 4037 10
452 4046 9
453 4055 9
454 4064 9
455 4074 10
456 4084 10
457 4093 9
458 4102 9
459 4109 7
460 4119 10
461 4129 10
462 4138 9
463 4148 10
464 4157 9
465 4167 10
466 4177 10
467 4187 10
468 4197 10
469 4205 8
470 4214 9
471 4223 9
472 4233 10
473 4243 10
474 4253 10
475 4263 10
476 4272 9
477 4281 9
478 4291 10
479 4301 10
480 4310 9
481 4319 9
482 4327 8
483 4336 9
484 4346 10
485 4356 10
486 4364 8
487 4374 10
488 4384 10
489 4394 10
490 4404 10
491 4414 10
492 4424 10
493 4433 9
494 4443 10
495 4451 8
496 4461 10
497 4469 8
498 4478 9
499 4487 9
500 4497 10
