1 7 7
2 14 7
3 20 6
4 25 5
5 31 6
6 38 7
7 45 7
8 54 9
9 61 7
10 69 8
11 76 7
12 83 7
13 93 10
14 102 9
15 111 9
16 116 5
17 123 7
18 130 7
19 138 8
20 147 9
21 157 10
22 165 8
23 169 4
24 179 10
25 187 8
26 197 10
27 206 9
28 213 7
29 221 8
30 227 6
31 233 6
32 242 9
33 249 7
34 258 9
35 267 9
36 277 10
37 287 10
38 297 10
39 305 8
40 313 8
41 322 9
42 330 8
43 339 9
44 349 10
45 357 8
46 366 9
47 374 8
48 381 7
49 390 9
50 398 8
51 406 8
52 414 8
53 423 9
54 433 10
55 442 9
56 450 8
57 460 10
58 469 9
59 477 8
60 486 9
61 493 7
62 501 8
63 511 10
64 519 8
65 529 10
66 536 7
67 546 10
68 554 8
69 564 10
70 574 10
71 584 10
72 592 8
73 601 9
74 611 10
75 619 8
76 628 9
77 635 7
78 644 9
79 653 9
80 662 9
81 670 8
82 680 10
83 690 10
84 697 7
85 707 10
86 714 7
87 723 9
88 732 9
89 741 9
90 751 10
91 760 9
92 769 9
93 779 10
94 789 10
95 798 9
96 807 9
97 815 8
98 824 9
99 832 8
100 842 10
101 852 10
102 861 9
103 869 8
104 877 8
105 886 9
106 894 8
107 902 8
108 910 8
109 918 8
110 927 9
111 934 7
112 943 9
113 951 8
114 961 10
115 969 8
116 979 10
117 988 9
118 998 10
119 1006 8
120 1015 9
121 1024 9
122 1034 10
123 1044 10
124 1053 9
125 1062 9
126 1071 9
127 1080 9
128 1087 7
129 1096 9
130 1102 6
131 1112 10
132 1121 9
133 1131 10
134 1137 6
135 1145 8
136 1152 7
137 1161 9
138 1170 9
139 1179 9
140 1188 9
141 1197 9
142 1207 10
143 1216 9
144 1225 9
145 1235 10
146 1244 9
147 1254 10
148 1263 9
149 1270 7
150 1279 9
151 1289 10
152 1299 10
153 1307 8
154 1316 9
155 1325 9
156 1334 9
157 1343 9
158 1353 10
159 1362 9
160 1371 9
161 1380 9
162 1389 9
163 1399 10
164 1409 10
165 1418 9
166 1427 9
167 1435 8
168 1444 9
169 1453 9
170 1463 10
171 1470 7
172 1480 10
173 1489 9
174 1498 9
175 1506 8
176 1516 10
177 1526 10
178 1536 10
179 1543 7
180 1551 8
181 1559 8
182 1568 9
183 1578 10
184 1586 8
185 1595 9
186 1604 9
187 1611 7
188 1620 9
189 1628 8
190 1637 9
191 1645 8
192 1654 9
193 1664 10
194 1674 10
195 1681 7
196 1690 9
197 1700 10
198 1709 9
199 1718 9
200 1727 9
201 1736 9
202 1745 9
203 1754 9
204 1763 9
205 1773 10
206 1782 9
207 1790 8
208 1799 9
209 1807 8
210 1814 7
211 1824 10
212 1834 10
213 1843 9
214 1852 9
215 1860 8
216 1868 8
217 1877 9
218 1887 10
219 1895 8
220 1902 7
221 1911 9
222 1921 10
223 1929 8
224 1938 9
225 1948 10
226 1956 8
227 1963 7
228 1973 10
229 1983 10
230 1993 10
231 2001 8
232 2009 8
233 2018 9
234 2026 8
235 2036 10
236 2045 9
237 2054 9
238 2062 8
239 2072 10
240 2081 9
241 2091 10
242 2100 9
243 2110 10
244 2119 9
245 2126 7
246 2135 9
247 2144 9
248 2153 9
249 2162 9
250 2171 9
251 2181 10
252 2190 9
253 2199 9
254 2208 9
255 2217 9
256 2225 8
257 2235 10
258 2245 10
259 2255 10
260 2264 9
261 2273 9
262 2283 10
263 2293 10
264 2303 10
265 2311 8
266 2320 9
267 2330 10
268 2340 10
269 2349 9
270 2358 9
271 2365 7
272 2375 10
273 2384 9
274 2394 10
275 2404 10
276 2412 8
277 2422 10
278 2431 9
279 2440 9
280 2450 10
281 2460 10
282 2468 8
283 2477 9
284 2485 8
285 2491 6
286 2499 8
287 2509 10
288 2519 10
289 2526 7
290 2534 8
291 2542 8
292 2551 9
293 2560 9
294 2570 10
295 2580 10
296 2590 10
297 2597 7
298 2607 10
299 2616 9
300 2626 10
301 2636 10
302 2646 10
303 2655 9
304 2664 9
305 2673 9
306 2682 9
307 2691 9
308 2700 9
309 2710 10
310 2720 10
311 2728 8
312 2737 9
313 2746 9
314 2755 9
315 2765 10
316 2774 9
317 2784 10
318 2793 9
319 2803 10
320 2812 9
321 2820 8
322 2827 7
323 2836 9
324 2846 10
325 2855 9
326 2864 9
327 2874 10
328 2883 9
329 2892 9
330 2901 9
331 2910 9
332 2919 9
333 2929 10
334 2939 10
335 2949 10
336 2958 9
337 2967 9
338 2976 9
339 2985 9
340 2995 10
341 3004 9
342 3014 10
343 3023 9
344 3032 9
345 3039 7
346 3049 10
347 3059 10
348 3068 9
349 3077 9
350 3085 8
351 3094 9
352 3103 9
353 3113 10
354 3120 7
355 3130 10
356 3139 9
357 3149 10
358 3159 10
359 3168 9
360 3176 8
361 3186 10
362 3195 9
363 3205 10
364 3213 8
365 3222 9
366 3229 7
367 3239 10
368 3249 10
369 3258 9
370 3267 9
371 3276 9
372 3285 9
373 3294 9
374 3303 9
375 3311 8
376 3320 9
377 3328 8
378 3338 10
379 3347 9
380 3356 9
381 3366 10
382 3375 9
383 3384 9
384 3394 10
385 3403 9
386 3413 10
387 3422 9
388 3432 10
389 3440 8
390 3448 8
391 3457 9
392 3466 9
393 3475 9
394 3484 9
395 3492 8
396 3502 10
397 3512 10
398 3522 10
399 3532 10
400 3540 8
401 3550 10
402 3559 9
403 3568 9
404 3575 7
405 3583 8
406 3593 10
407 3603 10
408 3613 10
409 3623 10
410 3633 10
411 3642 9
412 3651 9
413 3659 8
414 3669 10
415 3679 10
416 3689 10
417 3699 10
418 3708 9
419 3718 10
420 3728 10
421 3738 10
422 3747 9
423 3757 10
424 3767 10
425 3775 8
426 3785 10
427 3794 9
428 3804 10
429 3814 10
430 3823 9
431 3832 9
432 3842 10
433 3852 10
434 3862 10
435 3871 9
436 3879 8
437 3889 10
438 3898 9
439 3908 10
440 3916 8
441 3925 9
442 3934 9
443 3944 10
444 3954 10
445 3963 9
446 3972 9
447 3982 10
448 3991 9
449 3999 8
450 4008 9
451 4018 10
452 4028 10
453 4037 9
454 4046 9
455 4056 10
456 4066 10
457 4075 9
458 4085 10
459 4095 10
460 4104 9
461 4113 9
462 4121 8
463 4131 10
464 4141 10
465 4151 10
466 4160 9
467 4170 10
468 4180 10
469 4188 8
470 4196 8
471 4205 9
472 4215 10
473 4225 10
474 4235 10
475 4245 10
476 4254 9
477 4264 10
478 4273 9
479 4282 9
480 4291 9
481 4301 10
482 4311 10
483 4321 10
484 4331 10
485 4341 10
486 4350 9
487 4358 8
488 4367 9
489 4376 9
490 4385 9
491 4393 8
492 4401 8
493 4411 10
494 4420 9
495 4430 10
496 4440 10
497 4449 9
498 4457 8
499 4467 10
500 4475 8
