1 6 6
2 11 5
3 16 5
4 20 4
5 26 6
6 33 7
7 41 8
8 49 8
9 57 8
10 64 7
11 71 7
12 80 9
13 90 10
14 93 3
15 98 5
16 106 8
17 115 9
18 121 6
19 128 7
20 135 7
21 142 7
22 149 7
23 159 10
24 168 9
25 175 7
26 182 7
27 191 9
28 199 8
29 208 9
30 216 8
31 225 9
32 232 7
33 241 9
34 249 8
35 258 9
36 268 10
37 278 10
38 288 10
39 298 10
40 308 10
41 318 10
42 327 9
43 336 9
44 345 9
45 352 7
46 362 10
47 368 6
48 376 8
49 385 9
50 393 8
51 401 8
52 410 9
53 419 9
54 428 9
55 437 9
56 446 9
57 455 9
58 462 7
59 471 9
60 479 8
61 487 8
62 497 10
63 505 8
64 514 9
65 523 9
66 532 9
67 541 9
68 547 6
69 555 8
70 563 8
71 573 10
72 582 9
73 591 9
74 600 9
75 608 8
76 617 9
77 624 7
78 634 10
79 642 8
80 650 8
81 658 8
82 668 10
83 677 9
84 687 10
85 696 9
86 706 10
87 715 9
88 724 9
89 732 8
90 742 10
91 749 7
92 758 9
93 765 7
94 772 7
95 780 8
96 787 7
97 796 9
98 806 10
99 815 9
100 825 10
101 833 8
102 843 10
103 852 9
104 861 9
105 871 10
106 880 9
107 888 8
108 897 9
109 906 9
110 913 7
111 921 8
112 931 10
113 939 8
114 947 8
115 957 10
116 966 9
117 976 10
118 985 9
119 994 9
120 1004 10
121 1014 10
122 1023 9
123 1032 9
124 1041 9
125 1050 9
126 1059 9
127 1067 8
128 1075 8
129 1084 9
130 1092 8
131 1101 9
132 1111 10
133 1119 8
134 1129 10
135 1138 9
136 1148 10
137 1157 9
138 1166 9
139 1175 9
140 1185 10
141 1195 10
142 1203 8
143 1213 10
144 1222 9
145 1232 10
146 1241 9
147 1250 9
148 1259 9
149 1268 9
150 1278 10
151 1288 10
152 1295 7
153 1305 10
154 1314 9
155 1322 8
156 1332 10
157 1342 10
158 1350 8
159 1360 10
160 1367 7
161 1377 10
162 1385 8
163 1392 7
164 1402 10
165 1409 7
166 1419 10
167 1429 10
168 1439 10
169 1448 9
170 1457 9
171 1466 9
172 1474 8
173 1484 10
174 1493 9
175 1503 10
176 1513 10
177 1522 9
178 1531 9
179 1541 10
180 1551 10
181 1561 10
182 1571 10
183 1580 9
184 1589 9
185 1598 9
186 1608 10
187 1617 9
188 1625 8
189 1635 10
190 1645 10
191 1653 8
192 1662 9
193 1672 10
194 1680 8
195 1690 10
196 1700 10
197 1709 9
198 1719 10
199 1728 9
200 1738 10
201 1747 9
202 1756 9
203 1763 7
204 1773 10
205 1782 9
206 1791 9
207 1799 8
208 1809 10
209 1819 10
210 1827 8
211 1834 7
212 1840 6
213 1849 9
214 1858 9
215 1867 9
216 1876 9
217 1886 10
218 1895 9
219 1904 9
220 1913 9
221 1921 8
222 1929 8
223 1938 9
224 1948 10
225 1956 8
226 1963 7
227 1971 8
228 1981 10
229 1991 10
230 1998 7
231 2007 9
232 2014 7
233 2024 10
234 2033 9
235 2043 10
236 2053 10
237 2063 10
238 2072 9
239 2082 10
240 2091 9
241 2101 10
242 2111 10
243 2121 10
244 2129 8
245 2137 8
246 2145 8
247 2155 10
248 2162 7
249 2171 9
250 2179 8
251 2189 10
252 2199 10
253 2206 7
254 2216 10
255 2226 10
256 2236 10
257 2245 9
258 2254 9
259 2264 10
260 2272 8
261 2280 8
262 2288 8
263 2297 9
264 2307 10
265 2317 10
266 2326 9
267 2336 10
268 2345 9
269 2352 7
270 2361 9
271 2368 7
272 2378 10
273 2388 10
274 2395 7
275 2404 9
276 2412 8
277 2421 9
278 2430 9
279 2439 9
280 2447 8
281 2457 10
282 2466 9
283 2476 10
284 2484 8
285 2493 9
286 2502 9
287 2511 9
288 2520 9
289 2529 9
290 2538 9
291 2547 9
292 2556 9
293 2566 10
294 2576 10
295 2585 9
296 2595 10
297 2602 7
298 2611 9
299 2620 9
300 2630 10
301 2640 10
302 2649 9
303 2659 10
304 2668 9
305 2678 10
306 2687 9
307 2696 9
308 2704 8
309 2714 10
310 2724 10
311 2734 10
312 2744 10
313 2752 8
314 2761 9
315 2768 7
316 2777 9
317 2786 9
318 2795 9
319 2805 10
320 2815 10
321 2824 9
322 2834 10
323 2843 9
324 2851 8
325 2861 10
326 2870 9
327 2878 8
328 2888 10
329 2898 10
330 2907 9
331 2916 9
332 2925 9
333 2934 9
334 2944 10
335 2953 9
336 2962 9
337 2972 10
338 2981 9
339 2990 9
340 2999 9
341 3008 9
342 3018 10
343 3026 8
344 3036 10
345 3046 10
346 3055 9
347 3062 7
348 3071 9
349 3080 9
350 3088 8
351 3096 8
352 3105 9
353 3113 8
354 3123 10
355 3131 8
356 3140 9
357 3150 10
358 3159 9
359 3169 10
360 3179 10
361 3189 10
362 3199 10
363 3209 10
364 3218 9
365 3228 10
366 3238 10
367 3247 9
368 3257 10
369 3267 10
370 3277 10
371 3284 7
372 3293 9
373 3301 8
374 3310 9
375 3320 10
376 3328 8
377 3337 9
378 3347 10
379 3356 9
380 3365 9
381 3375 10
382 3385 10
383 3394 9
384 3404 10
385 3413 9
386 3423 10
387 3433 10
388 3443 10
389 3452 9
390 3462 10
391 3472 10
392 3480 8
393 3490 10
394 3500 10
395 3508 8
396 3517 9
397 3526 9
398 3536 10
399 3545 9
400 3554 9
401 3564 10
402 3573 9
403 3581 8
404 3591 10
405 3601 10
406 3610 9
407 3620 10
408 3629 9
409 3637 8
410 3646 9
411 3654 8
412 3664 10
413 3673 9
414 3683 10
415 3692 9
416 3702 10
417 3712 10
418 3722 10
419 3732 10
420 3741 9
421 3751 10
422 3760 9
423 3769 9
424 3779 10
425 3788 9
426 3795 7
427 3803 8
428 3812 9
429 3822 10
430 3832 10
431 3840 8
432 3849 9
433 3857 8
434 3866 9
435 3873 7
436 3883 10
437 3890 7
438 3899 9
439 3909 10
440 3919 10
441 3929 10
442 3938 9
443 3948 10
444 3957 9
445 3966 9
446 3976 10
447 3985 9
448 3995 10
449 4004 9
450 4014 10
451 4024 10
452 4032 8
453 4040 8
454 4046 6
455 4056 10
456 4064 8
457 4074 10
458 4083 9
459 4091 8
460 4100 9
461 4110 10
462 4120 10
463 4130 10
464 4140 10
465 4150 10
466 4160 10
467 4170 10
468 4179 9
469 4188 9
470 4197 9
471 4207 10
472 4216 9
473 4226 10
474 4236 10
475 4246 10
476 4256 10
477 4266 10
478 4276 10
479 4285 9
480 4295 10
481 4305 10
482 4313 8
483 4322 9
484 4332 10
485 4341 9
486 4348 7
487 4357 9
488 4365 8
489 4373 8
490 4383 10
491 4393 10
492 4403 10
493 4412 9
494 4422 10
495 4429 7
496 4437 8
497 4447 10
498 4457 10
499 4466 9
500 4476 10
