1 4 4
2 10 6
3 16 6
4 20 4
5 26 6
6 29 3
7 37 8
8 46 9
9 54 8
10 62 8
11 70 8
12 76 6
13 83 7
14 90 7
15 99 9
16 105 6
17 114 9
18 120 6
19 129 9
20 138 9
21 143 5
22 149 6
23 158 9
24 167 9
25 177 10
26 187 10
27 194 7
28 202 8
29 209 7
30 218 9
31 227 9
32 235 8
33 245 10
34 252 7
35 260 8
36 270 10
37 279 9
38 287 8
39 296 9
40 305 9
41 313 8
42 321 8
43 327 6
44 337 10
45 344 7
46 353 9
47 360 7
48 368 8
49 378 10
50 388 10
51 397 9
52 405 8
53 413 8
54 421 8
55 429 8
56 438 9
57 447 9
58 454 7
59 464 10
60 474 10
61 481 7
62 489 8
63 498 9
64 507 9
65 516 9
66 524 8
67 532 8
68 541 9
69 550 9
70 557 7
71 567 10
72 576 9
73 585 9
74 593 8
75 602 9
76 612 10
77 622 10
78 632 10
79 641 9
80 649 8
81 657 8
82 665 8
83 673 8
84 682 9
85 691 9
86 699 8
87 708 9
88 717 9
89 727 10
90 737 10
91 747 10
92 756 9
93 764 8
94 769 5
95 778 9
96 788 10
97 798 10
98 807 9
99 817 10
100 827 10
101 835 8
102 844 9
103 853 9
104 862 9
105 871 9
106 880 9
107 889 9
108 898 9
109 907 9
110 915 8
111 924 9
112 934 10
113 943 9
114 953 10
115 963 10
116 973 10
117 982 9
118 992 10
119 1001 9
120 1010 9
121 1019 9
122 1028 9
123 1037 9
124 1047 10
125 1057 10
126 1067 10
127 1076 9
128 1085 9
129 1094 9
130 1103 9
131 1112 9
132 1121 9
133 1130 9
134 1139 9
135 1149 10
136 1159 10
137 1169 10
138 1179 10
139 1189 10
140 1199 10
141 1208 9
142 1214 6
143 1223 9
144 1231 8
145 1240 9
146 1249 9
147 1258 9
148 1267 9
149 1277 10
150 1287 10
151 1297 10
152 1304 7
153 1314 10
154 1323 9
155 1333 10
156 1343 10
157 1349 6
158 1358 9
159 1368 10
160 1378 10
161 1387 9
162 1395 8
163 1405 10
164 1411 6
165 1420 9
166 1430 10
167 1438 8
168 1446 8
169 1456 10
170 1466 10
171 1476 10
172 1486 10
173 1496 10
174 1505 9
175 1513 8
176 1523 10
177 1532 9
178 1542 10
179 1552 10
180 1560 8
181 1568 8
182 1577 9
183 1586 9
184 1596 10
185 1604 8
186 1614 10
187 1624 10
188 1633 9
189 1643 10
190 1652 9
191 1662 10
192 1669 7
193 1679 10
194 1686 7
195 1696 10
196 1706 10
197 1715 9
198 1725 10
199 1735 10
200 1745 10
201 1753 8
202 1762 9
203 1771 9
204 1780 9
205 1789 9
206 1797 8
207 1805 8
208 1813 8
209 1822 9
210 1831 9
211 1840 9
212 1849 9
213 1858 9
214 1868 10
215 1878 10
216 1887 9
217 1896 9
218 1906 10
219 1914 8
220 1924 10
221 1934 10
222 1943 9
223 1952 9
224 1960 8
225 1969 9
226 1979 10
227 1988 9
228 1998 10
229 2007 9
230 2016 9
231 2023 7
232 2033 10
233 2040 7
234 2050 10
235 2060 10
236 2070 10
237 2080 10
238 2088 8
239 2094 6
240 2101 7
241 2111 10
242 2120 9
243 2130 10
244 2140 10
245 2149 9
246 2159 10
247 2164 5
248 2172 8
249 2182 10
250 2192 10
251 2202 10
252 2210 8
253 2220 10
254 2228 8
255 2238 10
256 2247 9
257 2256 9
258 2266 10
259 2275 9
260 2285 10
261 2295 10
262 2304 9
263 2313 9
264 2321 8
265 2331 10
266 2340 9
267 2349 9
268 2357 8
269 2367 10
270 2377 10
271 2387 10
272 2397 10
273 2405 8
274 2415 10
275 2424 9
276 2434 10
277 2443 9
278 2452 9
279 2462 10
280 2472 10
281 2481 9
282 2490 9
283 2499 9
284 2507 8
285 2516 9
286 2525 9
287 2534 9
288 2544 10
289 2554 10
290 2564 10
291 2572 8
292 2582 10
293 2591 9
294 2598 7
295 2608 10
296 2618 10
297 2627 9
298 2636 9
299 2646 10
300 2655 9
301 2665 10
302 2673 8
303 2682 9
304 2690 8
305 2700 10
306 2709 9
307 2719 10
308 2728 9
309 2736 8
310 2744 8
311 2753 9
312 2761 8
313 2770 9
314 2779 9
315 2789 10
316 2799 10
317 2809 10
318 2818 9
319 2828 10
320 2835 7
321 2842 7
322 2851 9
323 2859 8
324 2869 10
325 2879 10
326 2888 9
327 2897 9
328 2907 10
329 2916 9
330 2925 9
331 2934 9
332 2944 10
333 2954 10
334 2964 10
335 2973 9
336 2980 7
337 2989 9
338 2995 6
339 3005 10
340 3013 8
341 3021 8
342 3028 7
343 3037 9
344 3047 10
345 3056 9
346 3066 10
347 3076 10
348 3085 9
349 3092 7
350 3102 10
351 3111 9
352 3120 9
353 3128 8
354 3138 10
355 3148 10
356 3158 10
357 3168 10
358 3177 9
359 3186 9
360 3195 9
361 3204 9
362 3213 9
363 3223 10
364 3232 9
365 3241 9
366 3250 9
367 3259 9
368 3266 7
369 3275 9
370 3285 10
371 3295 10
372 3305 10
373 3314 9
374 3323 9
375 3333 10
376 3343 10
377 3353 10
378 3362 9
379 3372 10
380 3380 8
381 3389 9
382 3399 10
383 3409 10
384 3419 10
385 3427 8
386 3437 10
387 3446 9
388 3456 10
389 3466 10
390 3474 8
391 3483 9
392 3493 10
393 3502 9
394 3512 10
395 3520 8
396 3530 10
397 3539 9
398 3549 10
399 3558 9
400 3568 10
401 3578 10
402 3588 10
403 3598 10
404 3608 10
405 3617 9
406 3626 9
407 3636 10
408 3645 9
409 3652 7
410 3662 10
411 3671 9
412 3679 8
413 3689 10
414 3699 10
415 3709 10
416 3718 9
417 3728 10
418 3737 9
419 3746 9
420 3754 8
421 3761 7
422 3770 9
423 3779 9
424 3788 9
425 3797 9
426 3807 10
427 3815 8
428 3825 10
429 3835 10
430 3844 9
431 3853 9
432 3861 8
433 3871 10
434 3878 7
435 3887 9
436 3896 9
437 3906 10
438 3913 7
439 3922 9
440 3931 9
441 3939 8
442 3948 9
443 3955 7
444 3964 9
445 3973 9
446 3983 10
447 3991 8
448 4000 9
449 4010 10
450 4020 10
451 4029 9
452 4039 10
453 4048 9
454 4058 10
455 4067 9
456 4077 10
457 4087 10
458 4096 9
459 4106 10
460 4116 10
461 4125 9
462 4133 8
463 4141 8
464 4150 9
465 4159 9
466 4168 9
467 4177 9
468 4186 9
469 4195 9
470 4204 9
471 4214 10
472 4224 10
473 4234 10
474 4244 10
475 4254 10
476 4264 10
477 4272 8
478 4282 10
479 4291 9
480 4299 8
481 4308 9
482 4317 9
483 4327 10
484 4337 10
485 4347 10
486 4357 10
487 4366 9
488 4376 10
489 4385 9
490 4393 8
491 4403 10
492 4412 9
493 4422 10
494 4432 10
495 4442 10
496 4451 9
497 4460 9
498 4470 10
499 4480 10
500 4488 8
