1 7 7
2 13 6
3 19 6
4 23 4
5 27 4
6 36 9
7 42 6
8 51 9
9 57 6
10 64 7
11 73 9
12 80 7
13 87 7
14 92 5
15 99 7
16 106 7
17 114 8
18 121 7
19 129 8
20 136 7
21 142 6
22 149 7
23 157 8
24 164 7
25 174 10
26 183 9
27 191 8
28 196 5
29 203 7
30 212 9
31 222 10
32 231 9
33 240 9
34 249 9
35 259 10
36 268 9
37 277 9
38 285 8
39 292 7
40 301 9
41 309 8
42 316 7
43 325 9
44 331 6
45 338 7
46 345 7
47 354 9
48 363 9
49 372 9
50 381 9
51 391 10
52 400 9
53 409 9
54 419 10
55 429 10
56 436 7
57 444 8
58 454 10
59 461 7
60 470 9
61 475 5
62 484 9
63 494 10
64 502 8
65 511 9
66 519 8
67 527 8
68 536 9
69 546 10
70 555 9
71 562 7
72 571 9
73 581 10
74 588 7
75 597 9
76 606 9
77 613 7
78 622 9
79 631 9
80 640 9
81 648 8
82 655 7
83 663 8
84 672 9
85 681 9
86 690 9
87 695 5
88 703 8
89 712 9
90 721 9
91 730 9
92 739 9
93 748 9
94 755 7
95 765 10
96 775 10
97 785 10
98 795 10
99 804 9
100 813 9
101 823 10
102 832 9
103 840 8
104 848 8
105 858 10
106 868 10
107 876 8
108 885 9
109 894 9
110 903 9
111 912 9
112 921 9
113 931 10
114 941 10
115 951 10
116 961 10
117 968 7
118 978 10
119 987 9
120 997 10
121 1004 7
122 1013 9
123 1023 10
124 1033 10
125 1042 9
126 1050 8
127 1060 10
128 1068 8
129 1078 10
130 1088 10
131 1096 8
132 1105 9
133 1115 10
134 1125 10
135 1135 10
136 1144 9
137 1152 8
138 1160 8
139 1168 8
140 1176 8
141 1186 10
142 1193 7
143 1201 8
144 1211 10
145 1220 9
146 1228 8
147 1238 10
148 1247 9
149 1256 9
150 1264 8
151 1273 9
152 1282 9
153 1292 10
154 1301 9
155 1310 9
156 1320 10
157 1330 10
158 1340 10
159 1350 10
160 1359 9
161 1367 8
162 1377 10
163 1386 9
164 1395 9
165 1404 9
166 1413 9
167 1423 10
168 1430 7
169 1440 10
170 1449 9
171 1459 10
172 1468 9
173 1478 10
174 1486 8
175 1495 9
176 1505 10
177 1514 9
178 1523 9
179 1532 9
180 1542 10
181 1551 9
182 1561 10
183 1571 10
184 1579 8
185 1589 10
186 1598 9
187 1607 9
188 1616 9
189 1626 10
190 1633 7
191 1643 10
192 1651 8
193 1660 9
194 1670 10
195 1678 8
196 1687 9
197 1697 10
198 1707 10
199 1717 10
200 1727 10
201 1737 10
202 1747 10
203 1754 7
204 1763 9
205 1769 6
206 1778 9
207 1788 10
208 1796 8
209 1804 8
210 1812 8
211 1821 9
212 1830 9
213 1838 8
214 1848 10
215 1858 10
216 1867 9
217 1876 9
218 1885 9
219 1895 10
220 1903 8
221 1911 8
222 1920 9
223 1929 9
224 1938 9
225 1945 7
226 1955 10
227 1964 9
228 1973 9
229 1982 9
230 1991 9
231 2001 10
232 2011 10
233 2021 10
234 2029 8
235 2037 8
236 2047 10
237 2055 8
238 2064 9
239 2074 10
240 2081 7
241 2090 9
242 2100 10
243 2109 9
244 2117 8
245 2126 9
246 2135 9
247 2144 9
248 2152 8
249 2161 9
250 2170 9
251 2178 8
252 2187 9
253 2196 9
254 2204 8
255 2213 9
256 2222 9
257 2230 8
258 2239 9
259 2249 10
260 2259 10
261 2269 10
262 2277 8
263 2286 9
264 2296 10
265 2305 9
266 2315 10
267 2325 10
268 2335 10
269 2345 10
270 2354 9
271 2364 10
272 2372 8
273 2381 9
274 2391 10
275 2401 10
276 2408 7
277 2418 10
278 2427 9
279 2436 9
280 2444 8
281 2452 8
282 2462 10
283 2471 9
284 2479 8
285 2488 9
286 2498 10
287 2507 9
288 2516 9
289 2523 7
290 2531 8
291 2541 10
292 2550 9
293 2559 9
294 2568 9
295 2578 10
296 2587 9
297 2595 8
298 2605 10
299 2614 9
300 2624 10
301 2634 10
302 2643 9
303 2653 10
304 2660 7
305 2669 9
306 2679 10
307 2688 9
308 2697 9
309 2706 9
310 2713 7
311 2723 10
312 2733 10
313 2742 9
314 2752 10
315 2762 10
316 2771 9
317 2779 8
318 2789 10
319 2798 9
320 2808 10
321 2818 10
322 2828 10
323 2835 7
324 2844 9
325 2852 8
326 2860 8
327 2869 9
328 2878 9
329 2888 10
330 2898 10
331 2908 10
332 2916 8
333 2926 10
334 2934 8
335 2943 9
336 2953 10
337 2962 9
338 2972 10
339 2982 10
340 2990 8
341 2999 9
342 3009 10
343 3018 9
344 3027 9
345 3037 10
346 3046 9
347 3053 7
348 3062 9
349 3069 7
350 3079 10
351 3089 10
352 3099 10
353 3108 9
354 3117 9
355 3126 9
356 3136 10
357 3145 9
358 3155 10
359 3163 8
360 3172 9
361 3181 9
362 3189 8
363 3199 10
364 3208 9
365 3216 8
366 3226 10
367 3235 9
368 3244 9
369 3253 9
370 3258 5
371 3267 9
372 3275 8
373 3285 10
374 3295 10
375 3305 10
376 3315 10
377 3323 8
378 3332 9
379 3342 10
380 3351 9
381 3361 10
382 3370 9
383 3378 8
384 3388 10
385 3398 10
386 3407 9
387 3417 10
388 3427 10
389 3435 8
390 3445 10
391 3455 10
392 3464 9
393 3472 8
394 3482 10
395 3492 10
396 3502 10
397 3512 10
398 3522 10
399 3532 10
400 3540 8
401 3550 10
402 3559 9
403 3568 9
404 3576 8
405 3586 10
406 3594 8
407 3601 7
408 3609 8
409 3619 10
410 3628 9
411 3638 10
412 3647 9
413 3655 8
414 3665 10
415 3672 7
416 3681 9
417 3691 10
418 3701 10
419 3710 9
420 3718 8
421 3726 8
422 3735 9
423 3745 10
424 3753 8
425 3762 9
426 3772 10
427 3782 10
428 3791 9
429 3800 9
430 3809 9
431 3818 9
432 3828 10
433 3838 10
434 3848 10
435 3858 10
436 3867 9
437 3877 10
438 3885 8
439 3895 10
440 3905 10
441 3915 10
442 3925 10
443 3934 9
444 3944 10
445 3953 9
446 3962 9
447 3970 8
448 3980 10
449 3988 8
450 3997 9
451 4006 9
452 4015 9
453 4025 10
454 4035 10
455 4044 9
456 4053 9
457 4062 9
458 4071 9
459 4081 10
460 4090 9
461 4100 10
462 4110 10
463 4119 9
464 4129 10
465 4138 9
466 4147 9
467 4156 9
468 4164 8
469 4174 10
470 4182 8
471 4192 10
472 4202 10
473 4211 9
474 4221 10
475 4231 10
476 4241 10
477 4249 8
478 4258 9
479 4267 9
480 4277 10
481 4287 10
482 4296 9
483 4306 10
484 4316 10
485 4326 10
486 4336 10
487 4345 9
488 4354 9
489 4364 10
490 4373 9
491 4382 9
492 4390 8
493 4399 9
494 4409 10
495 4418 9
496 4427 9
497 4432 5
498 4442 10
499 4452 10
500 4461 9
