1 6 6
2 14 8
3 21 7
4 24 3
5 30 6
6 35 5
7 41 6
8 46 5
9 52 6
10 60 8
11 67 7
12 76 9
13 84 8
14 93 9
15 101 8
16 109 8
17 117 8
18 125 8
19 134 9
20 143 9
21 150 7
22 158 8
23 166 8
24 174 8
25 183 9
26 191 8
27 199 8
28 208 9
29 217 9
30 225 8
31 233 8
32 241 8
33 249 8
34 257 8
35 264 7
36 274 10
37 283 9
38 292 9
39 300 8
40 309 9
41 319 10
42 329 10
43 337 8
44 347 10
45 355 8
46 363 8
47 371 8
48 380 9
49 388 8
50 397 9
51 405 8
52 413 8
53 419 6
54 427 8
55 435 8
56 442 7
57 451 9
58 459 8
59 468 9
60 478 10
61 488 10
62 496 8
63 503 7
64 513 10
65 523 10
66 532 9
67 540 8
68 548 8
69 557 9
70 565 8
71 573 8
72 583 10
73 591 8
74 599 8
75 607 8
76 616 9
77 626 10
78 635 9
79 643 8
80 652 9
81 661 9
82 671 10
83 681 10
84 690 9
85 697 7
86 705 8
87 713 8
88 722 9
89 730 8
90 740 10
91 748 8
92 758 10
93 765 7
94 774 9
95 783 9
96 792 9
97 801 9
98 811 10
99 819 8
100 828 9
101 835 7
102 845 10
103 853 8
104 862 9
105 871 9
106 878 7
107 886 8
108 895 9
109 905 10
110 915 10
111 924 9
112 934 10
113 942 8
114 952 10
115 959 7
116 968 9
117 978 10
118 988 10
119 997 9
120 1007 10
121 1016 9
122 1022 6
123 1031 9
124 1040 9
125 1050 10
126 1060 10
127 1069 9
128 1079 10
129 1089 10
130 1099 10
131 1109 10
132 1119 10
133 1127 8
134 1134 7
135 1143 9
136 1152 9
137 1161 9
138 1170 9
139 1179 9
140 1189 10
141 1199 10
142 1209 10
143 1219 10
144 1226 7
145 1234 8
146 1243 9
147 1253 10
148 1262 9
149 1271 9
150 1279 8
151 1289 10
152 1297 8
153 1305 8
154 1314 9
155 1323 9
156 1331 8
157 1341 10
158 1349 8
159 1358 9
160 1368 10
161 1377 9
162 1387 10
163 1397 10
164 1406 9
165 1414 8
166 1423 9
167 1432 9
168 1442 10
169 1451 9
170 1459 8
171 1469 10
172 1478 9
173 1486 8
174 1494 8
175 1504 10
176 1513 9
177 1522 9
178 1531 9
179 1538 7
180 1547 9
181 1556 9
182 1566 10
183 1575 9
184 1585 10
185 1594 9
186 1603 9
187 1611 8
188 1619 8
189 1628 9
190 1638 10
191 1647 9
192 1655 8
193 1665 10
194 1674 9
195 1684 10
196 1694 10
197 1704 10
198 1714 10
199 1724 10
200 1732 8
201 1742 10
202 1752 10
203 1761 9
204 1769 8
205 1777 8
206 1786 9
207 1795 9
208 1804 9
209 1814 10
210 1822 8
211 1832 10
212 1841 9
213 1849 8
214 1859 10
215 1869 10
216 1879 10
217 1887 8
218 1897 10
219 1906 9
220 1916 10
221 1924 8
222 1934 10
223 1943 9
224 1952 9
225 1962 10
226 1972 10
227 1981 9
228 1991 10
229 2001 10
230 2010 9
231 2020 10
232 2028 8
233 2038 10
234 2047 9
235 2056 9
236 2065 9
237 2073 8
238 2081 8
239 2091 10
240 2101 10
241 2111 10
242 2118 7
243 2125 7
244 2133 8
245 2142 9
246 2151 9
247 2160 9
248 2169 9
249 2179 10
250 2188 9
251 2198 10
252 2208 10
253 2216 8
254 2225 9
255 2233 8
256 2241 8
257 2251 10
258 2260 9
259 2270 10
260 2278 8
261 2287 9
262 2296 9
263 2305 9
264 2315 10
265 2323 8
266 2333 10
267 2342 9
268 2351 9
269 2360 9
270 2370 10
271 2380 10
272 2389 9
273 2397 8
274 2407 10
275 2416 9
276 2426 10
277 2434 8
278 2443 9
279 2451 8
280 2461 10
281 2471 10
282 2480 9
283 2490 10
284 2499 9
285 2506 7
286 2515 9
287 2524 9
288 2532 8
289 2541 9
290 2549 8
291 2557 8
292 2566 9
293 2574 8
294 2582 8
295 2592 10
296 2602 10
297 2611 9
298 2621 10
299 2630 9
300 2640 10
301 2648 8
302 2657 9
303 2667 10
304 2677 10
305 2687 10
306 2695 8
307 2705 10
308 2715 10
309 2724 9
310 2732 8
311 2738 6
312 2747 9
313 2756 9
314 2765 9
315 2774 9
316 2784 10
317 2792 8
318 2801 9
319 2810 9
320 2819 9
321 2829 10
322 2839 10
323 2849 10
324 2858 9
325 2868 10
326 2876 8
327 2885 9
328 2894 9
329 2902 8
330 2911 9
331 2919 8
332 2928 9
333 2936 8
334 2945 9
335 2954 9
336 2964 10
337 2973 9
338 2981 8
339 2989 8
340 2998 9
341 3008 10
342 3018 10
343 3028 10
344 3036 8
345 3045 9
346 3054 9
347 3062 8
348 3070 8
349 3079 9
350 3088 9
351 3097 9
352 3107 10
353 3116 9
354 3124 8
355 3133 9
356 3143 10
357 3153 10
358 3163 10
359 3173 10
360 3182 9
361 3191 9
362 3201 10
363 3211 10
364 3220 9
365 3230 10
366 3240 10
367 3249 9
368 3258 9
369 3265 7
370 3275 10
371 3285 10
372 3295 10
373 3303 8
374 3313 10
375 3322 9
376 3330 8
377 3338 8
378 3346 8
379 3356 10
380 3366 10
381 3376 10
382 3385 9
383 3394 9
384 3403 9
385 3413 10
386 3421 8
387 3431 10
388 3440 9
389 3449 9
390 3459 10
391 3468 9
392 3477 9
393 3486 9
394 3494 8
395 3504 10
396 3513 9
397 3523 10
398 3533 10
399 3542 9
400 3549 7
401 3558 9
402 3568 10
403 3577 9
404 3587 10
405 3597 10
406 3606 9
407 3615 9
408 3624 9
409 3633 9
410 3642 9
411 3652 10
412 3662 10
413 3672 10
414 3682 10
415 3691 9
416 3700 9
417 3707 7
418 3717 10
419 3726 9
420 3736 10
421 3745 9
422 3755 10
423 3763 8
424 3771 8
425 3781 10
426 3790 9
427 3798 8
428 3806 8
429 3816 10
430 3825 9
431 3835 10
432 3844 9
433 3852 8
434 3861 9
435 3870 9
436 3878 8
437 3888 10
438 3898 10
439 3908 10
440 3916 8
441 3926 10
442 3936 10
443 3946 10
444 3955 9
445 3962 7
446 3972 10
447 3981 9
448 3991 10
449 4001 10
450 4011 10
451 4019 8
452 4028 9
453 4038 10
454 4048 10
455 4057 9
456 4065 8
457 4075 10
458 4083 8
459 4093 10
460 4101 8
461 4110 9
462 4120 10
463 4130 10
464 4137 7
465 4146 9
466 4154 8
467 4164 10
468 4174 10
469 4184 10
470 4193 9
471 4203 10
472 4212 9
473 4222 10
474 4232 10
475 4242 10
476 4252 10
477 4261 9
478 4270 9
479 4280 10
480 4288 8
481 4297 9
482 4307 10
483 4317 10
484 4327 10
485 4335 8
486 4344 9
487 4353 9
488 4362 9
489 4372 10
490 4382 10
491 4389 7
492 4399 10
493 4409 10
494 4419 10
495 4428 9
496 4438 10
497 4448 10
498 4457 9
499 4466 9
500 4475 9
