1 5 5
2 9 4
3 16 7
4 23 7
5 28 5
6 32 4
7 38 6
8 44 6
9 50 6
10 59 9
11 64 5
12 73 9
13 79 6
14 87 8
15 94 7
16 100 6
17 110 10
18 118 8
19 126 8
20 136 10
21 143 7
22 150 7
23 159 9
24 168 9
25 176 8
26 185 9
27 193 8
28 202 9
29 212 10
30 220 8
31 228 8
32 236 8
33 242 6
34 250 8
35 258 8
36 266 8
37 275 9
38 283 8
39 292 9
40 300 8
41 308 8
42 318 10
43 328 10
44 337 9
45 347 10
46 355 8
47 364 9
48 373 9
49 383 10
50 391 8
51 399 8
52 409 10
53 418 9
54 426 8
55 432 6
56 441 9
57 449 8
58 458 9
59 466 8
60 476 10
61 484 8
62 493 9
63 500 7
64 510 10
65 518 8
66 527 9
67 535 8
68 543 8
69 551 8
70 561 10
71 570 9
72 579 9
73 589 10
74 599 10
75 608 9
76 616 8
77 626 10
78 632 6
79 641 9
80 650 9
81 658 8
82 664 6
83 673 9
84 680 7
85 685 5
86 693 8
87 703 10
88 713 10
89 722 9
90 729 7
91 737 8
92 745 8
93 755 10
94 765 10
95 775 10
96 784 9
97 791 7
98 800 9
99 810 10
100 820 10
101 830 10
102 840 10
103 850 10
104 859 9
105 865 6
106 873 8
107 883 10
108 890 7
109 898 8
110 908 10
111 917 9
112 924 7
113 934 10
114 942 8
115 951 9
116 959 8
117 969 10
118 978 9
119 986 8
120 995 9
121 1005 10
122 1015 10
123 1024 9
124 1033 9
125 1041 8
126 1050 9
127 1058 8
128 1067 9
129 1076 9
130 1086 10
131 1096 10
132 1105 9
133 1115 10
134 1123 8
135 1131 8
136 1140 9
137 1148 8
138 1155 7
139 1165 10
140 1173 8
141 1182 9
142 1191 9
143 1199 8
144 1208 9
145 1217 9
146 1227 10
147 1236 9
148 1245 9
149 1253 8
150 1263 10
151 1273 10
152 1281 8
153 1291 10
154 1299 8
155 1306 7
156 1313 7
157 1322 9
158 1332 10
159 1341 9
160 1350 9
161 1357 7
162 1365 8
163 1373 8
164 1382 9
165 1392 10
166 1402 10
167 1410 8
168 1419 9
169 1429 10
170 1438 9
171 1445 7
172 1453 8
173 1462 9
174 1470 8
175 1480 10
176 1490 10
177 1500 10
178 1509 9
179 1518 9
180 1528 10
181 1537 9
182 1545 8
183 1554 9
184 1564 10
185 1573 9
186 1581 8
187 1588 7
188 1597 9
189 1607 10
190 1617 10
191 1627 10
192 1637 10
193 1646 9
194 1654 8
195 1663 9
196 1673 10
197 1682 9
198 1691 9
199 1701 10
200 1710 9
201 1719 9
202 1729 10
203 1738 9
204 1748 10
205 1757 9
206 1767 10
207 1776 9
208 1785 9
209 1794 9
210 1803 9
211 1812 9
212 1819 7
213 1829 10
214 1838 9
215 1846 8
216 1854 8
217 1863 9
218 1873 10
219 1879 6
220 1889 10
221 1899 10
222 1909 10
223 1918 9
224 1927 9
225 1937 10
226 1947 10
227 1955 8
228 1965 10
229 1974 9
230 1984 10
231 1993 9
232 2003 10
233 2013 10
234 2022 9
235 2030 8
236 2039 9
237 2047 8
238 2057 10
239 2067 10
240 2076 9
241 2084 8
242 2093 9
243 2101 8
244 2111 10
245 2120 9
246 2128 8
247 2138 10
248 2147 9
249 2157 10
250 2167 10
251 2177 10
252 2186 9
253 2195 9
254 2205 10
255 2214 9
256 2223 9
257 2233 10
258 2242 9
259 2250 8
260 2258 8
261 2268 10
262 2278 10
263 2287 9
264 2297 10
265 2305 8
266 2313 8
267 2322 9
268 2332 10
269 2342 10
270 2352 10
271 2362 10
272 2370 8
273 2379 9
274 2389 10
275 2394 5
276 2403 9
277 2413 10
278 2422 9
279 2432 10
280 2442 10
281 2451 9
282 2461 10
283 2471 10
284 2480 9
285 2489 9
286 2498 9
287 2505 7
288 2513 8
289 2522 9
290 2530 8
291 2538 8
292 2548 10
293 2558 10
294 2567 9
295 2577 10
296 2587 10
297 2596 9
298 2605 9
299 2615 10
300 2625 10
301 2634 9
302 2644 10
303 2654 10
304 2664 10
305 2673 9
306 2682 9
307 2691 9
308 2700 9
309 2709 9
310 2718 9
311 2727 9
312 2736 9
313 2745 9
314 2755 10
315 2764 9
316 2773 9
317 2781 8
318 2790 9
319 2800 10
320 2810 10
321 2819 9
322 2826 7
323 2836 10
324 2844 8
325 2853 9
326 2863 10
327 2873 10
328 2882 9
329 2892 10
330 2899 7
331 2909 10
332 2919 10
333 2928 9
334 2937 9
335 2947 10
336 2957 10
337 2966 9
338 2976 10
339 2985 9
340 2995 10
341 3002 7
342 3012 10
343 3021 9
344 3030 9
345 3040 10
346 3046 6
347 3056 10
348 3065 9
349 3074 9
350 3082 8
351 3092 10
352 3099 7
353 3109 10
354 3119 10
355 3128 9
356 3136 8
357 3144 8
358 3154 10
359 3162 8
360 3172 10
361 3180 8
362 3189 9
363 3198 9
364 3207 9
365 3216 9
366 3224 8
367 3234 10
368 3244 10
369 3254 10
370 3263 9
371 3272 9
372 3282 10
373 3292 10
374 3301 9
375 3311 10
376 3321 10
377 3330 9
378 3340 10
379 3350 10
380 3359 9
381 3367 8
382 3376 9
383 3386 10
384 3395 9
385 3405 10
386 3414 9
387 3424 10
388 3434 10
389 3442 8
390 3451 9
391 3459 8
392 3468 9
393 3478 10
394 3487 9
395 3496 9
396 3505 9
397 3512 7
398 3520 8
399 3530 10
400 3539 9
401 3549 10
402 3557 8
403 3567 10
404 3576 9
405 3584 8
406 3592 8
407 3601 9
408 3611 10
409 3621 10
410 3631 10
411 3641 10
412 3647 6
413 3656 9
414 3664 8
415 3674 10
416 3683 9
417 3692 9
418 3700 8
419 3709 9
420 3718 9
421 3727 9
422 3736 9
423 3746 10
424 3756 10
425 3766 10
426 3775 9
427 3785 10
428 3795 10
429 3805 10
430 3814 9
431 3822 8
432 3832 10
433 3842 10
434 3851 9
435 3859 8
436 3868 9
437 3876 8
438 3883 7
439 3893 10
440 3903 10
441 3912 9
442 3922 10
443 3931 9
444 3939 8
445 3948 9
446 3958 10
447 3967 9
448 3974 7
449 3982 8
450 3991 9
451 4001 10
452 4010 9
453 4018 8
454 4028 10
455 4037 9
456 4045 8
457 4055 10
458 4064 9
459 4073 9
460 4083 10
461 4093 10
462 4101 8
463 4109 8
464 4117 8
465 4127 10
466 4137 10
467 4145 8
468 4153 8
469 4162 9
470 4169 7
471 4179 10
472 4188 9
473 4197 9
474 4206 9
475 4216 10
476 4226 10
477 4235 9
478 4245 10
479 4254 9
480 4262 8
481 4272 10
482 4279 7
483 4289 10
484 4297 8
485 4307 10
486 4316 9
487 4325 9
488 4334 9
489 4342 8
490 4352 10
491 4360 8
492 4369 9
493 4378 9
494 4387 9
495 4397 10
496 4407 10
497 4415 8
498 4425 10
499 4435 10
500 4445 10
