1 6 6
2 12 6
3 21 9
4 23 2
5 31 8
6 38 7
7 45 7
8 52 7
9 60 8
10 68 8
11 75 7
12 82 7
13 87 5
14 97 10
15 107 10
16 116 9
17 124 8
18 133 9
19 139 6
20 147 8
21 157 10
22 165 8
23 173 8
24 182 9
25 190 8
26 199 9
27 207 8
28 216 9
29 225 9
30 235 10
31 243 8
32 249 6
33 256 7
34 265 9
35 274 9
36 282 8
37 291 9
38 301 10
39 310 9
40 319 9
41 327 8
42 335 8
43 343 8
44 351 8
45 360 9
46 370 10
47 377 7
48 385 8
49 395 10
50 404 9
51 414 10
52 422 8
53 431 9
54 440 9
55 449 9
56 459 10
57 467 8
58 475 8
59 484 9
60 494 10
61 502 8
62 512 10
63 521 9
64 531 10
65 540 9
66 550 10
67 560 10
68 569 9
69 578 9
70 588 10
71 598 10
72 607 9
73 617 10
74 624 7
75 633 9
76 643 10
77 652 9
78 660 8
79 669 9
80 678 9
81 688 10
82 696 8
83 705 9
84 715 10
85 723 8
86 733 10
87 742 9
88 750 8
89 760 10
90 769 9
91 778 9
92 788 10
93 795 7
94 804 9
95 813 9
96 823 10
97 833 10
98 842 9
99 850 8
100 860 10
101 870 10
102 879 9
103 889 10
104 897 8
105 907 10
106 916 9
107 925 9
108 935 10
109 945 10
110 954 9
111 963 9
112 972 9
113 982 10
114 991 9
115 999 8
116 1006 7
117 1015 9
118 1021 6
119 1031 10
120 1041 10
121 1051 10
122 1059 8
123 1069 10
124 1079 10
125 1089 10
126 1097 8
127 1106 9
128 1114 8
129 1124 10
130 1133 9
131 1143 10
132 1153 10
133 1162 9
134 1172 10
135 1182 10
136 1191 9
137 1201 10
138 1210 9
139 1217 7
140 1227 10
141 1236 9
142 1245 9
143 1254 9
144 1263 9
145 1272 9
146 1281 9
147 1290 9
148 1299 9
149 1308 9
150 1318 10
151 1326 8
152 1335 9
153 1345 10
154 1355 10
155 1364 9
156 1374 10
157 1382 8
158 1392 10
159 1402 10
160 1411 9
161 1421 10
162 1429 8
163 1438 9
164 1447 9
165 1454 7
166 1463 9
167 1473 10
168 1482 9
169 1492 10
170 1502 10
171 1512 10
172 1521 9
173 1531 10
174 1540 9
175 1548 8
176 1558 10
177 1567 9
178 1575 8
179 1583 8
180 1593 10
181 1600 7
182 1610 10
183 1619 9
184 1629 10
185 1639 10
186 1649 10
187 1658 9
188 1668 10
189 1677 9
190 1687 10
191 1696 9
192 1706 10
193 1715 9
194 1725 10
195 1735 10
196 1744 9
197 1754 10
198 1764 10
199 1773 9
200 1783 10
201 1792 9
202 1801 9
203 1811 10
204 1821 10
205 1831 10
206 1840 9
207 1849 9
208 1858 9
209 1867 9
210 1876 9
211 1886 10
212 1895 9
213 1904 9
214 1913 9
215 1923 10
216 1933 10
217 1943 10
218 1953 10
219 1962 9
220 1971 9
221 1981 10
222 1991 10
223 2001 10
224 2010 9
225 2019 9
226 2029 10
227 2039 10
228 2047 8
229 2057 10
230 2066 9
231 2073 7
232 2081 8
233 2089 8
234 2099 10
235 2108 9
236 2117 9
237 2127 10
238 2137 10
239 2143 6
240 2151 8
241 2160 9
242 2170 10
243 2178 8
244 2186 8
245 2195 9
246 2204 9
247 2213 9
248 2223 10
249 2233 10
250 2243 10
251 2253 10
252 2263 10
253 2272 9
254 2282 10
255 2292 10
256 2301 9
257 2311 10
258 2320 9
259 2330 10
260 2340 10
261 2350 10
262 2359 9
263 2369 10
264 2379 10
265 2388 9
266 2398 10
267 2407 9
268 2417 10
269 2427 10
270 2437 10
271 2446 9
272 2455 9
273 2463 8
274 2472 9
275 2482 10
276 2492 10
277 2500 8
278 2510 10
279 2519 9
280 2528 9
281 2538 10
282 2547 9
283 2557 10
284 2565 8
285 2574 9
286 2583 9
287 2592 9
288 2601 9
289 2610 9
290 2620 10
291 2630 10
292 2640 10
293 2648 8
294 2658 10
295 2668 10
296 2677 9
297 2686 9
298 2696 10
299 2706 10
300 2715 9
301 2724 9
302 2732 8
303 2741 9
304 2751 10
305 2760 9
306 2769 9
307 2779 10
308 2786 7
309 2795 9
310 2804 9
311 2814 10
312 2824 10
313 2832 8
314 2842 10
315 2852 10
316 2861 9
317 2871 10
318 2881 10
319 2890 9
320 2900 10
321 2910 10
322 2919 9
323 2927 8
324 2937 10
325 2945 8
326 2955 10
327 2964 9
328 2973 9
329 2982 9
330 2991 9
331 3001 10
332 3010 9
333 3020 10
334 3030 10
335 3040 10
336 3049 9
337 3057 8
338 3067 10
339 3075 8
340 3085 10
341 3094 9
342 3103 9
343 3113 10
344 3121 8
345 3131 10
346 3139 8
347 3148 9
348 3158 10
349 3168 10
350 3178 10
351 3187 9
352 3196 9
353 3206 10
354 3216 10
355 3225 9
356 3235 10
357 3244 9
358 3251 7
359 3261 10
360 3271 10
361 3280 9
362 3289 9
363 3297 8
364 3307 10
365 3316 9
366 3325 9
367 3334 9
368 3343 9
369 3351 8
370 3361 10
371 3371 10
372 3379 8
373 3389 10
374 3399 10
375 3408 9
376 3416 8
377 3425 9
378 3433 8
379 3443 10
380 3452 9
381 3462 10
382 3471 9
383 3481 10
384 3491 10
385 3499 8
386 3509 10
387 3519 10
388 3528 9
389 3535 7
390 3545 10
391 3553 8
392 3563 10
393 3572 9
394 3582 10
395 3591 9
396 3599 8
397 3608 9
398 3617 9
399 3627 10
400 3634 7
401 3644 10
402 3654 10
403 3662 8
404 3672 10
405 3681 9
406 3688 7
407 3696 8
408 3706 10
409 3714 8
410 3721 7
411 3731 10
412 3739 8
413 3748 9
414 3758 10
415 3768 10
416 3778 10
417 3787 9
418 3795 8
419 3802 7
420 3810 8
421 3819 9
422 3829 10
423 3839 10
424 3849 10
425 3858 9
426 3866 8
427 3876 10
428 3885 9
429 3895 10
430 3904 9
431 3912 8
432 3922 10
433 3931 9
434 3941 10
435 3951 10
436 3958 7
437 3967 9
438 3977 10
439 3987 10
440 3996 9
441 4005 9
442 4014 9
443 4024 10
444 4033 9
445 4041 8
446 4051 10
447 4060 9
448 4069 9
449 4078 9
450 4088 10
451 4096 8
452 4105 9
453 4113 8
454 4121 8
455 4130 9
456 4137 7
457 4147 10
458 4154 7
459 4163 9
460 4173 10
461 4182 9
462 4190 8
463 4199 9
464 4209 10
465 4215 6
466 4224 9
467 4233 9
468 4243 10
469 4252 9
470 4259 7
471 4266 7
472 4276 10
473 4286 10
474 4296 10
475 4306 10
476 4314 8
477 4323 9
478 4332 9
479 4342 10
480 4351 9
481 4360 9
482 4369 9
483 4379 10
484 4389 10
485 4399 10
486 4409 10
487 4418 9
488 4423 5
489 4432 9
490 4441 9
491 4451 10
492 4459 8
493 4467 8
494 4477 10
495 4486 9
496 4492 6
497 4501 9
498 4510 9
499 4518 8
500 4526 8
