1 6 6
2 11 5
3 17 6
4 21 4
5 27 6
6 33 6
7 41 8
8 49 8
9 57 8
10 63 6
11 67 4
12 76 9
13 83 7
14 92 9
15 100 8
16 107 7
17 113 6
18 122 9
19 132 10
20 140 8
21 149 9
22 156 7
23 166 10
24 174 8
25 181 7
26 188 7
27 196 8
28 205 9
29 213 8
30 220 7
31 229 9
32 239 10
33 247 8
34 255 8
35 263 8
36 271 8
37 279 8
38 287 8
39 297 10
40 304 7
41 312 8
42 321 9
43 331 10
44 338 7
45 345 7
46 354 9
47 363 9
48 370 7
49 379 9
50 389 10
51 398 9
52 405 7
53 414 9
54 423 9
55 432 9
56 441 9
57 451 10
58 460 9
59 469 9
60 476 7
61 485 9
62 494 9
63 502 8
64 512 10
65 520 8
66 529 9
67 537 8
68 545 8
69 554 9
70 561 7
71 570 9
72 579 9
73 587 8
74 594 7
75 603 9
76 612 9
77 622 10
78 632 10
79 640 8
80 647 7
81 656 9
82 666 10
83 675 9
84 684 9
85 692 8
86 701 9
87 709 8
88 718 9
89 727 9
90 737 10
91 744 7
92 753 9
93 763 10
94 773 10
95 782 9
96 790 8
97 799 9
98 809 10
99 813 4
100 822 9
101 829 7
102 838 9
103 847 9
104 857 10
105 865 8
106 875 10
107 885 10
108 895 10
109 904 9
110 912 8
111 921 9
112 930 9
113 940 10
114 950 10
115 959 9
116 967 8
117 977 10
118 986 9
119 996 10
120 1005 9
121 1014 9
122 1024 10
123 1033 9
124 1041 8
125 1050 9
126 1059 9
127 1068 9
128 1078 10
129 1087 9
130 1097 10
131 1104 7
132 1114 10
133 1123 9
134 1131 8
135 1140 9
136 1149 9
137 1156 7
138 1163 7
139 1170 7
140 1180 10
141 1188 8
142 1197 9
143 1206 9
144 1216 10
145 1225 9
146 1235 10
147 1245 10
148 1255 10
149 1263 8
150 1272 9
151 1281 9
152 1291 10
153 1300 9
154 1310 10
155 1319 9
156 1329 10
157 1338 9
158 1347 9
159 1357 10
160 1366 9
161 1374 8
162 1384 10
163 1393 9
164 1401 8
165 1411 10
166 1421 10
167 1430 9
168 1438 8
169 1447 9
170 1455 8
171 1464 9
172 1473 9
173 1483 10
174 1493 10
175 1502 9
176 1512 10
177 1520 8
178 1529 9
179 1538 9
180 1548 10
181 1558 10
182 1568 10
183 1578 10
184 1588 10
185 1597 9
186 1606 9
187 1615 9
188 1624 9
189 1634 10
190 1644 10
191 1654 10
192 1663 9
193 1672 9
194 1682 10
195 1690 8
196 1698 8
197 1708 10
198 1717 9
199 1727 10
200 1737 10
201 1746 9
202 1756 10
203 1766 10
204 1775 9
205 1784 9
206 1794 10
207 1802 8
208 1811 9
209 1820 9
210 1829 9
211 1838 9
212 1848 10
213 1856 8
214 1865 9
215 1875 10
216 1885 10
217 1894 9
218 1902 8
219 1911 9
220 1917 6
221 1924 7
222 1933 9
223 1942 9
224 1951 9
225 1961 10
226 1970 9
227 1980 10
228 1990 10
229 2000 10
230 2009 9
231 2019 10
232 2029 10
233 2039 10
234 2048 9
235 2055 7
236 2064 9
237 2072 8
238 2081 9
239 2090 9
240 2098 8
241 2107 9
242 2115 8
243 2124 9
244 2134 10
245 2143 9
246 2153 10
247 2163 10
248 2172 9
249 2181 9
250 2191 10
251 2201 10
252 2209 8
253 2218 9
254 2228 10
255 2235 7
256 2244 9
257 2254 10
258 2264 10
259 2272 8
260 2282 10
261 2291 9
262 2300 9
263 2309 9
264 2317 8
265 2327 10
266 2335 8
267 2345 10
268 2355 10
269 2365 10
270 2374 9
271 2382 8
272 2390 8
273 2399 9
274 2408 9
275 2417 9
276 2426 9
277 2436 10
278 2445 9
279 2454 9
280 2462 8
281 2469 7
282 2478 9
283 2486 8
284 2496 10
285 2503 7
286 2512 9
287 2520 8
288 2528 8
289 2537 9
290 2547 10
291 2555 8
292 2564 9
293 2574 10
294 2584 10
295 2593 9
296 2602 9
297 2611 9
298 2620 9
299 2627 7
300 2636 9
301 2645 9
302 2655 10
303 2665 10
304 2673 8
305 2682 9
306 2692 10
307 2698 6
308 2707 9
309 2717 10
310 2727 10
311 2737 10
312 2746 9
313 2755 9
314 2765 10
315 2773 8
316 2781 8
317 2788 7
318 2797 9
319 2805 8
320 2814 9
321 2823 9
322 2833 10
323 2842 9
324 2851 9
325 2860 9
326 2870 10
327 2877 7
328 2887 10
329 2897 10
330 2907 10
331 2917 10
332 2927 10
333 2935 8
334 2944 9
335 2952 8
336 2962 10
337 2972 10
338 2979 7
339 2987 8
340 2996 9
341 3003 7
342 3012 9
343 3022 10
344 3029 7
345 3038 9
346 3047 9
347 3057 10
348 3065 8
349 3074 9
350 3083 9
351 3093 10
352 3103 10
353 3112 9
354 3120 8
355 3130 10
356 3140 10
357 3149 9
358 3159 10
359 3168 9
360 3177 9
361 3186 9
362 3196 10
363 3206 10
364 3214 8
365 3223 9
366 3232 9
367 3242 10
368 3248 6
369 3256 8
370 3265 9
371 3273 8
372 3282 9
373 3291 9
374 3301 10
375 3310 9
376 3319 9
377 3328 9
378 3338 10
379 3348 10
380 3357 9
381 3367 10
382 3376 9
383 3384 8
384 3394 10
385 3404 10
386 3412 8
387 3421 9
388 3430 9
389 3440 10
390 3449 9
391 3458 9
392 3467 9
393 3477 10
394 3487 10
395 3496 9
396 3504 8
397 3514 10
398 3524 10
399 3533 9
400 3542 9
401 3551 9
402 3561 10
403 3571 10
404 3580 9
405 3588 8
406 3597 9
407 3607 10
408 3616 9
409 3626 10
410 3635 9
411 3643 8
412 3651 8
413 3660 9
414 3669 9
415 3677 8
416 3684 7
417 3694 10
418 3704 10
419 3712 8
420 3722 10
421 3732 10
422 3742 10
423 3750 8
424 3759 9
425 3767 8
426 3775 8
427 3785 10
428 3794 9
429 3803 9
430 3813 10
431 3822 9
432 3831 9
433 3841 10
434 3851 10
435 3860 9
436 3869 9
437 3878 9
438 3888 10
439 3898 10
440 3906 8
441 3914 8
442 3924 10
443 3933 9
444 3943 10
445 3952 9
446 3962 10
447 3971 9
448 3981 10
449 3991 10
450 4001 10
451 4010 9
452 4020 10
453 4029 9
454 4037 8
455 4047 10
456 4057 10
457 4067 10
458 4077 10
459 4086 9
460 4096 10
461 4105 9
462 4114 9
463 4121 7
464 4130 9
465 4138 8
466 4148 10
467 4157 9
468 4167 10
469 4175 8
470 4184 9
471 4193 9
472 4203 10
473 4213 10
474 4223 10
475 4231 8
476 4239 8
477 4249 10
478 4259 10
479 4269 10
480 4279 10
481 4287 8
482 4297 10
483 4306 9
484 4315 9
485 4325 10
486 4334 9
487 4343 9
488 4353 10
489 4363 10
490 4373 10
491 4382 9
492 4391 9
493 4399 8
494 4408 9
495 4418 10
496 4426 8
497 4436 10
498 4444 8
499 4453 9
500 4461 8
