1 6 6
2 11 5
3 16 5
4 21 5
5 28 7
6 35 7
7 40 5
8 47 7
9 54 7
10 61 7
11 70 9
12 79 9
13 85 6
14 92 7
15 100 8
16 110 10
17 117 7
18 124 7
19 134 10
20 144 10
21 151 7
22 160 9
23 168 8
24 175 7
25 180 5
26 189 9
27 198 9
28 207 9
29 216 9
30 224 8
31 232 8
32 239 7
33 248 9
34 256 8
35 262 6
36 270 8
37 280 10
38 289 9
39 296 7
40 305 9
41 315 10
42 324 9
43 333 9
44 341 8
45 349 8
46 359 10
47 368 9
48 377 9
49 385 8
50 393 8
51 401 8
52 411 10
53 419 8
54 426 7
55 433 7
56 438 5
57 447 9
58 456 9
59 466 10
60 475 9
61 485 10
62 494 9
63 500 6
64 509 9
65 517 8
66 527 10
67 535 8
68 544 9
69 551 7
70 559 8
71 567 8
72 576 9
73 585 9
74 593 8
75 601 8
76 609 8
77 617 8
78 626 9
79 634 8
80 643 9
81 650 7
82 657 7
83 665 8
84 674 9
85 684 10
86 693 9
87 703 10
88 711 8
89 720 9
90 728 8
91 737 9
92 746 9
93 755 9
94 765 10
95 773 8
96 782 9
97 791 9
98 801 10
99 811 10
100 820 9
101 829 9
102 838 9
103 846 8
104 854 8
105 863 9
106 872 9
107 881 9
108 891 10
109 900 9
110 909 9
111 919 10
112 928 9
113 937 9
114 946 9
115 956 10
116 965 9
117 972 7
118 979 7
119 989 10
120 998 9
121 1007 9
122 1015 8
123 1023 8
124 1033 10
125 1042 9
126 1052 10
127 1060 8
128 1067 7
129 1076 9
130 1085 9
131 1095 10
132 1103 8
133 1112 9
134 1120 8
135 1130 10
136 1139 9
137 1149 10
138 1158 9
139 1168 10
140 1177 9
141 1186 9
142 1196 10
143 1205 9
144 1215 10
145 1223 8
146 1231 8
147 1240 9
148 1248 8
149 1258 10
150 1267 9
151 1276 9
152 1286 10
153 1294 8
154 1302 8
155 1312 10
156 1321 9
157 1331 10
158 1340 9
159 1350 10
160 1358 8
161 1367 9
162 1377 10
163 1387 10
164 1397 10
165 1403 6
166 1413 10
167 1423 10
168 1432 9
169 1441 9
170 1451 10
171 1461 10
172 1470 9
173 1480 10
174 1489 9
175 1498 9
176 1506 8
177 1516 10
178 1526 10
179 1535 9
180 1544 9
181 1554 10
182 1563 9
183 1573 10
184 1582 9
185 1592 10
186 1599 7
187 1607 8
188 1615 8
189 1623 8
190 1633 10
191 1642 9
192 1652 10
193 1662 10
194 1669 7
195 1679 10
196 1689 10
197 1698 9
198 1706 8
199 1714 8
200 1723 9
201 1733 10
202 1741 8
203 1749 8
204 1757 8
205 1767 10
206 1777 10
207 1787 10
208 1796 9
209 1806 10
210 1814 8
211 1823 9
212 1831 8
213 1841 10
214 1850 9
215 1858 8
216 1868 10
217 1877 9
218 1886 9
219 1895 9
220 1904 9
221 1914 10
222 1924 10
223 1933 9
224 1943 10
225 1952 9
226 1962 10
227 1971 9
228 1980 9
229 1990 10
230 2000 10
231 2008 8
232 2018 10
233 2028 10
234 2038 10
235 2047 9
236 2056 9
237 2065 9
238 2075 10
239 2085 10
240 2095 10
241 2104 9
242 2114 10
243 2122 8
244 2130 8
245 2139 9
246 2149 10
247 2158 9
248 2167 9
249 2177 10
250 2187 10
251 2196 9
252 2206 10
253 2214 8
254 2223 9
255 2232 9
256 2241 9
257 2250 9
258 2259 9
259 2266 7
260 2275 9
261 2285 10
262 2295 10
263 2305 10
264 2315 10
265 2324 9
266 2334 10
267 2343 9
268 2353 10
269 2362 9
270 2370 8
271 2379 9
272 2389 10
273 2398 9
274 2408 10
275 2418 10
276 2428 10
277 2436 8
278 2443 7
279 2452 9
280 2461 9
281 2470 9
282 2479 9
283 2489 10
284 2498 9
285 2508 10
286 2517 9
287 2526 9
288 2535 9
289 2544 9
290 2554 10
291 2564 10
292 2573 9
293 2583 10
294 2593 10
295 2602 9
296 2611 9
297 2621 10
298 2630 9
299 2640 10
300 2650 10
301 2660 10
302 2668 8
303 2678 10
304 2687 9
305 2695 8
306 2703 8
307 2713 10
308 2721 8
309 2729 8
310 2739 10
311 2749 10
312 2758 9
313 2767 9
314 2776 9
315 2785 9
316 2795 10
317 2804 9
318 2813 9
319 2823 10
320 2833 10
321 2843 10
322 2853 10
323 2863 10
324 2873 10
325 2883 10
326 2893 10
327 2903 10
328 2912 9
329 2922 10
330 2931 9
331 2940 9
332 2948 8
333 2957 9
334 2966 9
335 2975 9
336 2984 9
337 2993 9
338 3003 10
339 3011 8
340 3021 10
341 3030 9
342 3038 8
343 3047 9
344 3057 10
345 3066 9
346 3073 7
347 3082 9
348 3092 10
349 3100 8
350 3109 9
351 3119 10
352 3128 9
353 3137 9
354 3147 10
355 3157 10
356 3167 10
357 3176 9
358 3186 10
359 3195 9
360 3204 9
361 3213 9
362 3223 10
363 3232 9
364 3242 10
365 3252 10
366 3262 10
367 3270 8
368 3280 10
369 3289 9
370 3297 8
371 3304 7
372 3313 9
373 3321 8
374 3330 9
375 3337 7
376 3347 10
377 3357 10
378 3367 10
379 3375 8
380 3384 9
381 3394 10
382 3404 10
383 3413 9
384 3423 10
385 3431 8
386 3441 10
387 3448 7
388 3457 9
389 3465 8
390 3474 9
391 3484 10
392 3493 9
393 3501 8
394 3508 7
395 3517 9
396 3527 10
397 3536 9
398 3545 9
399 3555 10
400 3561 6
401 3570 9
402 3578 8
403 3588 10
404 3597 9
405 3607 10
406 3616 9
407 3625 9
408 3634 9
409 3643 9
410 3652 9
411 3661 9
412 3670 9
413 3678 8
414 3688 10
415 3697 9
416 3705 8
417 3715 10
418 3725 10
419 3735 10
420 3745 10
421 3754 9
422 3763 9
423 3773 10
424 3781 8
425 3790 9
426 3799 9
427 3807 8
428 3817 10
429 3827 10
430 3836 9
431 3845 9
432 3854 9
433 3864 10
434 3874 10
435 3882 8
436 3892 10
437 3902 10
438 3912 10
439 3922 10
440 3931 9
441 3939 8
442 3946 7
443 3955 9
444 3964 9
445 3973 9
446 3980 7
447 3989 9
448 3999 10
449 4008 9
450 4018 10
451 4027 9
452 4037 10
453 4046 9
454 4056 10
455 4066 10
456 4075 9
457 4085 10
458 4094 9
459 4103 9
460 4112 9
461 4121 9
462 4130 9
463 4138 8
464 4148 10
465 4158 10
466 4167 9
467 4177 10
468 4187 10
469 4197 10
470 4206 9
471 4215 9
472 4224 9
473 4234 10
474 4244 10
475 4254 10
476 4264 10
477 4273 9
478 4283 10
479 4292 9
480 4300 8
481 4309 9
482 4318 9
483 4327 9
484 4337 10
485 4346 9
486 4356 10
487 4366 10
488 4376 10
489 4386 10
490 4396 10
491 4405 9
492 4415 10
493 4425 10
494 4434 9
495 4443 9
496 4452 9
497 4462 10
498 4471 9
499 4481 10
500 4491 10
