1 4 4
2 10 6
3 16 6
4 20 4
5 24 4
6 28 4
7 34 6
8 40 6
9 44 4
10 50 6
11 56 6
12 63 7
13 70 7
14 77 7
15 85 8
16 94 9
17 101 7
18 110 9
19 117 7
20 124 7
21 133 9
22 142 9
23 151 9
24 160 9
25 167 7
26 175 8
27 183 8
28 192 9
29 201 9
30 210 9
31 220 10
32 229 9
33 238 9
34 248 10
35 256 8
36 265 9
37 274 9
38 284 10
39 292 8
40 300 8
41 308 8
42 318 10
43 328 10
44 336 8
45 345 9
46 353 8
47 360 7
48 369 9
49 374 5
50 384 10
51 392 8
52 401 9
53 410 9
54 418 8
55 428 10
56 437 9
57 446 9
58 456 10
59 464 8
60 473 9
61 482 9
62 490 8
63 498 8
64 506 8
65 515 9
66 524 9
67 534 10
68 544 10
69 553 9
70 563 10
71 570 7
72 578 8
73 586 8
74 595 9
75 603 8
76 612 9
77 622 10
78 632 10
79 640 8
80 650 10
81 658 8
82 667 9
83 677 10
84 687 10
85 695 8
86 705 10
87 711 6
88 721 10
89 729 8
90 736 7
91 745 9
92 753 8
93 761 8
94 770 9
95 779 9
96 788 9
97 796 8
98 805 9
99 813 8
100 823 10
101 832 9
102 841 9
103 851 10
104 860 9
105 870 10
106 878 8
107 885 7
108 894 9
109 904 10
110 913 9
111 923 10
112 933 10
113 943 10
114 952 9
115 961 9
116 971 10
117 981 10
118 987 6
119 996 9
120 1005 9
121 1015 10
122 1024 9
123 1033 9
124 1040 7
125 1049 9
126 1059 10
127 1068 9
128 1078 10
129 1086 8
130 1095 9
131 1104 9
132 1112 8
133 1122 10
134 1131 9
135 1138 7
136 1147 9
137 1157 10
138 1167 10
139 1177 10
140 1186 9
141 1194 8
142 1203 9
143 1212 9
144 1220 8
145 1230 10
146 1240 10
147 1247 7
148 1256 9
149 1263 7
150 1273 10
151 1280 7
152 1288 8
153 1298 10
154 1307 9
155 1315 8
156 1324 9
157 1333 9
158 1342 9
159 1349 7
160 1359 10
161 1368 9
162 1378 10
163 1387 9
164 1395 8
165 1404 9
166 1413 9
167 1421 8
168 1428 7
169 1435 7
170 1443 8
171 1452 9
172 1462 10
173 1470 8
174 1478 8
175 1488 10
176 1497 9
177 1507 10
178 1517 10
179 1526 9
180 1535 9
181 1544 9
182 1550 6
183 1559 9
184 1568 9
185 1575 7
186 1585 10
187 1594 9
188 1604 10
189 1614 10
190 1622 8
191 1631 9
192 1640 9
193 1648 8
194 1658 10
195 1666 8
196 1675 9
197 1685 10
198 1694 9
199 1703 9
200 1713 10
201 1723 10
202 1732 9
203 1742 10
204 1750 8
205 1759 9
206 1769 10
207 1779 10
208 1788 9
209 1798 10
210 1806 8
211 1814 8
212 1824 10
213 1832 8
214 1841 9
215 1850 9
216 1859 9
217 1869 10
218 1877 8
219 1885 8
220 1895 10
221 1905 10
222 1915 10
223 1923 8
224 1932 9
225 1941 9
226 1950 9
227 1960 10
228 1970 10
229 1979 9
230 1988 9
231 1998 10
232 2008 10
233 2017 9
234 2026 9
235 2033 7
236 2043 10
237 2052 9
238 2061 9
239 2071 10
240 2081 10
241 2091 10
242 2100 9
243 2109 9
244 2118 9
245 2127 9
246 2136 9
247 2144 8
248 2153 9
249 2159 6
250 2169 10
251 2179 10
252 2189 10
253 2198 9
254 2208 10
255 2218 10
256 2227 9
257 2237 10
258 2246 9
259 2254 8
260 2263 9
261 2273 10
262 2281 8
263 2290 9
264 2299 9
265 2309 10
266 2319 10
267 2328 9
268 2337 9
269 2347 10
270 2356 9
271 2366 10
272 2375 9
273 2383 8
274 2393 10
275 2403 10
276 2412 9
277 2419 7
278 2426 7
279 2436 10
280 2445 9
281 2453 8
282 2461 8
283 2471 10
284 2481 10
285 2490 9
286 2500 10
287 2509 9
288 2518 9
289 2528 10
290 2536 8
291 2544 8
292 2551 7
293 2561 10
294 2568 7
295 2577 9
296 2587 10
297 2597 10
298 2606 9
299 2616 10
300 2626 10
301 2635 9
302 2644 9
303 2653 9
304 2663 10
305 2672 9
306 2680 8
307 2688 8
308 2696 8
309 2704 8
310 2713 9
311 2722 9
312 2730 8
313 2739 9
314 2747 8
315 2757 10
316 2767 10
317 2776 9
318 2786 10
319 2793 7
320 2801 8
321 2811 10
322 2819 8
323 2826 7
324 2833 7
325 2843 10
326 2852 9
327 2860 8
328 2867 7
329 2875 8
330 2884 9
331 2891 7
332 2900 9
333 2910 10
334 2918 8
335 2928 10
336 2938 10
337 2947 9
338 2956 9
339 2965 9
340 2974 9
341 2983 9
342 2991 8
343 2999 8
344 3009 10
345 3017 8
346 3027 10
347 3036 9
348 3045 9
349 3055 10
350 3065 10
351 3073 8
352 3083 10
353 3093 10
354 3103 10
355 3113 10
356 3121 8
357 3129 8
358 3137 8
359 3147 10
360 3157 10
361 3165 8
362 3173 8
363 3179 6
364 3187 8
365 3195 8
366 3203 8
367 3211 8
368 3220 9
369 3229 9
370 3237 8
371 3246 9
372 3256 10
373 3266 10
374 3273 7
375 3281 8
376 3289 8
377 3297 8
378 3305 8
379 3314 9
380 3323 9
381 3332 9
382 3342 10
383 3352 10
384 3362 10
385 3372 10
386 3381 9
387 3390 9
388 3396 6
389 3405 9
390 3413 8
391 3421 8
392 3430 9
393 3440 10
394 3448 8
395 3457 9
396 3466 9
397 3476 10
398 3485 9
399 3495 10
400 3504 9
401 3514 10
402 3523 9
403 3532 9
404 3539 7
405 3549 10
406 3559 10
407 3568 9
408 3578 10
409 3588 10
410 3598 10
411 3605 7
412 3613 8
413 3622 9
414 3630 8
415 3639 9
416 3647 8
417 3656 9
418 3666 10
419 3676 10
420 3685 9
421 3693 8
422 3702 9
423 3711 9
424 3721 10
425 3731 10
426 3741 10
427 3750 9
428 3758 8
429 3768 10
430 3777 9
431 3785 8
432 3794 9
433 3804 10
434 3813 9
435 3823 10
436 3833 10
437 3841 8
438 3850 9
439 3860 10
440 3868 8
441 3877 9
442 3886 9
443 3896 10
444 3904 8
445 3914 10
446 3923 9
447 3932 9
448 3942 10
449 3949 7
450 3958 9
451 3968 10
452 3977 9
453 3985 8
454 3995 10
455 4004 9
456 4013 9
457 4022 9
458 4032 10
459 4040 8
460 4050 10
461 4060 10
462 4069 9
463 4077 8
464 4086 9
465 4095 9
466 4104 9
467 4112 8
468 4121 9
469 4131 10
470 4140 9
471 4148 8
472 4158 10
473 4168 10
474 4178 10
475 4187 9
476 4196 9
477 4204 8
478 4214 10
479 4223 9
480 4233 10
481 4242 9
482 4251 9
483 4259 8
484 4268 9
485 4277 9
486 4287 10
487 4295 8
488 4304 9
489 4312 8
490 4321 9
491 4330 9
492 4337 7
493 4346 9
494 4355 9
495 4364 9
496 4373 9
497 4383 10
498 4393 10
499 4401 8
500 4409 8
