1 8 8
2 11 3
3 18 7
4 26 8
5 34 8
6 39 5
7 47 8
8 55 8
9 62 7
10 67 5
11 75 8
12 83 8
13 88 5
14 97 9
15 107 10
16 116 9
17 126 10
18 134 8
19 142 8
20 150 8
21 156 6
22 164 8
23 173 9
24 181 8
25 189 8
26 199 10
27 208 9
28 216 8
29 225 9
30 233 8
31 242 9
32 252 10
33 258 6
34 268 10
35 277 9
36 285 8
37 294 9
38 304 10
39 314 10
40 321 7
41 331 10
42 340 9
43 349 9
44 358 9
45 367 9
46 376 9
47 384 8
48 393 9
49 402 9
50 411 9
51 420 9
52 428 8
53 438 10
54 447 9
55 455 8
56 463 8
57 473 10
58 483 10
59 492 9
60 502 10
61 511 9
62 521 10
63 531 10
64 541 10
65 549 8
66 557 8
67 567 10
68 577 10
69 586 9
70 596 10
71 605 9
72 613 8
73 623 10
74 633 10
75 642 9
76 651 9
77 659 8
78 667 8
79 677 10
80 687 10
81 697 10
82 704 7
83 714 10
84 723 9
85 733 10
86 741 8
87 749 8
88 758 9
89 768 10
90 777 9
91 785 8
92 795 10
93 804 9
94 814 10
95 823 9
96 831 8
97 841 10
98 848 7
99 857 9
100 864 7
101 870 6
102 880 10
103 888 8
104 898 10
105 908 10
106 918 10
107 926 8
108 935 9
109 944 9
110 951 7
111 959 8
112 969 10
113 979 10
114 989 10
115 998 9
116 1007 9
117 1015 8
118 1024 9
119 1033 9
120 1042 9
121 1051 9
122 1061 10
123 1070 9
124 1080 10
125 1086 6
126 1095 9
127 1105 10
128 1115 10
129 1124 9
130 1133 9
131 1142 9
132 1151 9
133 1161 10
134 1170 9
135 1177 7
136 1184 7
137 1193 9
138 1202 9
139 1210 8
140 1220 10
141 1230 10
142 1239 9
143 1247 8
144 1256 9
145 1266 10
146 1273 7
147 1282 9
148 1292 10
149 1301 9
150 1310 9
151 1319 9
152 1327 8
153 1334 7
154 1344 10
155 1352 8
156 1360 8
157 1367 7
158 1375 8
159 1383 8
160 1390 7
161 1399 9
162 1409 10
163 1417 8
164 1427 10
165 1437 10
166 1446 9
167 1455 9
168 1465 10
169 1475 10
170 1485 10
171 1494 9
172 1503 9
173 1513 10
174 1522 9
175 1532 10
176 1542 10
177 1552 10
178 1560 8
179 1569 9
180 1578 9
181 1588 10
182 1597 9
183 1607 10
184 1616 9
185 1624 8
186 1634 10
187 1643 9
188 1651 8
189 1660 9
190 1670 10
191 1679 9
192 1689 10
193 1698 9
194 1707 9
195 1716 9
196 1725 9
197 1733 8
198 1742 9
199 1749 7
200 1759 10
201 1769 10
202 1778 9
203 1788 10
204 1798 10
205 1806 8
206 1814 8
207 1824 10
208 1831 7
209 1841 10
210 1851 10
211 1860 9
212 1869 9
213 1878 9
214 1887 9
215 1895 8
216 1904 9
217 1914 10
218 1924 10
219 1933 9
220 1943 10
221 1952 9
222 1962 10
223 1972 10
224 1982 10
225 1991 9
226 2001 10
227 2010 9
228 2020 10
229 2029 9
230 2039 10
231 2048 9
232 2058 10
233 2068 10
234 2077 9
235 2087 10
236 2096 9
237 2106 10
238 2115 9
239 2123 8
240 2131 8
241 2138 7
242 2146 8
243 2156 10
244 2166 10
245 2175 9
246 2184 9
247 2193 9
248 2200 7
249 2210 10
250 2220 10
251 2229 9
252 2238 9
253 2248 10
254 2257 9
255 2266 9
256 2276 10
257 2286 10
258 2296 10
259 2305 9
260 2315 10
261 2325 10
262 2332 7
263 2342 10
264 2351 9
265 2361 10
266 2371 10
267 2381 10
268 2390 9
269 2400 10
270 2410 10
271 2419 9
272 2428 9
273 2437 9
274 2447 10
275 2455 8
276 2464 9
277 2474 10
278 2483 9
279 2491 8
280 2500 9
281 2510 10
282 2518 8
283 2526 8
284 2536 10
285 2546 10
286 2555 9
287 2564 9
288 2573 9
289 2583 10
290 2592 9
291 2602 10
292 2611 9
293 2620 9
294 2630 10
295 2639 9
296 2647 8
297 2655 8
298 2665 10
299 2674 9
300 2684 10
301 2693 9
302 2702 9
303 2711 9
304 2721 10
305 2730 9
306 2739 9
307 2748 9
308 2757 9
309 2765 8
310 2772 7
311 2780 8
312 2790 10
313 2800 10
314 2810 10
315 2819 9
316 2828 9
317 2835 7
318 2844 9
319 2853 9
320 2863 10
321 2872 9
322 2880 8
323 2888 8
324 2896 8
325 2905 9
326 2915 10
327 2924 9
328 2934 10
329 2942 8
330 2951 9
331 2961 10
332 2970 9
333 2980 10
334 2989 9
335 2998 9
336 3008 10
337 3017 9
338 3024 7
339 3034 10
340 3043 9
341 3052 9
342 3062 10
343 3072 10
344 3082 10
345 3091 9
346 3100 9
347 3108 8
348 3118 10
349 3128 10
350 3136 8
351 3146 10
352 3155 9
353 3165 10
354 3173 8
355 3183 10
356 3192 9
357 3200 8
358 3209 9
359 3217 8
360 3226 9
361 3235 9
362 3245 10
363 3254 9
364 3263 9
365 3273 10
366 3283 10
367 3291 8
368 3301 10
369 3311 10
370 3321 10
371 3331 10
372 3340 9
373 3349 9
374 3358 9
375 3367 9
376 3375 8
377 3384 9
378 3393 9
379 3403 10
380 3413 10
381 3422 9
382 3430 8
383 3437 7
384 3447 10
385 3457 10
386 3465 8
387 3473 8
388 3482 9
389 3492 10
390 3500 8
391 3509 9
392 3518 9
393 3527 9
394 3535 8
395 3545 10
396 3553 8
397 3563 10
398 3571 8
399 3580 9
400 3587 7
401 3595 8
402 3605 10
403 3614 9
404 3623 9
405 3633 10
406 3641 8
407 3651 10
408 3660 9
409 3670 10
410 3679 9
411 3688 9
412 3698 10
413 3708 10
414 3717 9
415 3725 8
416 3734 9
417 3743 9
418 3753 10
419 3762 9
420 3772 10
421 3782 10
422 3792 10
423 3801 9
424 3810 9
425 3820 10
426 3828 8
427 3838 10
428 3847 9
429 3854 7
430 3863 9
431 3872 9
432 3882 10
433 3892 10
434 3902 10
435 3911 9
436 3921 10
437 3928 7
438 3937 9
439 3945 8
440 3955 10
441 3965 10
442 3974 9
443 3983 9
444 3992 9
445 4002 10
446 4011 9
447 4020 9
448 4028 8
449 4038 10
450 4047 9
451 4056 9
452 4065 9
453 4075 10
454 4084 9
455 4094 10
456 4103 9
457 4112 9
458 4120 8
459 4129 9
460 4138 9
461 4148 10
462 4157 9
463 4166 9
464 4175 9
465 4185 10
466 4195 10
467 4205 10
468 4214 9
469 4224 10
470 4234 10
471 4244 10
472 4254 10
473 4263 9
474 4273 10
475 4283 10
476 4289 6
477 4299 10
478 4308 9
479 4318 10
480 4328 10
481 4338 10
482 4347 9
483 4356 9
484 4366 10
485 4376 10
486 4383 7
487 4392 9
488 4402 10
489 4409 7
490 4419 10
491 4428 9
492 4438 10
493 4448 10
494 4458 10
495 4468 10
496 4478 10
497 4488 10
498 4497 9
499 4507 10
500 4517 10
