1 6 6
2 8 2
3 13 5
4 22 9
5 27 5
6 33 6
7 39 6
8 47 8
9 55 8
10 64 9
11 72 8
12 79 7
13 88 9
14 97 9
15 104 7
16 114 10
17 122 8
18 125 3
19 134 9
20 141 7
21 150 9
22 159 9
23 169 10
24 175 6
25 184 9
26 193 9
27 202 9
28 210 8
29 219 9
30 227 8
31 235 8
32 242 7
33 252 10
34 262 10
35 270 8
36 278 8
37 286 8
38 294 8
39 303 9
40 312 9
41 322 10
42 332 10
43 341 9
44 349 8
45 357 8
46 363 6
47 371 8
48 379 8
49 388 9
50 397 9
51 404 7
52 414 10
53 424 10
54 434 10
55 443 9
56 452 9
57 461 9
58 469 8
59 478 9
60 488 10
61 498 10
62 508 10
63 515 7
64 524 9
65 533 9
66 543 10
67 551 8
68 560 9
69 569 9
70 578 9
71 585 7
72 593 8
73 601 8
74 610 9
75 619 9
76 629 10
77 638 9
78 647 9
79 657 10
80 665 8
81 672 7
82 682 10
83 692 10
84 701 9
85 710 9
86 718 8
87 727 9
88 737 10
89 747 10
90 756 9
91 763 7
92 772 9
93 781 9
94 787 6
95 795 8
96 805 10
97 814 9
98 823 9
99 831 8
100 841 10
101 851 10
102 859 8
103 866 7
104 874 8
105 884 10
106 894 10
107 904 10
108 913 9
109 923 10
110 933 10
111 942 9
112 952 10
113 962 10
114 971 9
115 980 9
116 989 9
117 998 9
118 1007 9
119 1016 9
120 1025 9
121 1035 10
122 1044 9
123 1054 10
124 1064 10
125 1074 10
126 1084 10
127 1092 8
128 1101 9
129 1110 9
130 1120 10
131 1130 10
132 1138 8
133 1144 6
134 1152 8
135 1161 9
136 1171 10
137 1180 9
138 1189 9
139 1198 9
140 1208 10
141 1218 10
142 1228 10
143 1237 9
144 1246 9
145 1256 10
146 1266 10
147 1275 9
148 1283 8
149 1293 10
150 1302 9
151 1310 8
152 1320 10
153 1329 9
154 1338 9
155 1347 9
156 1357 10
157 1365 8
158 1374 9
159 1384 10
160 1392 8
161 1401 9
162 1411 10
163 1421 10
164 1430 9
165 1440 10
166 1449 9
167 1459 10
168 1467 8
169 1477 10
170 1484 7
171 1493 9
172 1500 7
173 1510 10
174 1520 10
175 1530 10
176 1539 9
177 1549 10
178 1559 10
179 1569 10
180 1576 7
181 1586 10
182 1596 10
183 1605 9
184 1615 10
185 1625 10
186 1635 10
187 1645 10
188 1654 9
189 1663 9
190 1672 9
191 1681 9
192 1690 9
193 1700 10
194 1710 10
195 1719 9
196 1729 10
197 1739 10
198 1749 10
199 1757 8
200 1766 9
201 1775 9
202 1785 10
203 1794 9
204 1803 9
205 1812 9
206 1820 8
207 1829 9
208 1838 9
209 1847 9
210 1857 10
211 1866 9
212 1876 10
213 1885 9
214 1895 10
215 1904 9
216 1914 10
217 1924 10
218 1934 10
219 1943 9
220 1952 9
221 1962 10
222 1970 8
223 1979 9
224 1988 9
225 1997 9
226 2006 9
227 2016 10
228 2025 9
229 2035 10
230 2045 10
231 2055 10
232 2063 8
233 2072 9
234 2082 10
235 2090 8
236 2099 9
237 2109 10
238 2119 10
239 2127 8
240 2136 9
241 2145 9
242 2153 8
243 2163 10
244 2173 10
245 2182 9
246 2191 9
247 2200 9
248 2206 6
249 2216 10
250 2225 9
251 2234 9
252 2244 10
253 2251 7
254 2261 10
255 2269 8
256 2279 10
257 2288 9
258 2298 10
259 2307 9
260 2317 10
261 2325 8
262 2335 10
263 2345 10
264 2354 9
265 2364 10
266 2373 9
267 2383 10
268 2393 10
269 2403 10
270 2412 9
271 2422 10
272 2432 10
273 2441 9
274 2450 9
275 2459 9
276 2468 9
277 2477 9
278 2487 10
279 2495 8
280 2505 10
281 2515 10
282 2524 9
283 2533 9
284 2541 8
285 2551 10
286 2560 9
287 2569 9
288 2578 9
289 2587 9
290 2596 9
291 2606 10
292 2615 9
293 2623 8
294 2630 7
295 2640 10
296 2648 8
297 2658 10
298 2666 8
299 2676 10
300 2686 10
301 2695 9
302 2703 8
303 2713 10
304 2723 10
305 2729 6
306 2739 10
307 2747 8
308 2757 10
309 2766 9
310 2775 9
311 2784 9
312 2792 8
313 2801 9
314 2811 10
315 2820 9
316 2827 7
317 2836 9
318 2845 9
319 2854 9
320 2864 10
321 2872 8
322 2881 9
323 2891 10
324 2899 8
325 2908 9
326 2918 10
327 2928 10
328 2937 9
329 2946 9
330 2954 8
331 2963 9
332 2971 8
333 2980 9
334 2990 10
335 2999 9
336 3009 10
337 3018 9
338 3028 10
339 3038 10
340 3048 10
341 3056 8
342 3066 10
343 3074 8
344 3083 9
345 3093 10
346 3102 9
347 3112 10
348 3121 9
349 3130 9
350 3140 10
351 3150 10
352 3159 9
353 3168 9
354 3178 10
355 3187 9
356 3196 9
357 3205 9
358 3213 8
359 3223 10
360 3231 8
361 3240 9
362 3248 8
363 3258 10
364 3268 10
365 3278 10
366 3286 8
367 3295 9
368 3305 10
369 3315 10
370 3324 9
371 3334 10
372 3344 10
373 3352 8
374 3362 10
375 3372 10
376 3382 10
377 3391 9
378 3401 10
379 3409 8
380 3418 9
381 3426 8
382 3434 8
383 3444 10
384 3454 10
385 3462 8
386 3472 10
387 3481 9
388 3490 9
389 3500 10
390 3509 9
391 3516 7
392 3525 9
393 3534 9
394 3543 9
395 3553 10
396 3562 9
397 3572 10
398 3581 9
399 3590 9
400 3599 9
401 3608 9
402 3616 8
403 3624 8
404 3632 8
405 3641 9
406 3650 9
407 3659 9
408 3668 9
409 3677 9
410 3687 10
411 3695 8
412 3704 9
413 3712 8
414 3722 10
415 3731 9
416 3739 8
417 3749 10
418 3758 9
419 3767 9
420 3777 10
421 3786 9
422 3796 10
423 3806 10
424 3815 9
425 3823 8
426 3832 9
427 3841 9
428 3850 9
429 3860 10
430 3869 9
431 3876 7
432 3886 10
433 3896 10
434 3906 10
435 3914 8
436 3923 9
437 3931 8
438 3939 8
439 3948 9
440 3957 9
441 3966 9
442 3976 10
443 3983 7
444 3992 9
445 4002 10
446 4011 9
447 4020 9
448 4030 10
449 4039 9
450 4048 9
451 4057 9
452 4066 9
453 4076 10
454 4086 10
455 4096 10
456 4105 9
457 4114 9
458 4123 9
459 4132 9
460 4141 9
461 4149 8
462 4158 9
463 4168 10
464 4178 10
465 4188 10
466 4198 10
467 4207 9
468 4217 10
469 4227 10
470 4236 9
471 4245 9
472 4255 10
473 4264 9
474 4273 9
475 4280 7
476 4290 10
477 4298 8
478 4308 10
479 4318 10
480 4325 7
481 4335 10
482 4344 9
483 4353 9
484 4360 7
485 4370 10
486 4379 9
487 4388 9
488 4398 10
489 4408 10
490 4418 10
491 4428 10
492 4436 8
493 4446 10
494 4454 8
495 4463 9
496 4472 9
497 4482 10
498 4489 7
499 4498 9
500 4508 10
