1 6 6
2 9 3
3 16 7
4 22 6
5 27 5
6 33 6
7 39 6
8 47 8
9 55 8
10 63 8
11 69 6
12 78 9
13 87 9
14 93 6
15 100 7
16 106 6
17 115 9
18 122 7
19 130 8
20 139 9
21 146 7
22 152 6
23 162 10
24 171 9
25 179 8
26 187 8
27 196 9
28 203 7
29 212 9
30 222 10
31 231 9
32 241 10
33 251 10
34 261 10
35 271 10
36 280 9
37 290 10
38 298 8
39 308 10
40 316 8
41 325 9
42 335 10
43 343 8
44 351 8
45 359 8
46 369 10
47 375 6
48 383 8
49 391 8
50 399 8
51 407 8
52 414 7
53 423 9
54 432 9
55 442 10
56 451 9
57 461 10
58 470 9
59 479 9
60 488 9
61 496 8
62 506 10
63 513 7
64 522 9
65 530 8
66 538 8
67 547 9
68 555 8
69 564 9
70 573 9
71 582 9
72 589 7
73 598 9
74 606 8
75 614 8
76 624 10
77 631 7
78 641 10
79 649 8
80 658 9
81 666 8
82 674 8
83 681 7
84 690 9
85 700 10
86 709 9
87 718 9
88 727 9
89 735 8
90 744 9
91 754 10
92 761 7
93 770 9
94 780 10
95 790 10
96 798 8
97 808 10
98 818 10
99 826 8
100 834 8
101 844 10
102 854 10
103 863 9
104 871 8
105 881 10
106 891 10
107 900 9
108 909 9
109 919 10
110 927 8
111 936 9
112 945 9
113 954 9
114 964 10
115 973 9
116 982 9
117 992 10
118 1002 10
119 1011 9
120 1021 10
121 1030 9
122 1040 10
123 1049 9
124 1058 9
125 1065 7
126 1073 8
127 1080 7
128 1089 9
129 1099 10
130 1108 9
131 1117 9
132 1127 10
133 1136 9
134 1145 9
135 1154 9
136 1163 9
137 1173 10
138 1182 9
139 1192 10
140 1199 7
141 1209 10
142 1218 9
143 1228 10
144 1238 10
145 1246 8
146 1256 10
147 1266 10
148 1273 7
149 1280 7
150 1290 10
151 1299 9
152 1309 10
153 1318 9
154 1328 10
155 1338 10
156 1348 10
157 1356 8
158 1366 10
159 1375 9
160 1384 9
161 1394 10
162 1402 8
163 1410 8
164 1418 8
165 1427 9
166 1437 10
167 1445 8
168 1452 7
169 1460 8
170 1469 9
171 1478 9
172 1486 8
173 1496 10
174 1504 8
175 1512 8
176 1520 8
177 1529 9
178 1537 8
179 1546 9
180 1556 10
181 1566 10
182 1574 8
183 1584 10
184 1593 9
185 1602 9
186 1612 10
187 1620 8
188 1630 10
189 1639 9
190 1648 9
191 1654 6
192 1663 9
193 1670 7
194 1680 10
195 1689 9
196 1697 8
197 1705 8
198 1715 10
199 1724 9
200 1732 8
201 1741 9
202 1751 10
203 1760 9
204 1769 9
205 1777 8
206 1787 10
207 1796 9
208 1806 10
209 1816 10
210 1824 8
211 1833 9
212 1841 8
213 1850 9
214 1859 9
215 1868 9
216 1878 10
217 1885 7
218 1893 8
219 1903 10
220 1912 9
221 1922 10
222 1931 9
223 1937 6
224 1947 10
225 1957 10
226 1967 10
227 1976 9
228 1986 10
229 1996 10
230 2005 9
231 2015 10
232 2023 8
233 2033 10
234 2043 10
235 2051 8
236 2061 10
237 2070 9
238 2079 9
239 2088 9
240 2098 10
241 2107 9
242 2116 9
243 2124 8
244 2134 10
245 2144 10
246 2154 10
247 2162 8
248 2171 9
249 2181 10
250 2190 9
251 2197 7
252 2207 10
253 2216 9
254 2225 9
255 2235 10
256 2245 10
257 2254 9
258 2263 9
259 2273 10
260 2282 9
261 2291 9
262 2301 10
263 2311 10
264 2319 8
265 2328 9
266 2337 9
267 2346 9
268 2355 9
269 2364 9
270 2374 10
271 2384 10
272 2393 9
273 2403 10
274 2412 9
275 2422 10
276 2431 9
277 2441 10
278 2450 9
279 2458 8
280 2468 10
281 2478 10
282 2486 8
283 2495 9
284 2504 9
285 2513 9
286 2521 8
287 2531 10
288 2541 10
289 2550 9
290 2560 10
291 2570 10
292 2580 10
293 2590 10
294 2600 10
295 2610 10
296 2618 8
297 2628 10
298 2638 10
299 2646 8
300 2656 10
301 2665 9
302 2674 9
303 2682 8
304 2691 9
305 2699 8
306 2709 10
307 2718 9
308 2727 9
309 2735 8
310 2743 8
311 2753 10
312 2762 9
313 2771 9
314 2779 8
315 2788 9
316 2798 10
317 2808 10
318 2817 9
319 2827 10
320 2837 10
321 2846 9
322 2855 9
323 2862 7
324 2871 9
325 2881 10
326 2891 10
327 2899 8
328 2908 9
329 2918 10
330 2926 8
331 2936 10
332 2943 7
333 2952 9
334 2962 10
335 2970 8
336 2979 9
337 2988 9
338 2998 10
339 3007 9
340 3016 9
341 3025 9
342 3035 10
343 3043 8
344 3051 8
345 3061 10
346 3070 9
347 3079 9
348 3089 10
349 3098 9
350 3107 9
351 3115 8
352 3124 9
353 3133 9
354 3141 8
355 3150 9
356 3159 9
357 3168 9
358 3177 9
359 3186 9
360 3195 9
361 3205 10
362 3215 10
363 3224 9
364 3233 9
365 3243 10
366 3253 10
367 3262 9
368 3272 10
369 3281 9
370 3290 9
371 3299 9
372 3308 9
373 3318 10
374 3327 9
375 3337 10
376 3346 9
377 3355 9
378 3365 10
379 3374 9
380 3384 10
381 3392 8
382 3402 10
383 3412 10
384 3422 10
385 3431 9
386 3441 10
387 3451 10
388 3461 10
389 3467 6
390 3476 9
391 3486 10
392 3495 9
393 3504 9
394 3514 10
395 3522 8
396 3531 9
397 3541 10
398 3551 10
399 3561 10
400 3571 10
401 3580 9
402 3590 10
403 3599 9
404 3608 9
405 3618 10
406 3627 9
407 3637 10
408 3647 10
409 3655 8
410 3664 9
411 3674 10
412 3682 8
413 3690 8
414 3699 9
415 3709 10
416 3719 10
417 3728 9
418 3738 10
419 3747 9
420 3757 10
421 3767 10
422 3776 9
423 3784 8
424 3794 10
425 3804 10
426 3812 8
427 3821 9
428 3830 9
429 3839 9
430 3849 10
431 3859 10
432 3869 10
433 3877 8
434 3887 10
435 3895 8
436 3904 9
437 3912 8
438 3922 10
439 3932 10
440 3942 10
441 3950 8
442 3959 9
443 3968 9
444 3977 9
445 3987 10
446 3997 10
447 4005 8
448 4013 8
449 4022 9
450 4032 10
451 4040 8
452 4050 10
453 4060 10
454 4070 10
455 4080 10
456 4090 10
457 4100 10
458 4109 9
459 4119 10
460 4128 9
461 4137 9
462 4147 10
463 4155 8
464 4164 9
465 4173 9
466 4182 9
467 4192 10
468 4200 8
469 4208 8
470 4218 10
471 4227 9
472 4237 10
473 4247 10
474 4257 10
475 4267 10
476 4276 9
477 4284 8
478 4293 9
479 4302 9
480 4311 9
481 4321 10
482 4330 9
483 4339 9
484 4349 10
485 4358 9
486 4366 8
487 4376 10
488 4386 10
489 4396 10
490 4406 10
491 4415 9
492 4423 8
493 4432 9
494 4442 10
495 4451 9
496 4460 9
497 4469 9
498 4479 10
499 4489 10
500 4499 10
