1 2 2
2 7 5
3 14 7
4 19 5
5 22 3
6 30 8
7 37 7
8 42 5
9 50 8
10 56 6
11 63 7
12 71 8
13 79 8
14 87 8
15 96 9
16 104 8
17 112 8
18 116 4
19 125 9
20 134 9
21 141 7
22 148 7
23 155 7
24 165 10
25 171 6
26 180 9
27 189 9
28 197 8
29 206 9
30 215 9
31 222 7
32 232 10
33 241 9
34 249 8
35 258 9
36 267 9
37 275 8
38 284 9
39 292 8
40 301 9
41 309 8
42 317 8
43 326 9
44 336 10
45 345 9
46 353 8
47 362 9
48 371 9
49 379 8
50 386 7
51 395 9
52 404 9
53 413 9
54 422 9
55 430 8
56 440 10
57 449 9
58 457 8
59 466 9
60 476 10
61 485 9
62 495 10
63 503 8
64 513 10
65 522 9
66 531 9
67 540 9
68 548 8
69 556 8
70 566 10
71 575 9
72 584 9
73 593 9
74 603 10
75 613 10
76 623 10
77 628 5
78 636 8
79 646 10
80 655 9
81 663 8
82 671 8
83 680 9
84 687 7
85 696 9
86 704 8
87 714 10
88 723 9
89 733 10
90 743 10
91 752 9
92 761 9
93 769 8
94 779 10
95 788 9
96 798 10
97 807 9
98 815 8
99 825 10
100 833 8
101 843 10
102 853 10
103 863 10
104 872 9
105 882 10
106 891 9
107 900 9
108 908 8
109 917 9
110 926 9
111 936 10
112 945 9
113 951 6
114 961 10
115 969 8
116 979 10
117 989 10
118 999 10
119 1007 8
120 1016 9
121 1026 10
122 1034 8
123 1043 9
124 1052 9
125 1062 10
126 1072 10
127 1081 9
128 1091 10
129 1101 10
130 1108 7
131 1118 10
132 1128 10
133 1138 10
134 1146 8
135 1156 10
136 1166 10
137 1175 9
138 1184 9
139 1193 9
140 1203 10
141 1212 9
142 1220 8
143 1229 9
144 1239 10
145 1248 9
146 1255 7
147 1264 9
148 1274 10
149 1282 8
150 1290 8
151 1299 9
152 1309 10
153 1316 7
154 1326 10
155 1335 9
156 1345 10
157 1354 9
158 1364 10
159 1373 9
160 1382 9
161 1390 8
162 1399 9
163 1407 8
164 1415 8
165 1425 10
166 1434 9
167 1444 10
168 1454 10
169 1464 10
170 1474 10
171 1484 10
172 1493 9
173 1503 10
174 1513 10
175 1523 10
176 1533 10
177 1543 10
178 1549 6
179 1559 10
180 1569 10
181 1578 9
182 1587 9
183 1596 9
184 1603 7
185 1613 10
186 1621 8
187 1630 9
188 1640 10
189 1649 9
190 1658 9
191 1667 9
192 1677 10
193 1687 10
194 1696 9
195 1704 8
196 1714 10
197 1724 10
198 1734 10
199 1744 10
200 1754 10
201 1762 8
202 1772 10
203 1782 10
204 1792 10
205 1802 10
206 1809 7
207 1818 9
208 1825 7
209 1835 10
210 1845 10
211 1855 10
212 1863 8
213 1872 9
214 1881 9
215 1890 9
216 1900 10
217 1909 9
218 1918 9
219 1927 9
220 1935 8
221 1945 10
222 1955 10
223 1965 10
224 1975 10
225 1984 9
226 1993 9
227 2002 9
228 2011 9
229 2021 10
230 2030 9
231 2040 10
232 2049 9
233 2058 9
234 2067 9
235 2077 10
236 2086 9
237 2095 9
238 2104 9
239 2113 9
240 2123 10
241 2131 8
242 2141 10
243 2147 6
244 2157 10
245 2166 9
246 2175 9
247 2184 9
248 2193 9
249 2203 10
250 2212 9
251 2221 9
252 2231 10
253 2240 9
254 2250 10
255 2260 10
256 2270 10
257 2278 8
258 2287 9
259 2295 8
260 2304 9
261 2314 10
262 2324 10
263 2334 10
264 2344 10
265 2353 9
266 2363 10
267 2373 10
268 2383 10
269 2393 10
270 2402 9
271 2410 8
272 2420 10
273 2429 9
274 2438 9
275 2448 10
276 2457 9
277 2467 10
278 2477 10
279 2486 9
280 2496 10
281 2506 10
282 2516 10
283 2526 10
284 2535 9
285 2544 9
286 2552 8
287 2560 8
288 2569 9
289 2578 9
290 2587 9
291 2597 10
292 2607 10
293 2615 8
294 2624 9
295 2632 8
296 2642 10
297 2652 10
298 2661 9
299 2671 10
300 2681 10
301 2690 9
302 2698 8
303 2708 10
304 2717 9
305 2726 9
306 2736 10
307 2744 8
308 2752 8
309 2760 8
310 2770 10
311 2779 9
312 2789 10
313 2799 10
314 2807 8
315 2814 7
316 2823 9
317 2832 9
318 2842 10
319 2851 9
320 2861 10
321 2870 9
322 2880 10
323 2890 10
324 2899 9
325 2909 10
326 2918 9
327 2927 9
328 2936 9
329 2946 10
330 2956 10
331 2966 10
332 2976 10
333 2986 10
334 2996 10
335 3004 8
336 3013 9
337 3023 10
338 3032 9
339 3042 10
340 3051 9
341 3061 10
342 3070 9
343 3079 9
344 3088 9
345 3097 9
346 3106 9
347 3116 10
348 3126 10
349 3135 9
350 3144 9
351 3154 10
352 3164 10
353 3173 9
354 3181 8
355 3191 10
356 3200 9
357 3206 6
358 3215 9
359 3224 9
360 3234 10
361 3243 9
362 3252 9
363 3262 10
364 3271 9
365 3280 9
366 3289 9
367 3298 9
368 3308 10
369 3317 9
370 3324 7
371 3333 9
372 3343 10
373 3353 10
374 3363 10
375 3371 8
376 3380 9
377 3389 9
378 3399 10
379 3408 9
380 3417 9
381 3426 9
382 3434 8
383 3444 10
384 3454 10
385 3463 9
386 3473 10
387 3483 10
388 3492 9
389 3502 10
390 3511 9
391 3520 9
392 3529 9
393 3537 8
394 3546 9
395 3555 9
396 3564 9
397 3573 9
398 3583 10
399 3593 10
400 3602 9
401 3612 10
402 3622 10
403 3632 10
404 3642 10
405 3652 10
406 3662 10
407 3671 9
408 3681 10
409 3690 9
410 3697 7
411 3706 9
412 3715 9
413 3723 8
414 3733 10
415 3742 9
416 3752 10
417 3761 9
418 3771 10
419 3779 8
420 3788 9
421 3797 9
422 3807 10
423 3816 9
424 3825 9
425 3835 10
426 3843 8
427 3852 9
428 3862 10
429 3871 9
430 3881 10
431 3891 10
432 3900 9
433 3909 9
434 3917 8
435 3926 9
436 3935 9
437 3945 10
438 3954 9
439 3963 9
440 3973 10
441 3982 9
442 3990 8
443 3999 9
444 4009 10
445 4019 10
446 4029 10
447 4039 10
448 4049 10
449 4058 9
450 4068 10
451 4078 10
452 4087 9
453 4097 10
454 4105 8
455 4112 7
456 4121 9
457 4131 10
458 4140 9
459 4148 8
460 4155 7
461 4163 8
462 4173 10
463 4182 9
464 4190 8
465 4197 7
466 4207 10
467 4217 10
468 4226 9
469 4233 7
470 4243 10
471 4251 8
472 4260 9
473 4270 10
474 4280 10
475 4289 9
476 4299 10
477 4309 10
478 4318 9
479 4328 10
480 4337 9
481 4347 10
482 4357 10
483 4364 7
484 4374 10
485 4384 10
486 4394 10
487 4403 9
488 4412 9
489 4421 9
490 4431 10
491 4441 10
492 4451 10
493 4460 9
494 4469 9
495 4478 9
496 4488 10
497 4497 9
498 4507 10
499 4517 10
500 4524 7
