1 7 7
2 12 5
3 19 7
4 25 6
5 32 7
6 39 7
7 47 8
8 54 7
9 60 6
10 67 7
11 71 4
12 76 5
13 84 8
14 91 7
15 97 6
16 107 10
17 115 8
18 122 7
19 130 8
20 137 7
21 144 7
22 153 9
23 161 8
24 171 10
25 178 7
26 187 9
27 195 8
28 204 9
29 211 7
30 220 9
31 230 10
32 238 8
33 246 8
34 256 10
35 266 10
36 275 9
37 285 10
38 295 10
39 303 8
40 310 7
41 319 9
42 328 9
43 337 9
44 345 8
45 354 9
46 363 9
47 373 10
48 381 8
49 387 6
50 396 9
51 404 8
52 412 8
53 419 7
54 428 9
55 435 7
56 444 9
57 454 10
58 463 9
59 472 9
60 482 10
61 492 10
62 501 9
63 510 9
64 520 10
65 527 7
66 536 9
67 545 9
68 555 10
69 564 9
70 573 9
71 581 8
72 590 9
73 598 8
74 608 10
75 618 10
76 627 9
77 635 8
78 644 9
79 653 9
80 662 9
81 671 9
82 681 10
83 690 9
84 699 9
85 708 9
86 718 10
87 727 9
88 736 9
89 745 9
90 755 10
91 765 10
92 774 9
93 781 7
94 789 8
95 799 10
96 807 8
97 817 10
98 825 8
99 833 8
100 842 9
101 849 7
102 858 9
103 867 9
104 877 10
105 885 8
106 895 10
107 904 9
108 914 10
109 924 10
110 932 8
111 941 9
112 951 10
113 959 8
114 966 7
115 976 10
116 985 9
117 995 10
118 1004 9
119 1012 8
120 1021 9
121 1031 10
122 1040 9
123 1047 7
124 1057 10
125 1066 9
126 1075 9
127 1083 8
128 1092 9
129 1099 7
130 1108 9
131 1116 8
132 1123 7
133 1133 10
134 1142 9
135 1151 9
136 1160 9
137 1169 9
138 1178 9
139 1187 9
140 1197 10
141 1205 8
142 1214 9
143 1224 10
144 1234 10
145 1244 10
146 1252 8
147 1261 9
148 1271 10
149 1281 10
150 1291 10
151 1300 9
152 1308 8
153 1317 9
154 1327 10
155 1335 8
156 1344 9
157 1353 9
158 1363 10
159 1372 9
160 1380 8
161 1389 9
162 1396 7
163 1406 10
164 1416 10
165 1426 10
166 1433 7
167 1442 9
168 1452 10
169 1462 10
170 1472 10
171 1480 8
172 1490 10
173 1498 8
174 1507 9
175 1516 9
176 1526 10
177 1535 9
178 1545 10
179 1555 10
180 1564 9
181 1573 9
182 1581 8
183 1591 10
184 1601 10
185 1609 8
186 1617 8
187 1626 9
188 1635 9
189 1645 10
190 1655 10
191 1665 10
192 1674 9
193 1684 10
194 1694 10
195 1704 10
196 1714 10
197 1722 8
198 1732 10
199 1740 8
200 1750 10
201 1760 10
202 1769 9
203 1777 8
204 1786 9
205 1794 8
206 1804 10
207 1812 8
208 1821 9
209 1830 9
210 1840 10
211 1849 9
212 1858 9
213 1866 8
214 1874 8
215 1883 9
216 1891 8
217 1900 9
218 1908 8
219 1917 9
220 1924 7
221 1934 10
222 1943 9
223 1952 9
224 1960 8
225 1968 8
226 1978 10
227 1988 10
228 1997 9
229 2006 9
230 2015 9
231 2024 9
232 2033 9
233 2042 9
234 2052 10
235 2062 10
236 2071 9
237 2081 10
238 2091 10
239 2101 10
240 2111 10
241 2119 8
242 2128 9
243 2138 10
244 2148 10
245 2154 6
246 2164 10
247 2174 10
248 2183 9
249 2193 10
250 2202 9
251 2208 6
252 2217 9
253 2226 9
254 2236 10
255 2246 10
256 2256 10
257 2265 9
258 2274 9
259 2283 9
260 2289 6
261 2298 9
262 2306 8
263 2314 8
264 2323 9
265 2332 9
266 2341 9
267 2348 7
268 2357 9
269 2365 8
270 2374 9
271 2384 10
272 2393 9
273 2403 10
274 2412 9
275 2421 9
276 2431 10
277 2441 10
278 2449 8
279 2459 10
280 2468 9
281 2476 8
282 2486 10
283 2495 9
284 2505 10
285 2514 9
286 2524 10
287 2532 8
288 2542 10
289 2552 10
290 2562 10
291 2571 9
292 2580 9
293 2589 9
294 2598 9
295 2608 10
296 2615 7
297 2623 8
298 2633 10
299 2641 8
300 2649 8
301 2658 9
302 2667 9
303 2677 10
304 2687 10
305 2697 10
306 2706 9
307 2715 9
308 2725 10
309 2733 8
310 2743 10
311 2753 10
312 2760 7
313 2770 10
314 2780 10
315 2788 8
316 2797 9
317 2806 9
318 2816 10
319 2825 9
320 2833 8
321 2843 10
322 2853 10
323 2862 9
324 2871 9
325 2879 8
326 2889 10
327 2899 10
328 2909 10
329 2917 8
330 2926 9
331 2935 9
332 2944 9
333 2953 9
334 2960 7
335 2967 7
336 2977 10
337 2987 10
338 2996 9
339 3006 10
340 3016 10
341 3026 10
342 3033 7
343 3043 10
344 3051 8
345 3061 10
346 3069 8
347 3078 9
348 3088 10
349 3095 7
350 3104 9
351 3113 9
352 3121 8
353 3130 9
354 3140 10
355 3149 9
356 3158 9
357 3165 7
358 3175 10
359 3185 10
360 3195 10
361 3204 9
362 3212 8
363 3222 10
364 3232 10
365 3240 8
366 3249 9
367 3258 9
368 3266 8
369 3275 9
370 3285 10
371 3293 8
372 3303 10
373 3312 9
374 3321 9
375 3331 10
376 3341 10
377 3351 10
378 3360 9
379 3369 9
380 3378 9
381 3388 10
382 3397 9
383 3407 10
384 3415 8
385 3424 9
386 3432 8
387 3440 8
388 3449 9
389 3458 9
390 3468 10
391 3478 10
392 3486 8
393 3496 10
394 3505 9
395 3514 9
396 3521 7
397 3530 9
398 3540 10
399 3550 10
400 3559 9
401 3567 8
402 3577 10
403 3587 10
404 3596 9
405 3606 10
406 3615 9
407 3625 10
408 3633 8
409 3643 10
410 3653 10
411 3663 10
412 3673 10
413 3683 10
414 3691 8
415 3701 10
416 3710 9
417 3718 8
418 3727 9
419 3736 9
420 3744 8
421 3754 10
422 3763 9
423 3772 9
424 3782 10
425 3790 8
426 3798 8
427 3807 9
428 3816 9
429 3826 10
430 3835 9
431 3845 10
432 3853 8
433 3862 9
434 3872 10
435 3882 10
436 3892 10
437 3901 9
438 3911 10
439 3921 10
440 3931 10
441 3940 9
442 3950 10
443 3959 9
444 3969 10
445 3979 10
446 3988 9
447 3997 9
448 4004 7
449 4013 9
450 4022 9
451 4032 10
452 4041 9
453 4050 9
454 4060 10
455 4070 10
456 4079 9
457 4089 10
458 4098 9
459 4108 10
460 4115 7
461 4124 9
462 4133 9
463 4143 10
464 4153 10
465 4163 10
466 4173 10
467 4180 7
468 4189 9
469 4198 9
470 4208 10
471 4217 9
472 4226 9
473 4235 9
474 4244 9
475 4253 9
476 4261 8
477 4271 10
478 4280 9
479 4288 8
480 4296 8
481 4305 9
482 4314 9
483 4323 9
484 4333 10
485 4341 8
486 4351 10
487 4359 8
488 4368 9
489 4376 8
490 4386 10
491 4393 7
492 4403 10
493 4412 9
494 4421 9
495 4428 7
496 4437 9
497 4447 10
498 4455 8
499 4464 9
500 4473 9
