1 6 6
2 10 4
3 17 7
4 23 6
5 31 8
6 41 10
7 46 5
8 54 8
9 62 8
10 67 5
11 75 8
12 83 8
13 90 7
14 97 7
15 105 8
16 113 8
17 122 9
18 131 9
19 139 8
20 147 8
21 156 9
22 165 9
23 173 8
24 178 5
25 187 9
26 197 10
27 204 7
28 214 10
29 223 9
30 233 10
31 242 9
32 248 6
33 256 8
34 264 8
35 273 9
36 282 9
37 290 8
38 299 9
39 307 8
40 316 9
41 325 9
42 331 6
43 338 7
44 347 9
45 355 8
46 363 8
47 371 8
48 381 10
49 391 10
50 400 9
51 409 9
52 418 9
53 427 9
54 437 10
55 446 9
56 455 9
57 464 9
58 474 10
59 483 9
60 491 8
61 499 8
62 507 8
63 517 10
64 526 9
65 535 9
66 543 8
67 552 9
68 559 7
69 569 10
70 578 9
71 586 8
72 596 10
73 606 10
74 616 10
75 625 9
76 635 10
77 644 9
78 653 9
79 663 10
80 673 10
81 683 10
82 692 9
83 702 10
84 711 9
85 720 9
86 729 9
87 739 10
88 748 9
89 758 10
90 766 8
91 773 7
92 783 10
93 792 9
94 801 9
95 808 7
96 817 9
97 826 9
98 836 10
99 846 10
100 854 8
101 864 10
102 873 9
103 880 7
104 888 8
105 897 9
106 906 9
107 916 10
108 925 9
109 935 10
110 943 8
111 952 9
112 961 9
113 970 9
114 979 9
115 987 8
116 996 9
117 1006 10
118 1016 10
119 1024 8
120 1031 7
121 1040 9
122 1050 10
123 1059 9
124 1069 10
125 1079 10
126 1088 9
127 1097 9
128 1104 7
129 1113 9
130 1123 10
131 1132 9
132 1141 9
133 1150 9
134 1157 7
135 1166 9
136 1176 10
137 1184 8
138 1194 10
139 1203 9
140 1211 8
141 1219 8
142 1226 7
143 1236 10
144 1243 7
145 1252 9
146 1260 8
147 1266 6
148 1273 7
149 1281 8
150 1291 10
151 1301 10
152 1311 10
153 1321 10
154 1331 10
155 1339 8
156 1347 8
157 1357 10
158 1367 10
159 1375 8
160 1385 10
161 1394 9
162 1404 10
163 1414 10
164 1423 9
165 1432 9
166 1441 9
167 1451 10
168 1458 7
169 1468 10
170 1476 8
171 1483 7
172 1491 8
173 1501 10
174 1511 10
175 1520 9
176 1529 9
177 1539 10
178 1548 9
179 1557 9
180 1567 10
181 1576 9
182 1586 10
183 1595 9
184 1604 9
185 1614 10
186 1624 10
187 1632 8
188 1640 8
189 1650 10
190 1660 10
191 1670 10
192 1679 9
193 1688 9
194 1697 9
195 1707 10
196 1716 9
197 1726 10
198 1735 9
199 1744 9
200 1752 8
201 1761 9
202 1770 9
203 1779 9
204 1789 10
205 1798 9
206 1807 9
207 1817 10
208 1826 9
209 1835 9
210 1844 9
211 1854 10
212 1862 8
213 1872 10
214 1881 9
215 1890 9
216 1899 9
217 1907 8
218 1915 8
219 1924 9
220 1934 10
221 1943 9
222 1952 9
223 1961 9
224 1967 6
225 1977 10
226 1986 9
227 1996 10
228 2006 10
229 2015 9
230 2024 9
231 2033 9
232 2043 10
233 2052 9
234 2062 10
235 2071 9
236 2081 10
237 2091 10
238 2100 9
239 2109 9
240 2117 8
241 2127 10
242 2137 10
243 2147 10
244 2157 10
245 2167 10
246 2176 9
247 2186 10
248 2196 10
249 2205 9
250 2214 9
251 2223 9
252 2233 10
253 2242 9
254 2252 10
255 2261 9
256 2271 10
257 2281 10
258 2291 10
259 2300 9
260 2310 10
261 2319 9
262 2328 9
263 2338 10
264 2347 9
265 2356 9
266 2364 8
267 2374 10
268 2382 8
269 2391 9
270 2399 8
271 2408 9
272 2416 8
273 2426 10
274 2436 10
275 2445 9
276 2454 9
277 2463 9
278 2471 8
279 2481 10
280 2491 10
281 2500 9
282 2510 10
283 2519 9
284 2529 10
285 2538 9
286 2547 9
287 2556 9
288 2566 10
289 2576 10
290 2583 7
291 2592 9
292 2601 9
293 2611 10
294 2620 9
295 2629 9
296 2639 10
297 2649 10
298 2658 9
299 2668 10
300 2677 9
301 2686 9
302 2696 10
303 2704 8
304 2713 9
305 2721 8
306 2730 9
307 2738 8
308 2747 9
309 2756 9
310 2766 10
311 2774 8
312 2784 10
313 2793 9
314 2803 10
315 2813 10
316 2823 10
317 2832 9
318 2840 8
319 2850 10
320 2860 10
321 2869 9
322 2876 7
323 2886 10
324 2895 9
325 2904 9
326 2914 10
327 2922 8
328 2932 10
329 2941 9
330 2951 10
331 2960 9
332 2966 6
333 2975 9
334 2985 10
335 2995 10
336 3004 9
337 3011 7
338 3021 10
339 3030 9
340 3039 9
341 3049 10
342 3058 9
343 3067 9
344 3076 9
345 3085 9
346 3094 9
347 3102 8
348 3111 9
349 3121 10
350 3130 9
351 3140 10
352 3150 10
353 3160 10
354 3169 9
355 3179 10
356 3188 9
357 3195 7
358 3204 9
359 3214 10
360 3223 9
361 3233 10
362 3243 10
363 3253 10
364 3263 10
365 3272 9
366 3281 9
367 3290 9
368 3300 10
369 3309 9
370 3317 8
371 3327 10
372 3337 10
373 3347 10
374 3357 10
375 3366 9
376 3375 9
377 3385 10
378 3395 10
379 3404 9
380 3414 10
381 3422 8
382 3432 10
383 3441 9
384 3451 10
385 3458 7
386 3468 10
387 3477 9
388 3487 10
389 3497 10
390 3506 9
391 3514 8
392 3522 8
393 3532 10
394 3542 10
395 3552 10
396 3562 10
397 3572 10
398 3581 9
399 3589 8
400 3598 9
401 3607 9
402 3615 8
403 3624 9
404 3632 8
405 3640 8
406 3649 9
407 3659 10
408 3668 9
409 3678 10
410 3687 9
411 3697 10
412 3706 9
413 3716 10
414 3724 8
415 3733 9
416 3743 10
417 3751 8
418 3760 9
419 3766 6
420 3774 8
421 3783 9
422 3792 9
423 3802 10
424 3811 9
425 3819 8
426 3828 9
427 3836 8
428 3844 8
429 3853 9
430 3863 10
431 3871 8
432 3881 10
433 3890 9
434 3899 9
435 3907 8
436 3916 9
437 3926 10
438 3935 9
439 3945 10
440 3953 8
441 3962 9
442 3970 8
443 3980 10
444 3989 9
445 3999 10
446 4007 8
447 4017 10
448 4027 10
449 4037 10
450 4046 9
451 4056 10
452 4066 10
453 4075 9
454 4084 9
455 4093 9
456 4101 8
457 4111 10
458 4121 10
459 4130 9
460 4139 9
461 4147 8
462 4157 10
463 4164 7
464 4174 10
465 4184 10
466 4194 10
467 4203 9
468 4212 9
469 4222 10
470 4232 10
471 4242 10
472 4252 10
473 4262 10
474 4272 10
475 4281 9
476 4290 9
477 4299 9
478 4309 10
479 4319 10
480 4329 10
481 4337 8
482 4347 10
483 4355 8
484 4363 8
485 4372 9
486 4381 9
487 4390 9
488 4399 9
489 4407 8
490 4417 10
491 4426 9
492 4434 8
493 4444 10
494 4452 8
495 4461 9
496 4470 9
497 4478 8
498 4488 10
499 4498 10
500 4508 10
