1 7 7
2 13 6
3 18 5
4 23 5
5 29 6
6 37 8
7 43 6
8 50 7
9 56 6
10 65 9
11 74 9
12 79 5
13 87 8
14 96 9
15 103 7
16 112 9
17 121 9
18 130 9
19 140 10
20 148 8
21 155 7
22 164 9
23 172 8
24 182 10
25 191 9
26 198 7
27 207 9
28 216 9
29 224 8
30 230 6
31 236 6
32 244 8
33 253 9
34 263 10
35 273 10
36 282 9
37 290 8
38 299 9
39 307 8
40 312 5
41 321 9
42 328 7
43 338 10
44 346 8
45 355 9
46 361 6
47 370 9
48 380 10
49 390 10
50 398 8
51 408 10
52 416 8
53 423 7
54 432 9
55 441 9
56 451 10
57 459 8
58 469 10
59 476 7
60 486 10
61 494 8
62 503 9
63 512 9
64 520 8
65 529 9
66 537 8
67 545 8
68 554 9
69 563 9
70 573 10
71 580 7
72 590 10
73 600 10
74 608 8
75 614 6
76 623 9
77 630 7
78 639 9
79 647 8
80 657 10
81 665 8
82 674 9
83 681 7
84 691 10
85 699 8
86 708 9
87 717 9
88 726 9
89 734 8
90 743 9
91 753 10
92 763 10
93 771 8
94 781 10
95 791 10
96 799 8
97 807 8
98 815 8
99 824 9
100 834 10
101 841 7
102 851 10
103 858 7
104 868 10
105 877 9
106 884 7
107 889 5
108 899 10
109 909 10
110 919 10
111 928 9
112 938 10
113 946 8
114 956 10
115 964 8
116 974 10
117 984 10
118 994 10
119 1002 8
120 1010 8
121 1018 8
122 1028 10
123 1036 8
124 1045 9
125 1054 9
126 1064 10
127 1074 10
128 1081 7
129 1090 9
130 1100 10
131 1109 9
132 1118 9
133 1126 8
134 1135 9
135 1144 9
136 1152 8
137 1161 9
138 1168 7
139 1177 9
140 1186 9
141 1196 10
142 1205 9
143 1215 10
144 1225 10
145 1234 9
146 1242 8
147 1251 9
148 1260 9
149 1269 9
150 1278 9
151 1288 10
152 1297 9
153 1307 10
154 1316 9
155 1326 10
156 1336 10
157 1344 8
158 1352 8
159 1360 8
160 1369 9
161 1378 9
162 1387 9
163 1397 10
164 1405 8
165 1415 10
166 1424 9
167 1433 9
168 1443 10
169 1452 9
170 1461 9
171 1470 9
172 1480 10
173 1490 10
174 1498 8
175 1508 10
176 1517 9
177 1526 9
178 1534 8
179 1543 9
180 1550 7
181 1557 7
182 1567 10
183 1576 9
184 1585 9
185 1594 9
186 1604 10
187 1614 10
188 1622 8
189 1631 9
190 1639 8
191 1648 9
192 1658 10
193 1667 9
194 1677 10
195 1687 10
196 1697 10
197 1706 9
198 1716 10
199 1725 9
200 1731 6
201 1741 10
202 1751 10
203 1760 9
204 1767 7
205 1777 10
206 1786 9
207 1795 9
208 1804 9
209 1813 9
210 1820 7
211 1828 8
212 1837 9
213 1846 9
214 1856 10
215 1865 9
216 1875 10
217 1884 9
218 1894 10
219 1902 8
220 1912 10
221 1920 8
222 1929 9
223 1939 10
224 1948 9
225 1957 9
226 1966 9
227 1974 8
228 1983 9
229 1992 9
230 2001 9
231 2011 10
232 2019 8
233 2026 7
234 2034 8
235 2044 10
236 2053 9
237 2062 9
238 2072 10
239 2081 9
240 2090 9
241 2100 10
242 2110 10
243 2120 10
244 2129 9
245 2138 9
246 2148 10
247 2158 10
248 2167 9
249 2177 10
250 2185 8
251 2193 8
252 2203 10
253 2212 9
254 2222 10
255 2232 10
256 2240 8
257 2249 9
258 2259 10
259 2268 9
260 2277 9
261 2285 8
262 2294 9
263 2304 10
264 2313 9
265 2323 10
266 2332 9
267 2339 7
268 2349 10
269 2358 9
270 2366 8
271 2375 9
272 2384 9
273 2393 9
274 2403 10
275 2413 10
276 2422 9
277 2432 10
278 2442 10
279 2451 9
280 2461 10
281 2471 10
282 2479 8
283 2488 9
284 2496 8
285 2506 10
286 2516 10
287 2524 8
288 2532 8
289 2542 10
290 2551 9
291 2561 10
292 2570 9
293 2580 10
294 2590 10
295 2599 9
296 2607 8
297 2616 9
298 2624 8
299 2633 9
300 2643 10
301 2653 10
302 2662 9
303 2672 10
304 2682 10
305 2691 9
306 2700 9
307 2710 10
308 2719 9
309 2728 9
310 2738 10
311 2747 9
312 2754 7
313 2763 9
314 2772 9
315 2781 9
316 2791 10
317 2801 10
318 2811 10
319 2820 9
320 2829 9
321 2838 9
322 2846 8
323 2855 9
324 2863 8
325 2872 9
326 2881 9
327 2890 9
328 2900 10
329 2909 9
330 2917 8
331 2922 5
332 2932 10
333 2942 10
334 2952 10
335 2961 9
336 2971 10
337 2981 10
338 2989 8
339 2999 10
340 3008 9
341 3018 10
342 3027 9
343 3037 10
344 3047 10
345 3056 9
346 3065 9
347 3074 9
348 3084 10
349 3094 10
350 3102 8
351 3110 8
352 3119 9
353 3128 9
354 3137 9
355 3145 8
356 3154 9
357 3163 9
358 3172 9
359 3182 10
360 3192 10
361 3202 10
362 3211 9
363 3219 8
364 3229 10
365 3239 10
366 3247 8
367 3257 10
368 3267 10
369 3275 8
370 3283 8
371 3292 9
372 3300 8
373 3308 8
374 3316 8
375 3325 9
376 3334 9
377 3342 8
378 3351 9
379 3360 9
380 3370 10
381 3379 9
382 3388 9
383 3396 8
384 3404 8
385 3412 8
386 3422 10
387 3431 9
388 3439 8
389 3449 10
390 3457 8
391 3467 10
392 3477 10
393 3486 9
394 3496 10
395 3506 10
396 3516 10
397 3524 8
398 3533 9
399 3541 8
400 3550 9
401 3560 10
402 3568 8
403 3578 10
404 3588 10
405 3597 9
406 3607 10
407 3617 10
408 3626 9
409 3636 10
410 3646 10
411 3656 10
412 3666 10
413 3673 7
414 3682 9
415 3691 9
416 3701 10
417 3709 8
418 3718 9
419 3727 9
420 3736 9
421 3745 9
422 3755 10
423 3763 8
424 3772 9
425 3782 10
426 3792 10
427 3802 10
428 3812 10
429 3821 9
430 3830 9
431 3840 10
432 3849 9
433 3857 8
434 3867 10
435 3877 10
436 3887 10
437 3896 9
438 3905 9
439 3915 10
440 3925 10
441 3935 10
442 3945 10
443 3954 9
444 3964 10
445 3974 10
446 3984 10
447 3994 10
448 4004 10
449 4013 9
450 4022 9
451 4032 10
452 4041 9
453 4050 9
454 4060 10
455 4070 10
456 4079 9
457 4089 10
458 4099 10
459 4108 9
460 4116 8
461 4126 10
462 4136 10
463 4144 8
464 4154 10
465 4163 9
466 4173 10
467 4182 9
468 4191 9
469 4201 10
470 4211 10
471 4221 10
472 4231 10
473 4239 8
474 4248 9
475 4257 9
476 4266 9
477 4276 10
478 4286 10
479 4294 8
480 4303 9
481 4311 8
482 4320 9
483 4330 10
484 4339 9
485 4348 9
486 4357 9
487 4367 10
488 4374 7
489 4381 7
490 4391 10
491 4401 10
492 4411 10
493 4420 9
494 4430 10
495 4437 7
496 4447 10
497 4454 7
498 4463 9
499 4472 9
500 4480 8
