1 2 2
2 10 8
3 16 6
4 22 6
5 29 7
6 37 8
7 44 7
8 51 7
9 58 7
10 68 10
11 76 8
12 84 8
13 91 7
14 99 8
15 107 8
16 114 7
17 122 8
18 130 8
19 137 7
20 146 9
21 153 7
22 161 8
23 170 9
24 176 6
25 183 7
26 193 10
27 202 9
28 207 5
29 212 5
30 221 9
31 231 10
32 240 9
33 248 8
34 257 9
35 267 10
36 277 10
37 285 8
38 292 7
39 301 9
40 310 9
41 319 9
42 327 8
43 337 10
44 345 8
45 353 8
46 361 8
47 371 10
48 380 9
49 390 10
50 399 9
51 408 9
52 417 9
53 425 8
54 435 10
55 443 8
56 452 9
57 460 8
58 469 9
59 479 10
60 489 10
61 498 9
62 507 9
63 517 10
64 526 9
65 535 9
66 543 8
67 551 8
68 558 7
69 567 9
70 577 10
71 587 10
72 595 8
73 603 8
74 610 7
75 620 10
76 629 9
77 638 9
78 647 9
79 654 7
80 664 10
81 673 9
82 682 9
83 691 9
84 701 10
85 708 7
86 718 10
87 726 8
88 735 9
89 745 10
90 755 10
91 765 10
92 774 9
93 782 8
94 792 10
95 800 8
96 809 9
97 819 10
98 829 10
99 839 10
100 847 8
101 855 8
102 862 7
103 871 9
104 881 10
105 890 9
106 900 10
107 908 8
108 918 10
109 926 8
110 934 8
111 941 7
112 950 9
113 959 9
114 969 10
115 976 7
116 984 8
117 993 9
118 1001 8
119 1010 9
120 1020 10
121 1030 10
122 1038 8
123 1048 10
124 1058 10
125 1064 6
126 1073 9
127 1082 9
128 1092 10
129 1101 9
130 1111 10
131 1119 8
132 1128 9
133 1137 9
134 1146 9
135 1154 8
136 1163 9
137 1173 10
138 1183 10
139 1192 9
140 1202 10
141 1209 7
142 1216 7
143 1225 9
144 1233 8
145 1243 10
146 1249 6
147 1259 10
148 1268 9
149 1276 8
150 1286 10
151 1293 7
152 1303 10
153 1312 9
154 1320 8
155 1329 9
156 1339 10
157 1348 9
158 1358 10
159 1367 9
160 1375 8
161 1384 9
162 1393 9
163 1400 7
164 1409 9
165 1417 8
166 1427 10
167 1436 9
168 1446 10
169 1456 10
170 1464 8
171 1473 9
172 1482 9
173 1492 10
174 1502 10
175 1512 10
176 1520 8
177 1530 10
178 1539 9
179 1547 8
180 1555 8
181 1564 9
182 1573 9
183 1583 10
184 1593 10
185 1603 10
186 1613 10
187 1621 8
188 1629 8
189 1639 10
190 1649 10
191 1659 10
192 1669 10
193 1678 9
194 1688 10
195 1698 10
196 1708 10
197 1716 8
198 1724 8
199 1734 10
200 1744 10
201 1754 10
202 1763 9
203 1772 9
204 1781 9
205 1790 9
206 1799 9
207 1808 9
208 1817 9
209 1826 9
210 1836 10
211 1846 10
212 1856 10
213 1865 9
214 1875 10
215 1884 9
216 1891 7
217 1901 10
218 1911 10
219 1921 10
220 1931 10
221 1938 7
222 1947 9
223 1956 9
224 1964 8
225 1973 9
226 1982 9
227 1991 9
228 1998 7
229 2007 9
230 2017 10
231 2027 10
232 2036 9
233 2046 10
234 2056 10
235 2065 9
236 2074 9
237 2083 9
238 2092 9
239 2102 10
240 2110 8
241 2120 10
242 2129 9
243 2137 8
244 2147 10
245 2157 10
246 2165 8
247 2174 9
248 2183 9
249 2192 9
250 2201 9
251 2211 10
252 2221 10
253 2230 9
254 2239 9
255 2248 9
256 2258 10
257 2267 9
258 2277 10
259 2287 10
260 2295 8
261 2305 10
262 2315 10
263 2324 9
264 2331 7
265 2341 10
266 2351 10
267 2360 9
268 2370 10
269 2380 10
270 2389 9
271 2399 10
272 2409 10
273 2418 9
274 2428 10
275 2438 10
276 2446 8
277 2456 10
278 2466 10
279 2476 10
280 2485 9
281 2494 9
282 2504 10
283 2511 7
284 2519 8
285 2529 10
286 2539 10
287 2549 10
288 2559 10
289 2567 8
290 2575 8
291 2583 8
292 2592 9
293 2602 10
294 2612 10
295 2619 7
296 2629 10
297 2638 9
298 2648 10
299 2658 10
300 2668 10
301 2677 9
302 2686 9
303 2695 9
304 2704 9
305 2714 10
306 2724 10
307 2734 10
308 2742 8
309 2751 9
310 2760 9
311 2770 10
312 2778 8
313 2788 10
314 2797 9
315 2807 10
316 2815 8
317 2824 9
318 2833 9
319 2843 10
320 2852 9
321 2860 8
322 2868 8
323 2878 10
324 2888 10
325 2897 9
326 2907 10
327 2916 9
328 2925 9
329 2935 10
330 2945 10
331 2953 8
332 2963 10
333 2973 10
334 2981 8
335 2989 8
336 2998 9
337 3007 9
338 3017 10
339 3025 8
340 3035 10
341 3045 10
342 3055 10
343 3064 9
344 3073 9
345 3083 10
346 3093 10
347 3102 9
348 3112 10
349 3120 8
350 3130 10
351 3140 10
352 3149 9
353 3159 10
354 3169 10
355 3179 10
356 3189 10
357 3198 9
358 3207 9
359 3216 9
360 3226 10
361 3235 9
362 3245 10
363 3253 8
364 3261 8
365 3269 8
366 3278 9
367 3287 9
368 3297 10
369 3306 9
370 3315 9
371 3324 9
372 3334 10
373 3344 10
374 3352 8
375 3361 9
376 3370 9
377 3380 10
378 3389 9
379 3399 10
380 3408 9
381 3417 9
382 3425 8
383 3433 8
384 3442 9
385 3451 9
386 3461 10
387 3471 10
388 3480 9
389 3489 9
390 3499 10
391 3508 9
392 3518 10
393 3528 10
394 3537 9
395 3545 8
396 3554 9
397 3564 10
398 3574 10
399 3584 10
400 3594 10
401 3602 8
402 3611 9
403 3621 10
404 3629 8
405 3639 10
406 3649 10
407 3657 8
408 3667 10
409 3676 9
410 3685 9
411 3694 9
412 3703 9
413 3712 9
414 3721 9
415 3730 9
416 3738 8
417 3748 10
418 3757 9
419 3767 10
420 3777 10
421 3786 9
422 3796 10
423 3806 10
424 3815 9
425 3825 10
426 3834 9
427 3843 9
428 3850 7
429 3859 9
430 3868 9
431 3877 9
432 3886 9
433 3896 10
434 3904 8
435 3913 9
436 3922 9
437 3931 9
438 3941 10
439 3951 10
440 3960 9
441 3968 8
442 3976 8
443 3986 10
444 3996 10
445 4006 10
446 4016 10
447 4026 10
448 4036 10
449 4046 10
450 4055 9
451 4064 9
452 4073 9
453 4083 10
454 4091 8
455 4100 9
456 4110 10
457 4120 10
458 4130 10
459 4140 10
460 4150 10
461 4160 10
462 4170 10
463 4180 10
464 4190 10
465 4197 7
466 4207 10
467 4216 9
468 4226 10
469 4235 9
470 4245 10
471 4255 10
472 4263 8
473 4271 8
474 4280 9
475 4290 10
476 4300 10
477 4309 9
478 4318 9
479 4326 8
480 4336 10
481 4344 8
482 4351 7
483 4360 9
484 4370 10
485 4379 9
486 4389 10
487 4399 10
488 4408 9
489 4418 10
490 4428 10
491 4438 10
492 4448 10
493 4458 10
494 4468 10
495 4478 10
496 4488 10
497 4497 9
498 4507 10
499 4516 9
500 4526 10
