1 4 4
2 7 3
3 10 3
4 15 5
5 22 7
6 30 8
7 39 9
8 43 4
9 52 9
10 60 8
11 66 6
12 72 6
13 81 9
14 89 8
15 96 7
16 103 7
17 110 7
18 116 6
19 125 9
20 133 8
21 141 8
22 149 8
23 158 9
24 167 9
25 174 7
26 182 8
27 190 8
28 196 6
29 206 10
30 216 10
31 225 9
32 235 10
33 243 8
34 253 10
35 261 8
36 269 8
37 279 10
38 288 9
39 296 8
40 304 8
41 312 8
42 321 9
43 331 10
44 337 6
45 347 10
46 356 9
47 366 10
48 374 8
49 383 9
50 393 10
51 400 7
52 409 9
53 417 8
54 426 9
55 434 8
56 443 9
57 452 9
58 462 10
59 472 10
60 481 9
61 491 10
62 500 9
63 510 10
64 516 6
65 525 9
66 532 7
67 541 9
68 549 8
69 558 9
70 566 8
71 574 8
72 583 9
73 593 10
74 602 9
75 611 9
76 619 8
77 628 9
78 635 7
79 643 8
80 653 10
81 662 9
82 671 9
83 680 9
84 690 10
85 699 9
86 706 7
87 716 10
88 726 10
89 736 10
90 743 7
91 752 9
92 760 8
93 770 10
94 779 9
95 786 7
96 796 10
97 804 8
98 811 7
99 819 8
100 829 10
101 837 8
102 845 8
103 854 9
104 861 7
105 870 9
106 879 9
107 888 9
108 895 7
109 903 8
110 912 9
111 921 9
112 931 10
113 940 9
114 948 8
115 957 9
116 966 9
117 976 10
118 984 8
119 994 10
120 1004 10
121 1013 9
122 1022 9
123 1030 8
124 1038 8
125 1046 8
126 1056 10
127 1065 9
128 1075 10
129 1082 7
130 1090 8
131 1100 10
132 1110 10
133 1119 9
134 1127 8
135 1137 10
136 1146 9
137 1154 8
138 1162 8
139 1170 8
140 1178 8
141 1186 8
142 1196 10
143 1205 9
144 1213 8
145 1223 10
146 1233 10
147 1242 9
148 1251 9
149 1260 9
150 1268 8
151 1275 7
152 1285 10
153 1293 8
154 1302 9
155 1310 8
156 1317 7
157 1326 9
158 1335 9
159 1343 8
160 1351 8
161 1361 10
162 1370 9
163 1379 9
164 1389 10
165 1399 10
166 1409 10
167 1418 9
168 1428 10
169 1437 9
170 1447 10
171 1457 10
172 1467 10
173 1477 10
174 1486 9
175 1495 9
176 1505 10
177 1514 9
178 1524 10
179 1534 10
180 1543 9
181 1553 10
182 1563 10
183 1570 7
184 1580 10
185 1589 9
186 1598 9
187 1606 8
188 1616 10
189 1625 9
190 1634 9
191 1644 10
192 1654 10
193 1663 9
194 1671 8
195 1681 10
196 1690 9
197 1700 10
198 1708 8
199 1717 9
200 1725 8
201 1732 7
202 1740 8
203 1749 9
204 1758 9
205 1766 8
206 1776 10
207 1784 8
208 1794 10
209 1803 9
210 1812 9
211 1822 10
212 1830 8
213 1839 9
214 1845 6
215 1855 10
216 1864 9
217 1872 8
218 1880 8
219 1890 10
220 1900 10
221 1910 10
222 1920 10
223 1929 9
224 1939 10
225 1947 8
226 1956 9
227 1966 10
228 1976 10
229 1986 10
230 1993 7
231 2002 9
232 2012 10
233 2021 9
234 2031 10
235 2039 8
236 2048 9
237 2058 10
238 2066 8
239 2075 9
240 2084 9
241 2092 8
242 2101 9
243 2110 9
244 2120 10
245 2129 9
246 2139 10
247 2148 9
248 2156 8
249 2165 9
250 2174 9
251 2183 9
252 2191 8
253 2200 9
254 2210 10
255 2219 9
256 2228 9
257 2238 10
258 2247 9
259 2256 9
260 2266 10
261 2275 9
262 2285 10
263 2293 8
264 2302 9
265 2312 10
266 2321 9
267 2331 10
268 2340 9
269 2350 10
270 2359 9
271 2369 10
272 2378 9
273 2388 10
274 2398 10
275 2408 10
276 2418 10
277 2426 8
278 2436 10
279 2446 10
280 2452 6
281 2461 9
282 2470 9
283 2477 7
284 2487 10
285 2497 10
286 2506 9
287 2516 10
288 2526 10
289 2536 10
290 2544 8
291 2553 9
292 2562 9
293 2570 8
294 2580 10
295 2590 10
296 2600 10
297 2610 10
298 2620 10
299 2627 7
300 2637 10
301 2646 9
302 2656 10
303 2666 10
304 2676 10
305 2686 10
306 2695 9
307 2702 7
308 2711 9
309 2720 9
310 2729 9
311 2738 9
312 2748 10
313 2757 9
314 2767 10
315 2776 9
316 2785 9
317 2795 10
318 2804 9
319 2813 9
320 2821 8
321 2829 8
322 2839 10
323 2847 8
324 2857 10
325 2867 10
326 2876 9
327 2885 9
328 2894 9
329 2903 9
330 2911 8
331 2920 9
332 2927 7
333 2937 10
334 2947 10
335 2956 9
336 2964 8
337 2974 10
338 2984 10
339 2993 9
340 3002 9
341 3011 9
342 3021 10
343 3030 9
344 3038 8
345 3047 9
346 3055 8
347 3065 10
348 3074 9
349 3084 10
350 3093 9
351 3102 9
352 3112 10
353 3120 8
354 3130 10
355 3138 8
356 3148 10
357 3158 10
358 3167 9
359 3177 10
360 3187 10
361 3197 10
362 3206 9
363 3216 10
364 3226 10
365 3236 10
366 3245 9
367 3255 10
368 3264 9
369 3274 10
370 3284 10
371 3293 9
372 3303 10
373 3313 10
374 3323 10
375 3331 8
376 3339 8
377 3349 10
378 3359 10
379 3369 10
380 3378 9
381 3388 10
382 3397 9
383 3407 10
384 3417 10
385 3425 8
386 3434 9
387 3444 10
388 3453 9
389 3463 10
390 3473 10
391 3481 8
392 3490 9
393 3500 10
394 3508 8
395 3517 9
396 3525 8
397 3535 10
398 3544 9
399 3553 9
400 3561 8
401 3571 10
402 3579 8
403 3589 10
404 3597 8
405 3607 10
406 3615 8
407 3624 9
408 3634 10
409 3642 8
410 3651 9
411 3661 10
412 3670 9
413 3680 10
414 3689 9
415 3698 9
416 3708 10
417 3718 10
418 3728 10
419 3738 10
420 3748 10
421 3758 10
422 3768 10
423 3777 9
424 3786 9
425 3796 10
426 3806 10
427 3815 9
428 3825 10
429 3835 10
430 3845 10
431 3854 9
432 3864 10
433 3873 9
434 3880 7
435 3890 10
436 3899 9
437 3909 10
438 3918 9
439 3927 9
440 3933 6
441 3941 8
442 3951 10
443 3961 10
444 3971 10
445 3980 9
446 3988 8
447 3996 8
448 4006 10
449 4016 10
450 4025 9
451 4033 8
452 4043 10
453 4052 9
454 4061 9
455 4070 9
456 4080 10
457 4089 9
458 4099 10
459 4109 10
460 4117 8
461 4127 10
462 4137 10
463 4147 10
464 4157 10
465 4167 10
466 4177 10
467 4185 8
468 4193 8
469 4202 9
470 4211 9
471 4221 10
472 4231 10
473 4241 10
474 4250 9
475 4259 9
476 4269 10
477 4279 10
478 4289 10
479 4299 10
480 4309 10
481 4319 10
482 4328 9
483 4337 9
484 4343 6
485 4353 10
486 4361 8
487 4371 10
488 4380 9
489 4389 9
490 4399 10
491 4408 9
492 4418 10
493 4428 10
494 4438 10
495 4448 10
496 4458 10
497 4467 9
498 4476 9
499 4485 9
500 4495 10
