1 4 4
2 10 6
3 17 7
4 23 6
5 29 6
6 36 7
7 41 5
8 48 7
9 54 6
10 60 6
11 67 7
12 71 4
13 80 9
14 87 7
15 95 8
16 102 7
17 111 9
18 119 8
19 127 8
20 137 10
21 147 10
22 156 9
23 164 8
24 174 10
25 181 7
26 190 9
27 199 9
28 209 10
29 218 9
30 224 6
31 232 8
32 240 8
33 249 9
34 259 10
35 269 10
36 277 8
37 287 10
38 295 8
39 303 8
40 311 8
41 320 9
42 329 9
43 337 8
44 343 6
45 351 8
46 360 9
47 368 8
48 377 9
49 385 8
50 395 10
51 403 8
52 413 10
53 423 10
54 430 7
55 440 10
56 449 9
57 457 8
58 464 7
59 474 10
60 484 10
61 494 10
62 502 8
63 511 9
64 519 8
65 529 10
66 538 9
67 548 10
68 558 10
69 568 10
70 577 9
71 586 9
72 596 10
73 606 10
74 616 10
75 626 10
76 635 9
77 644 9
78 654 10
79 663 9
80 671 8
81 680 9
82 690 10
83 700 10
84 709 9
85 717 8
86 725 8
87 735 10
88 743 8
89 751 8
90 761 10
91 769 8
92 776 7
93 784 8
94 791 7
95 801 10
96 809 8
97 819 10
98 827 8
99 836 9
100 846 10
101 855 9
102 865 10
103 874 9
104 883 9
105 892 9
106 902 10
107 912 10
108 921 9
109 931 10
110 941 10
111 948 7
112 955 7
113 962 7
114 970 8
115 979 9
116 988 9
117 997 9
118 1007 10
119 1016 9
120 1024 8
121 1033 9
122 1043 10
123 1051 8
124 1061 10
125 1071 10
126 1080 9
127 1090 10
128 1100 10
129 1109 9
130 1118 9
131 1128 10
132 1137 9
133 1147 10
134 1157 10
135 1165 8
136 1174 9
137 1183 9
138 1192 9
139 1200 8
140 1208 8
141 1218 10
142 1228 10
143 1237 9
144 1247 10
145 1257 10
146 1267 10
147 1275 8
148 1282 7
149 1290 8
150 1300 10
151 1309 9
152 1319 10
153 1329 10
154 1338 9
155 1347 9
156 1355 8
157 1364 9
158 1372 8
159 1381 9
160 1390 9
161 1400 10
162 1408 8
163 1418 10
164 1427 9
165 1436 9
166 1445 9
167 1455 10
168 1465 10
169 1473 8
170 1483 10
171 1492 9
172 1502 10
173 1511 9
174 1519 8
175 1528 9
176 1537 9
177 1544 7
178 1554 10
179 1562 8
180 1572 10
181 1582 10
182 1591 9
183 1600 9
184 1609 9
185 1619 10
186 1629 10
187 1637 8
188 1647 10
189 1655 8
190 1664 9
191 1674 10
192 1682 8
193 1692 10
194 1701 9
195 1710 9
196 1719 9
197 1729 10
198 1739 10
199 1749 10
200 1759 10
201 1768 9
202 1778 10
203 1788 10
204 1798 10
205 1808 10
206 1818 10
207 1826 8
208 1833 7
209 1840 7
210 1848 8
211 1857 9
212 1866 9
213 1875 9
214 1884 9
215 1892 8
216 1900 8
217 1909 9
218 1919 10
219 1929 10
220 1939 10
221 1948 9
222 1958 10
223 1968 10
224 1975 7
225 1984 9
226 1991 7
227 2001 10
228 2011 10
229 2019 8
230 2029 10
231 2039 10
232 2048 9
233 2058 10
234 2068 10
235 2078 10
236 2087 9
237 2095 8
238 2104 9
239 2112 8
240 2122 10
241 2131 9
242 2141 10
243 2151 10
244 2161 10
245 2170 9
246 2178 8
247 2188 10
248 2197 9
249 2206 9
250 2215 9
251 2224 9
252 2233 9
253 2241 8
254 2250 9
255 2260 10
256 2270 10
257 2278 8
258 2288 10
259 2297 9
260 2307 10
261 2316 9
262 2324 8
263 2333 9
264 2343 10
265 2353 10
266 2363 10
267 2373 10
268 2380 7
269 2388 8
270 2398 10
271 2406 8
272 2415 9
273 2425 10
274 2433 8
275 2442 9
276 2451 9
277 2461 10
278 2470 9
279 2480 10
280 2490 10
281 2498 8
282 2508 10
283 2517 9
284 2526 9
285 2535 9
286 2545 10
287 2555 10
288 2565 10
289 2571 6
290 2580 9
291 2590 10
292 2599 9
293 2609 10
294 2619 10
295 2629 10
296 2639 10
297 2649 10
298 2656 7
299 2666 10
300 2676 10
301 2684 8
302 2693 9
303 2703 10
304 2710 7
305 2720 10
306 2730 10
307 2738 8
308 2747 9
309 2755 8
310 2764 9
311 2772 8
312 2782 10
313 2792 10
314 2802 10
315 2812 10
316 2821 9
317 2831 10
318 2841 10
319 2850 9
320 2860 10
321 2870 10
322 2879 9
323 2889 10
324 2899 10
325 2908 9
326 2918 10
327 2927 9
328 2937 10
329 2947 10
330 2957 10
331 2966 9
332 2976 10
333 2985 9
334 2994 9
335 3003 9
336 3012 9
337 3021 9
338 3030 9
339 3040 10
340 3050 10
341 3060 10
342 3069 9
343 3079 10
344 3086 7
345 3096 10
346 3106 10
347 3116 10
348 3126 10
349 3134 8
350 3143 9
351 3151 8
352 3161 10
353 3170 9
354 3180 10
355 3188 8
356 3196 8
357 3205 9
358 3213 8
359 3222 9
360 3229 7
361 3238 9
362 3248 10
363 3257 9
364 3264 7
365 3274 10
366 3284 10
367 3294 10
368 3304 10
369 3314 10
370 3324 10
371 3334 10
372 3344 10
373 3354 10
374 3363 9
375 3372 9
376 3381 9
377 3390 9
378 3399 9
379 3409 10
380 3419 10
381 3428 9
382 3438 10
383 3446 8
384 3455 9
385 3464 9
386 3474 10
387 3484 10
388 3492 8
389 3501 9
390 3509 8
391 3518 9
392 3528 10
393 3538 10
394 3545 7
395 3554 9
396 3564 10
397 3574 10
398 3584 10
399 3593 9
400 3602 9
401 3612 10
402 3622 10
403 3632 10
404 3642 10
405 3651 9
406 3661 10
407 3668 7
408 3678 10
409 3688 10
410 3696 8
411 3705 9
412 3714 9
413 3724 10
414 3733 9
415 3742 9
416 3752 10
417 3760 8
418 3767 7
419 3777 10
420 3786 9
421 3796 10
422 3806 10
423 3816 10
424 3824 8
425 3832 8
426 3842 10
427 3852 10
428 3859 7
429 3869 10
430 3879 10
431 3887 8
432 3897 10
433 3907 10
434 3916 9
435 3924 8
436 3933 9
437 3942 9
438 3952 10
439 3962 10
440 3972 10
441 3982 10
442 3992 10
443 4001 9
444 4010 9
445 4019 9
446 4029 10
447 4039 10
448 4048 9
449 4058 10
450 4068 10
451 4077 9
452 4086 9
453 4096 10
454 4103 7
455 4113 10
456 4123 10
457 4132 9
458 4142 10
459 4150 8
460 4159 9
461 4168 9
462 4178 10
463 4188 10
464 4196 8
465 4205 9
466 4215 10
467 4223 8
468 4233 10
469 4243 10
470 4251 8
471 4259 8
472 4269 10
473 4277 8
474 4285 8
475 4295 10
476 4304 9
477 4312 8
478 4321 9
479 4327 6
480 4336 9
481 4346 10
482 4355 9
483 4364 9
484 4374 10
485 4384 10
486 4393 9
487 4401 8
488 4411 10
489 4420 9
490 4430 10
491 4437 7
492 4446 9
493 4455 9
494 4463 8
495 4473 10
496 4483 10
497 4493 10
498 4502 9
499 4511 9
500 4521 10
