1 5 5
2 13 8
3 18 5
4 24 6
5 32 8
6 36 4
7 45 9
8 51 6
9 58 7
10 66 8
11 72 6
12 79 7
13 86 7
14 95 9
15 100 5
16 106 6
17 111 5
18 118 7
19 126 8
20 133 7
21 143 10
22 152 9
23 158 6
24 168 10
25 178 10
26 185 7
27 194 9
28 202 8
29 211 9
30 218 7
31 227 9
32 235 8
33 240 5
34 249 9
35 259 10
36 267 8
37 277 10
38 287 10
39 296 9
40 306 10
41 313 7
42 320 7
43 329 9
44 336 7
45 345 9
46 355 10
47 364 9
48 373 9
49 380 7
50 390 10
51 398 8
52 406 8
53 415 9
54 423 8
55 431 8
56 440 9
57 447 7
58 455 8
59 463 8
60 470 7
61 480 10
62 489 9
63 498 9
64 507 9
65 516 9
66 525 9
67 535 10
68 542 7
69 552 10
70 562 10
71 569 7
72 579 10
73 587 8
74 596 9
75 606 10
76 615 9
77 623 8
78 630 7
79 640 10
80 650 10
81 660 10
82 670 10
83 678 8
84 686 8
85 694 8
86 702 8
87 710 8
88 718 8
89 728 10
90 738 10
91 747 9
92 757 10
93 764 7
94 772 8
95 781 9
96 791 10
97 800 9
98 809 9
99 819 10
100 827 8
101 835 8
102 844 9
103 852 8
104 861 9
105 871 10
106 881 10
107 888 7
108 895 7
109 902 7
110 911 9
111 921 10
112 929 8
113 939 10
114 948 9
115 956 8
116 966 10
117 974 8
118 984 10
119 993 9
120 1002 9
121 1010 8
122 1016 6
123 1026 10
124 1036 10
125 1046 10
126 1056 10
127 1066 10
128 1075 9
129 1085 10
130 1095 10
131 1102 7
132 1112 10
133 1122 10
134 1132 10
135 1142 10
136 1151 9
137 1161 10
138 1170 9
139 1179 9
140 1188 9
141 1196 8
142 1206 10
143 1216 10
144 1226 10
145 1235 9
146 1245 10
147 1255 10
148 1265 10
149 1274 9
150 1283 9
151 1293 10
152 1301 8
153 1311 10
154 1321 10
155 1331 10
156 1341 10
157 1350 9
158 1359 9
159 1368 9
160 1378 10
161 1387 9
162 1396 9
163 1405 9
164 1415 10
165 1425 10
166 1433 8
167 1443 10
168 1453 10
169 1462 9
170 1471 9
171 1479 8
172 1485 6
173 1494 9
174 1502 8
175 1512 10
176 1520 8
177 1530 10
178 1539 9
179 1546 7
180 1556 10
181 1564 8
182 1574 10
183 1584 10
184 1593 9
185 1603 10
186 1613 10
187 1621 8
188 1630 9
189 1640 10
190 1650 10
191 1659 9
192 1667 8
193 1676 9
194 1684 8
195 1694 10
196 1702 8
197 1712 10
198 1720 8
199 1730 10
200 1740 10
201 1749 9
202 1759 10
203 1767 8
204 1776 9
205 1784 8
206 1793 9
207 1801 8
208 1811 10
209 1820 9
210 1829 9
211 1837 8
212 1845 8
213 1853 8
214 1862 9
215 1872 10
216 1881 9
217 1889 8
218 1899 10
219 1908 9
220 1918 10
221 1927 9
222 1936 9
223 1946 10
224 1954 8
225 1964 10
226 1973 9
227 1983 10
228 1993 10
229 2002 9
230 2012 10
231 2022 10
232 2032 10
233 2041 9
234 2050 9
235 2059 9
236 2065 6
237 2075 10
238 2084 9
239 2094 10
240 2102 8
241 2111 9
242 2121 10
243 2130 9
244 2140 10
245 2149 9
246 2159 10
247 2168 9
248 2177 9
249 2186 9
250 2194 8
251 2202 8
252 2210 8
253 2220 10
254 2230 10
255 2237 7
256 2247 10
257 2254 7
258 2263 9
259 2271 8
260 2281 10
261 2291 10
262 2300 9
263 2308 8
264 2317 9
265 2327 10
266 2334 7
267 2344 10
268 2354 10
269 2363 9
270 2373 10
271 2381 8
272 2389 8
273 2397 8
274 2407 10
275 2416 9
276 2424 8
277 2434 10
278 2444 10
279 2453 9
280 2462 9
281 2471 9
282 2480 9
283 2487 7
284 2496 9
285 2505 9
286 2515 10
287 2524 9
288 2533 9
289 2542 9
290 2549 7
291 2558 9
292 2566 8
293 2575 9
294 2585 10
295 2594 9
296 2603 9
297 2612 9
298 2620 8
299 2630 10
300 2639 9
301 2648 9
302 2657 9
303 2667 10
304 2677 10
305 2686 9
306 2694 8
307 2704 10
308 2714 10
309 2720 6
310 2730 10
311 2738 8
312 2748 10
313 2755 7
314 2764 9
315 2774 10
316 2784 10
317 2793 9
318 2802 9
319 2811 9
320 2819 8
321 2828 9
322 2838 10
323 2847 9
324 2856 9
325 2863 7
326 2873 10
327 2883 10
328 2893 10
329 2903 10
330 2913 10
331 2921 8
332 2930 9
333 2939 9
334 2947 8
335 2957 10
336 2966 9
337 2974 8
338 2984 10
339 2992 8
340 3001 9
341 3008 7
342 3017 9
343 3027 10
344 3035 8
345 3043 8
346 3053 10
347 3063 10
348 3073 10
349 3083 10
350 3092 9
351 3102 10
352 3111 9
353 3119 8
354 3129 10
355 3137 8
356 3145 8
357 3154 9
358 3164 10
359 3173 9
360 3183 10
361 3193 10
362 3202 9
363 3211 9
364 3220 9
365 3229 9
366 3239 10
367 3247 8
368 3257 10
369 3267 10
370 3277 10
371 3287 10
372 3296 9
373 3305 9
374 3314 9
375 3323 9
376 3333 10
377 3342 9
378 3351 9
379 3361 10
380 3370 9
381 3379 9
382 3387 8
383 3396 9
384 3406 10
385 3416 10
386 3426 10
387 3436 10
388 3446 10
389 3454 8
390 3464 10
391 3474 10
392 3484 10
393 3493 9
394 3501 8
395 3511 10
396 3521 10
397 3530 9
398 3538 8
399 3548 10
400 3557 9
401 3567 10
402 3576 9
403 3585 9
404 3593 8
405 3602 9
406 3611 9
407 3619 8
408 3628 9
409 3635 7
410 3642 7
411 3651 9
412 3660 9
413 3670 10
414 3678 8
415 3685 7
416 3692 7
417 3701 9
418 3711 10
419 3721 10
420 3729 8
421 3738 9
422 3747 9
423 3756 9
424 3766 10
425 3774 8
426 3784 10
427 3793 9
428 3803 10
429 3811 8
430 3820 9
431 3829 9
432 3838 9
433 3848 10
434 3857 9
435 3867 10
436 3877 10
437 3886 9
438 3896 10
439 3905 9
440 3915 10
441 3924 9
442 3933 9
443 3943 10
444 3951 8
445 3961 10
446 3971 10
447 3977 6
448 3987 10
449 3997 10
450 4005 8
451 4015 10
452 4024 9
453 4032 8
454 4041 9
455 4051 10
456 4060 9
457 4070 10
458 4079 9
459 4088 9
460 4097 9
461 4106 9
462 4116 10
463 4123 7
464 4133 10
465 4143 10
466 4153 10
467 4162 9
468 4172 10
469 4180 8
470 4189 9
471 4198 9
472 4208 10
473 4218 10
474 4226 8
475 4236 10
476 4245 9
477 4253 8
478 4262 9
479 4271 9
480 4280 9
481 4290 10
482 4300 10
483 4310 10
484 4318 8
485 4327 9
486 4336 9
487 4344 8
488 4352 8
489 4360 8
490 4369 9
491 4379 10
492 4389 10
493 4398 9
494 4408 10
495 4417 9
496 4427 10
497 4436 9
498 4445 9
499 4455 10
500 4465 10
