1 3 3
2 10 7
3 14 4
4 22 8
5 26 4
6 33 7
7 40 7
8 48 8
9 56 8
10 63 7
11 72 9
12 78 6
13 86 8
14 94 8
15 100 6
16 110 10
17 117 7
18 126 9
19 135 9
20 144 9
21 152 8
22 162 10
23 168 6
24 177 9
25 187 10
26 197 10
27 206 9
28 215 9
29 223 8
30 231 8
31 240 9
32 250 10
33 260 10
34 270 10
35 278 8
36 284 6
37 294 10
38 304 10
39 312 8
40 321 9
41 330 9
42 337 7
43 346 9
44 354 8
45 363 9
46 371 8
47 378 7
48 385 7
49 393 8
50 403 10
51 413 10
52 422 9
53 432 10
54 441 9
55 450 9
56 456 6
57 464 8
58 472 8
59 482 10
60 491 9
61 500 9
62 508 8
63 516 8
64 525 9
65 535 10
66 541 6
67 550 9
68 559 9
69 567 8
70 575 8
71 584 9
72 594 10
73 602 8
74 611 9
75 620 9
76 630 10
77 636 6
78 644 8
79 653 9
80 661 8
81 671 10
82 680 9
83 689 9
84 698 9
85 706 8
86 716 10
87 725 9
88 731 6
89 741 10
90 750 9
91 759 9
92 769 10
93 776 7
94 786 10
95 793 7
96 802 9
97 812 10
98 822 10
99 831 9
100 840 9
101 849 9
102 859 10
103 865 6
104 875 10
105 883 8
106 892 9
107 902 10
108 912 10
109 922 10
110 931 9
111 941 10
112 949 8
113 958 9
114 966 8
115 974 8
116 983 9
117 992 9
118 1001 9
119 1010 9
120 1017 7
121 1025 8
122 1034 9
123 1043 9
124 1051 8
125 1061 10
126 1069 8
127 1079 10
128 1088 9
129 1098 10
130 1107 9
131 1116 9
132 1124 8
133 1134 10
134 1142 8
135 1149 7
136 1159 10
137 1168 9
138 1178 10
139 1184 6
140 1193 9
141 1203 10
142 1212 9
143 1222 10
144 1231 9
145 1240 9
146 1250 10
147 1260 10
148 1269 9
149 1278 9
150 1287 9
151 1297 10
152 1305 8
153 1315 10
154 1324 9
155 1334 10
156 1343 9
157 1352 9
158 1361 9
159 1371 10
160 1381 10
161 1390 9
162 1400 10
163 1409 9
164 1416 7
165 1426 10
166 1434 8
167 1443 9
168 1452 9
169 1462 10
170 1471 9
171 1480 9
172 1488 8
173 1497 9
174 1505 8
175 1515 10
176 1523 8
177 1532 9
178 1541 9
179 1550 9
180 1558 8
181 1565 7
182 1573 8
183 1583 10
184 1591 8
185 1599 8
186 1606 7
187 1616 10
188 1626 10
189 1634 8
190 1642 8
191 1651 9
192 1660 9
193 1669 9
194 1677 8
195 1684 7
196 1694 10
197 1702 8
198 1712 10
199 1720 8
200 1730 10
201 1738 8
202 1748 10
203 1758 10
204 1765 7
205 1775 10
206 1785 10
207 1794 9
208 1804 10
209 1814 10
210 1822 8
211 1831 9
212 1840 9
213 1850 10
214 1859 9
215 1867 8
216 1877 10
217 1887 10
218 1896 9
219 1906 10
220 1916 10
221 1925 9
222 1933 8
223 1943 10
224 1951 8
225 1961 10
226 1971 10
227 1979 8
228 1989 10
229 1998 9
230 2008 10
231 2017 9
232 2027 10
233 2037 10
234 2045 8
235 2055 10
236 2064 9
237 2072 8
238 2081 9
239 2089 8
240 2099 10
241 2108 9
242 2117 9
243 2126 9
244 2136 10
245 2146 10
246 2156 10
247 2166 10
248 2173 7
249 2183 10
250 2193 10
251 2203 10
252 2211 8
253 2221 10
254 2230 9
255 2238 8
256 2247 9
257 2256 9
258 2266 10
259 2276 10
260 2283 7
261 2292 9
262 2302 10
263 2312 10
264 2320 8
265 2330 10
266 2339 9
267 2347 8
268 2357 10
269 2367 10
270 2377 10
271 2385 8
272 2394 9
273 2403 9
274 2413 10
275 2420 7
276 2429 9
277 2439 10
278 2449 10
279 2458 9
280 2468 10
281 2476 8
282 2486 10
283 2496 10
284 2503 7
285 2513 10
286 2522 9
287 2532 10
288 2540 8
289 2549 9
290 2559 10
291 2568 9
292 2577 9
293 2586 9
294 2596 10
295 2606 10
296 2614 8
297 2624 10
298 2632 8
299 2642 10
300 2651 9
301 2658 7
302 2667 9
303 2676 9
304 2686 10
305 2696 10
306 2706 10
307 2716 10
308 2725 9
309 2735 10
310 2745 10
311 2754 9
312 2764 10
313 2772 8
314 2782 10
315 2791 9
316 2800 9
317 2809 9
318 2819 10
319 2829 10
320 2837 8
321 2847 10
322 2857 10
323 2865 8
324 2875 10
325 2883 8
326 2891 8
327 2900 9
328 2909 9
329 2917 8
330 2927 10
331 2937 10
332 2945 8
333 2954 9
334 2962 8
335 2971 9
336 2980 9
337 2989 9
338 2999 10
339 3008 9
340 3017 9
341 3025 8
342 3033 8
343 3041 8
344 3051 10
345 3061 10
346 3069 8
347 3078 9
348 3087 9
349 3097 10
350 3107 10
351 3115 8
352 3125 10
353 3134 9
354 3144 10
355 3153 9
356 3162 9
357 3170 8
358 3180 10
359 3188 8
360 3198 10
361 3207 9
362 3217 10
363 3224 7
364 3232 8
365 3240 8
366 3250 10
367 3259 9
368 3269 10
369 3279 10
370 3289 10
371 3297 8
372 3305 8
373 3314 9
374 3322 8
375 3330 8
376 3340 10
377 3350 10
378 3359 9
379 3368 9
380 3373 5
381 3382 9
382 3390 8
383 3400 10
384 3409 9
385 3418 9
386 3427 9
387 3437 10
388 3447 10
389 3456 9
390 3466 10
391 3473 7
392 3483 10
393 3493 10
394 3503 10
395 3513 10
396 3523 10
397 3533 10
398 3542 9
399 3551 9
400 3561 10
401 3570 9
402 3580 10
403 3589 9
404 3598 9
405 3608 10
406 3618 10
407 3627 9
408 3637 10
409 3645 8
410 3655 10
411 3665 10
412 3674 9
413 3683 9
414 3692 9
415 3702 10
416 3712 10
417 3721 9
418 3731 10
419 3740 9
420 3749 9
421 3759 10
422 3768 9
423 3777 9
424 3787 10
425 3797 10
426 3806 9
427 3815 9
428 3825 10
429 3832 7
430 3842 10
431 3852 10
432 3860 8
433 3870 10
434 3878 8
435 3888 10
436 3897 9
437 3907 10
438 3917 10
439 3927 10
440 3937 10
441 3947 10
442 3956 9
443 3966 10
444 3974 8
445 3982 8
446 3991 9
447 4001 10
448 4010 9
449 4020 10
450 4027 7
451 4037 10
452 4047 10
453 4057 10
454 4067 10
455 4076 9
456 4086 10
457 4095 9
458 4103 8
459 4112 9
460 4119 7
461 4128 9
462 4138 10
463 4148 10
464 4157 9
465 4167 10
466 4177 10
467 4187 10
468 4197 10
469 4206 9
470 4216 10
471 4225 9
472 4235 10
473 4245 10
474 4255 10
475 4265 10
476 4274 9
477 4283 9
478 4293 10
479 4302 9
480 4310 8
481 4319 9
482 4329 10
483 4339 10
484 4348 9
485 4358 10
486 4368 10
487 4378 10
488 4387 9
489 4397 10
490 4407 10
491 4417 10
492 4427 10
493 4436 9
494 4445 9
495 4454 9
496 4464 10
497 4473 9
498 4482 9
499 4490 8
500 4500 10
