1 6 6
2 11 5
3 18 7
4 25 7
5 33 8
6 40 7
7 45 5
8 50 5
9 57 7
10 64 7
11 72 8
12 77 5
13 83 6
14 91 8
15 97 6
16 106 9
17 116 10
18 122 6
19 129 7
20 137 8
21 146 9
22 153 7
23 163 10
24 173 10
25 180 7
26 190 10
27 198 8
28 206 8
29 214 8
30 223 9
31 232 9
32 240 8
33 249 9
34 258 9
35 266 8
36 275 9
37 282 7
38 289 7
39 298 9
40 308 10
41 315 7
42 325 10
43 331 6
44 340 9
45 349 9
46 358 9
47 367 9
48 371 4
49 380 9
50 389 9
51 399 10
52 409 10
53 419 10
54 427 8
55 436 9
56 446 10
57 455 9
58 465 10
59 474 9
60 483 9
61 492 9
62 502 10
63 511 9
64 521 10
65 530 9
66 540 10
67 548 8
68 556 8
69 565 9
70 575 10
71 583 8
72 592 9
73 601 9
74 610 9
75 619 9
76 628 9
77 638 10
78 647 9
79 656 9
80 665 9
81 675 10
82 685 10
83 694 9
84 703 9
85 712 9
86 722 10
87 729 7
88 739 10
89 749 10
90 758 9
91 767 9
92 776 9
93 785 9
94 793 8
95 802 9
96 812 10
97 821 9
98 828 7
99 838 10
100 848 10
101 858 10
102 866 8
103 875 9
104 883 8
105 892 9
106 901 9
107 910 9
108 919 9
109 928 9
110 937 9
111 946 9
112 955 9
113 963 8
114 973 10
115 982 9
116 992 10
117 1002 10
118 1012 10
119 1020 8
120 1030 10
121 1040 10
122 1050 10
123 1060 10
124 1070 10
125 1079 9
126 1087 8
127 1096 9
128 1106 10
129 1115 9
130 1123 8
131 1132 9
132 1141 9
133 1151 10
134 1161 10
135 1171 10
136 1180 9
137 1190 10
138 1200 10
139 1210 10
140 1217 7
141 1225 8
142 1234 9
143 1243 9
144 1253 10
145 1262 9
146 1272 10
147 1281 9
148 1291 10
149 1300 9
150 1310 10
151 1318 8
152 1327 9
153 1336 9
154 1344 8
155 1353 9
156 1363 10
157 1373 10
158 1382 9
159 1390 8
160 1399 9
161 1409 10
162 1418 9
163 1427 9
164 1437 10
165 1447 10
166 1456 9
167 1463 7
168 1472 9
169 1482 10
170 1492 10
171 1501 9
172 1510 9
173 1520 10
174 1530 10
175 1539 9
176 1548 9
177 1557 9
178 1567 10
179 1574 7
180 1584 10
181 1594 10
182 1603 9
183 1613 10
184 1620 7
185 1630 10
186 1639 9
187 1648 9
188 1658 10
189 1668 10
190 1676 8
191 1684 8
192 1692 8
193 1700 8
194 1710 10
195 1718 8
196 1728 10
197 1738 10
198 1748 10
199 1757 9
200 1765 8
201 1775 10
202 1785 10
203 1794 9
204 1803 9
205 1812 9
206 1822 10
207 1832 10
208 1842 10
209 1851 9
210 1860 9
211 1870 10
212 1880 10
213 1890 10
214 1899 9
215 1908 9
216 1917 9
217 1927 10
218 1936 9
219 1945 9
220 1955 10
221 1965 10
222 1972 7
223 1982 10
224 1991 9
225 2000 9
226 2010 10
227 2020 10
228 2030 10
229 2040 10
230 2048 8
231 2058 10
232 2068 10
233 2078 10
234 2087 9
235 2095 8
236 2104 9
237 2113 9
238 2123 10
239 2130 7
240 2139 9
241 2147 8
242 2157 10
243 2167 10
244 2176 9
245 2185 9
246 2194 9
247 2203 9
248 2211 8
249 2219 8
250 2229 10
251 2239 10
252 2248 9
253 2257 9
254 2266 9
255 2276 10
256 2285 9
257 2295 10
258 2302 7
259 2312 10
260 2321 9
261 2330 9
262 2340 10
263 2349 9
264 2359 10
265 2367 8
266 2375 8
267 2385 10
268 2395 10
269 2404 9
270 2414 10
271 2423 9
272 2433 10
273 2443 10
274 2450 7
275 2458 8
276 2468 10
277 2477 9
278 2487 10
279 2496 9
280 2504 8
281 2513 9
282 2522 9
283 2531 9
284 2540 9
285 2550 10
286 2559 9
287 2567 8
288 2576 9
289 2585 9
290 2593 8
291 2602 9
292 2611 9
293 2621 10
294 2631 10
295 2640 9
296 2649 9
297 2659 10
298 2669 10
299 2679 10
300 2687 8
301 2697 10
302 2705 8
303 2713 8
304 2723 10
305 2733 10
306 2741 8
307 2751 10
308 2761 10
309 2771 10
310 2781 10
311 2790 9
312 2800 10
313 2808 8
314 2818 10
315 2826 8
316 2835 9
317 2845 10
318 2854 9
319 2862 8
320 2871 9
321 2880 9
322 2890 10
323 2900 10
324 2910 10
325 2918 8
326 2928 10
327 2938 10
328 2948 10
329 2956 8
330 2965 9
331 2974 9
332 2983 9
333 2993 10
334 3002 9
335 3011 9
336 3021 10
337 3031 10
338 3041 10
339 3049 8
340 3058 9
341 3068 10
342 3078 10
343 3087 9
344 3096 9
345 3106 10
346 3116 10
347 3126 10
348 3136 10
349 3146 10
350 3153 7
351 3162 9
352 3172 10
353 3182 10
354 3190 8
355 3199 9
356 3207 8
357 3215 8
358 3225 10
359 3235 10
360 3244 9
361 3254 10
362 3262 8
363 3272 10
364 3281 9
365 3291 10
366 3301 10
367 3310 9
368 3320 10
369 3329 9
370 3338 9
371 3347 9
372 3357 10
373 3366 9
374 3374 8
375 3382 8
376 3392 10
377 3402 10
378 3411 9
379 3420 9
380 3428 8
381 3438 10
382 3448 10
383 3457 9
384 3466 9
385 3476 10
386 3486 10
387 3495 9
388 3503 8
389 3511 8
390 3520 9
391 3530 10
392 3540 10
393 3548 8
394 3558 10
395 3568 10
396 3575 7
397 3585 10
398 3594 9
399 3604 10
400 3613 9
401 3622 9
402 3632 10
403 3642 10
404 3652 10
405 3661 9
406 3671 10
407 3681 10
408 3690 9
409 3699 9
410 3709 10
411 3718 9
412 3727 9
413 3737 10
414 3746 9
415 3756 10
416 3765 9
417 3774 9
418 3783 9
419 3791 8
420 3801 10
421 3809 8
422 3818 9
423 3827 9
424 3836 9
425 3844 8
426 3854 10
427 3864 10
428 3874 10
429 3884 10
430 3894 10
431 3904 10
432 3913 9
433 3923 10
434 3932 9
435 3942 10
436 3952 10
437 3961 9
438 3971 10
439 3980 9
440 3990 10
441 3998 8
442 4007 9
443 4016 9
444 4025 9
445 4034 9
446 4044 10
447 4053 9
448 4062 9
449 4071 9
450 4080 9
451 4088 8
452 4098 10
453 4108 10
454 4117 9
455 4125 8
456 4135 10
457 4145 10
458 4154 9
459 4164 10
460 4173 9
461 4181 8
462 4190 9
463 4199 9
464 4208 9
465 4218 10
466 4226 8
467 4236 10
468 4246 10
469 4256 10
470 4266 10
471 4275 9
472 4285 10
473 4294 9
474 4304 10
475 4314 10
476 4324 10
477 4333 9
478 4343 10
479 4353 10
480 4363 10
481 4373 10
482 4383 10
483 4393 10
484 4403 10
485 4413 10
486 4422 9
487 4432 10
488 4442 10
489 4450 8
490 4459 9
491 4468 9
492 4477 9
493 4485 8
494 4495 10
495 4505 10
496 4514 9
497 4523 9
498 4533 10
499 4543 10
500 4553 10
