1 6 6
2 11 5
3 18 7
4 21 3
5 27 6
6 32 5
7 38 6
8 45 7
9 54 9
10 57 3
11 66 9
12 75 9
13 83 8
14 92 9
15 102 10
16 111 9
17 118 7
18 125 7
19 135 10
20 144 9
21 153 9
22 162 9
23 168 6
24 176 8
25 185 9
26 195 10
27 204 9
28 213 9
29 222 9
30 231 9
31 241 10
32 250 9
33 258 8
34 266 8
35 276 10
36 286 10
37 294 8
38 303 9
39 312 9
40 320 8
41 329 9
42 338 9
43 348 10
44 355 7
45 363 8
46 373 10
47 381 8
48 389 8
49 398 9
50 408 10
51 415 7
52 424 9
53 432 8
54 442 10
55 451 9
56 460 9
57 468 8
58 476 8
59 484 8
60 493 9
61 502 9
62 511 9
63 520 9
64 530 10
65 537 7
66 547 10
67 557 10
68 566 9
69 574 8
70 582 8
71 591 9
72 600 9
73 609 9
74 619 10
75 628 9
76 637 9
77 646 9
78 652 6
79 661 9
80 669 8
81 677 8
82 685 8
83 695 10
84 704 9
85 714 10
86 723 9
87 732 9
88 740 8
89 749 9
90 759 10
91 769 10
92 778 9
93 787 9
94 794 7
95 804 10
96 813 9
97 823 10
98 831 8
99 840 9
100 850 10
101 860 10
102 868 8
103 876 8
104 885 9
105 895 10
106 905 10
107 915 10
108 925 10
109 934 9
110 944 10
111 954 10
112 962 8
113 970 8
114 980 10
115 990 10
116 1000 10
117 1010 10
118 1019 9
119 1026 7
120 1035 9
121 1045 10
122 1054 9
123 1063 9
124 1073 10
125 1082 9
126 1092 10
127 1102 10
128 1112 10
129 1122 10
130 1131 9
131 1140 9
132 1149 9
133 1158 9
134 1168 10
135 1178 10
136 1187 9
137 1197 10
138 1207 10
139 1216 9
140 1226 10
141 1235 9
142 1244 9
143 1253 9
144 1263 10
145 1273 10
146 1282 9
147 1291 9
148 1301 10
149 1311 10
150 1320 9
151 1327 7
152 1336 9
153 1346 10
154 1356 10
155 1366 10
156 1375 9
157 1384 9
158 1394 10
159 1404 10
160 1411 7
161 1420 9
162 1429 9
163 1439 10
164 1448 9
165 1456 8
166 1464 8
167 1474 10
168 1483 9
169 1493 10
170 1502 9
171 1511 9
172 1521 10
173 1529 8
174 1537 8
175 1547 10
176 1556 9
177 1565 9
178 1573 8
179 1583 10
180 1592 9
181 1602 10
182 1611 9
183 1619 8
184 1629 10
185 1638 9
186 1646 8
187 1656 10
188 1663 7
189 1672 9
190 1681 9
191 1691 10
192 1700 9
193 1710 10
194 1719 9
195 1728 9
196 1737 9
197 1746 9
198 1756 10
199 1766 10
200 1774 8
201 1784 10
202 1793 9
203 1800 7
204 1810 10
205 1818 8
206 1828 10
207 1836 8
208 1845 9
209 1854 9
210 1864 10
211 1872 8
212 1882 10
213 1892 10
214 1902 10
215 1911 9
216 1920 9
217 1930 10
218 1939 9
219 1948 9
220 1957 9
221 1967 10
222 1977 10
223 1986 9
224 1996 10
225 2006 10
226 2014 8
227 2024 10
228 2034 10
229 2044 10
230 2053 9
231 2061 8
232 2069 8
233 2079 10
234 2087 8
235 2097 10
236 2107 10
237 2117 10
238 2127 10
239 2136 9
240 2145 9
241 2154 9
242 2163 9
243 2172 9
244 2182 10
245 2191 9
246 2200 9
247 2209 9
248 2219 10
249 2228 9
250 2237 9
251 2246 9
252 2254 8
253 2263 9
254 2272 9
255 2281 9
256 2290 9
257 2299 9
258 2308 9
259 2318 10
260 2328 10
261 2336 8
262 2346 10
263 2354 8
264 2364 10
265 2372 8
266 2381 9
267 2388 7
268 2396 8
269 2405 9
270 2414 9
271 2423 9
272 2433 10
273 2443 10
274 2451 8
275 2461 10
276 2471 10
277 2480 9
278 2490 10
279 2499 9
280 2508 9
281 2518 10
282 2528 10
283 2538 10
284 2546 8
285 2556 10
286 2566 10
287 2576 10
288 2585 9
289 2595 10
290 2604 9
291 2612 8
292 2622 10
293 2632 10
294 2642 10
295 2651 9
296 2661 10
297 2670 9
298 2680 10
299 2688 8
300 2696 8
301 2706 10
302 2715 9
303 2725 10
304 2735 10
305 2745 10
306 2754 9
307 2764 10
308 2772 8
309 2782 10
310 2792 10
311 2802 10
312 2812 10
313 2821 9
314 2831 10
315 2840 9
316 2849 9
317 2858 9
318 2868 10
319 2877 9
320 2885 8
321 2894 9
322 2903 9
323 2912 9
324 2922 10
325 2928 6
326 2938 10
327 2948 10
328 2956 8
329 2965 9
330 2973 8
331 2983 10
332 2992 9
333 3000 8
334 3010 10
335 3018 8
336 3028 10
337 3037 9
338 3047 10
339 3057 10
340 3066 9
341 3075 9
342 3085 10
343 3095 10
344 3104 9
345 3112 8
346 3121 9
347 3131 10
348 3141 10
349 3150 9
350 3159 9
351 3169 10
352 3179 10
353 3189 10
354 3197 8
355 3206 9
356 3216 10
357 3225 9
358 3234 9
359 3243 9
360 3252 9
361 3262 10
362 3272 10
363 3282 10
364 3290 8
365 3300 10
366 3308 8
367 3317 9
368 3325 8
369 3335 10
370 3342 7
371 3352 10
372 3362 10
373 3371 9
374 3381 10
375 3391 10
376 3401 10
377 3410 9
378 3420 10
379 3428 8
380 3437 9
381 3447 10
382 3457 10
383 3466 9
384 3476 10
385 3485 9
386 3494 9
387 3503 9
388 3513 10
389 3522 9
390 3530 8
391 3539 9
392 3549 10
393 3558 9
394 3567 9
395 3576 9
396 3586 10
397 3595 9
398 3605 10
399 3615 10
400 3625 10
401 3634 9
402 3643 9
403 3653 10
404 3662 9
405 3672 10
406 3682 10
407 3691 9
408 3701 10
409 3710 9
410 3718 8
411 3728 10
412 3738 10
413 3747 9
414 3756 9
415 3765 9
416 3775 10
417 3785 10
418 3794 9
419 3801 7
420 3811 10
421 3818 7
422 3827 9
423 3836 9
424 3845 9
425 3853 8
426 3861 8
427 3871 10
428 3879 8
429 3887 8
430 3897 10
431 3907 10
432 3914 7
433 3924 10
434 3933 9
435 3943 10
436 3951 8
437 3961 10
438 3969 8
439 3979 10
440 3987 8
441 3995 8
442 4005 10
443 4015 10
444 4025 10
445 4035 10
446 4044 9
447 4053 9
448 4063 10
449 4071 8
450 4080 9
451 4089 9
452 4096 7
453 4104 8
454 4112 8
455 4119 7
456 4129 10
457 4139 10
458 4148 9
459 4158 10
460 4168 10
461 4178 10
462 4188 10
463 4198 10
464 4208 10
465 4216 8
466 4226 10
467 4236 10
468 4245 9
469 4255 10
470 4265 10
471 4274 9
472 4283 9
473 4293 10
474 4303 10
475 4313 10
476 4323 10
477 4332 9
478 4342 10
479 4352 10
480 4362 10
481 4371 9
482 4380 9
483 4388 8
484 4397 9
485 4406 9
486 4416 10
487 4426 10
488 4435 9
489 4444 9
490 4453 9
491 4463 10
492 4473 10
493 4483 10
494 4492 9
495 4502 10
496 4510 8
497 4520 10
498 4530 10
499 4537 7
500 4547 10
