1 4 4
2 8 4
3 15 7
4 21 6
5 26 5
6 33 7
7 41 8
8 45 4
9 51 6
10 57 6
11 65 8
12 71 6
13 78 7
14 85 7
15 91 6
16 99 8
17 106 7
18 112 6
19 121 9
20 130 9
21 138 8
22 147 9
23 155 8
24 164 9
25 173 9
26 181 8
27 190 9
28 197 7
29 205 8
30 214 9
31 222 8
32 230 8
33 239 9
34 246 7
35 255 9
36 263 8
37 271 8
38 280 9
39 289 9
40 297 8
41 306 9
42 316 10
43 324 8
44 332 8
45 339 7
46 347 8
47 355 8
48 365 10
49 375 10
50 382 7
51 392 10
52 402 10
53 409 7
54 414 5
55 423 9
56 431 8
57 439 8
58 449 10
59 458 9
60 467 9
61 473 6
62 481 8
63 488 7
64 495 7
65 504 9
66 514 10
67 523 9
68 533 10
69 542 9
70 552 10
71 560 8
72 569 9
73 578 9
74 587 9
75 596 9
76 605 9
77 615 10
78 624 9
79 633 9
80 642 9
81 652 10
82 660 8
83 669 9
84 678 9
85 688 10
86 696 8
87 705 9
88 714 9
89 724 10
90 734 10
91 742 8
92 752 10
93 762 10
94 772 10
95 781 9
96 790 9
97 799 9
98 807 8
99 815 8
100 822 7
101 831 9
102 840 9
103 848 8
104 856 8
105 864 8
106 874 10
107 883 9
108 893 10
109 902 9
110 911 9
111 920 9
112 929 9
113 937 8
114 947 10
115 956 9
116 966 10
117 975 9
118 985 10
119 995 10
120 1003 8
121 1012 9
122 1021 9
123 1030 9
124 1040 10
125 1050 10
126 1055 5
127 1065 10
128 1075 10
129 1085 10
130 1095 10
131 1105 10
132 1114 9
133 1123 9
134 1133 10
135 1143 10
136 1152 9
137 1159 7
138 1169 10
139 1178 9
140 1188 10
141 1196 8
142 1204 8
143 1214 10
144 1224 10
145 1232 8
146 1241 9
147 1251 10
148 1260 9
149 1267 7
150 1276 9
151 1285 9
152 1293 8
153 1301 8
154 1310 9
155 1320 10
156 1328 8
157 1337 9
158 1347 10
159 1356 9
160 1366 10
161 1375 9
162 1385 10
163 1395 10
164 1404 9
165 1413 9
166 1423 10
167 1432 9
168 1440 8
169 1449 9
170 1457 8
171 1467 10
172 1475 8
173 1484 9
174 1494 10
175 1503 9
176 1513 10
177 1520 7
178 1528 8
179 1536 8
180 1544 8
181 1554 10
182 1564 10
183 1573 9
184 1581 8
185 1590 9
186 1599 9
187 1609 10
188 1619 10
189 1628 9
190 1637 9
191 1646 9
192 1655 9
193 1664 9
194 1674 10
195 1684 10
196 1694 10
197 1704 10
198 1713 9
199 1722 9
200 1730 8
201 1738 8
202 1747 9
203 1757 10
204 1766 9
205 1775 9
206 1783 8
207 1790 7
208 1799 9
209 1807 8
210 1817 10
211 1823 6
212 1832 9
213 1840 8
214 1849 9
215 1859 10
216 1868 9
217 1876 8
218 1886 10
219 1896 10
220 1905 9
221 1915 10
222 1924 9
223 1933 9
224 1941 8
225 1951 10
226 1961 10
227 1970 9
228 1979 9
229 1989 10
230 1998 9
231 2005 7
232 2013 8
233 2021 8
234 2030 9
235 2039 9
236 2047 8
237 2056 9
238 2064 8
239 2074 10
240 2083 9
241 2092 9
242 2101 9
243 2110 9
244 2117 7
245 2126 9
246 2133 7
247 2142 9
248 2152 10
249 2162 10
250 2171 9
251 2180 9
252 2190 10
253 2199 9
254 2209 10
255 2217 8
256 2227 10
257 2236 9
258 2244 8
259 2254 10
260 2263 9
261 2271 8
262 2280 9
263 2289 9
264 2297 8
265 2307 10
266 2316 9
267 2325 9
268 2333 8
269 2343 10
270 2353 10
271 2362 9
272 2372 10
273 2381 9
274 2390 9
275 2398 8
276 2408 10
277 2417 9
278 2426 9
279 2436 10
280 2445 9
281 2455 10
282 2462 7
283 2472 10
284 2480 8
285 2487 7
286 2494 7
287 2503 9
288 2513 10
289 2521 8
290 2530 9
291 2540 10
292 2549 9
293 2557 8
294 2564 7
295 2574 10
296 2583 9
297 2592 9
298 2601 9
299 2610 9
300 2619 9
301 2626 7
302 2635 9
303 2643 8
304 2652 9
305 2661 9
306 2671 10
307 2681 10
308 2690 9
309 2700 10
310 2709 9
311 2717 8
312 2725 8
313 2732 7
314 2742 10
315 2750 8
316 2757 7
317 2767 10
318 2774 7
319 2783 9
320 2791 8
321 2799 8
322 2807 8
323 2815 8
324 2825 10
325 2835 10
326 2843 8
327 2852 9
328 2861 9
329 2870 9
330 2880 10
331 2890 10
332 2900 10
333 2910 10
334 2918 8
335 2927 9
336 2935 8
337 2944 9
338 2953 9
339 2960 7
340 2970 10
341 2979 9
342 2987 8
343 2996 9
344 3005 9
345 3013 8
346 3023 10
347 3032 9
348 3041 9
349 3051 10
350 3061 10
351 3070 9
352 3078 8
353 3088 10
354 3096 8
355 3104 8
356 3114 10
357 3123 9
358 3132 9
359 3141 9
360 3150 9
361 3159 9
362 3167 8
363 3177 10
364 3186 9
365 3194 8
366 3204 10
367 3213 9
368 3221 8
369 3228 7
370 3236 8
371 3246 10
372 3255 9
373 3264 9
374 3273 9
375 3282 9
376 3291 9
377 3301 10
378 3311 10
379 3320 9
380 3330 10
381 3340 10
382 3348 8
383 3358 10
384 3364 6
385 3374 10
386 3382 8
387 3391 9
388 3399 8
389 3408 9
390 3417 9
391 3426 9
392 3436 10
393 3444 8
394 3454 10
395 3462 8
396 3472 10
397 3482 10
398 3491 9
399 3501 10
400 3511 10
401 3521 10
402 3531 10
403 3540 9
404 3549 9
405 3557 8
406 3566 9
407 3576 10
408 3585 9
409 3594 9
410 3602 8
411 3612 10
412 3619 7
413 3628 9
414 3637 9
415 3646 9
416 3654 8
417 3664 10
418 3673 9
419 3683 10
420 3692 9
421 3700 8
422 3709 9
423 3717 8
424 3727 10
425 3736 9
426 3745 9
427 3755 10
428 3765 10
429 3773 8
430 3782 9
431 3791 9
432 3800 9
433 3809 9
434 3818 9
435 3827 9
436 3836 9
437 3846 10
438 3855 9
439 3863 8
440 3870 7
441 3879 9
442 3887 8
443 3896 9
444 3906 10
445 3916 10
446 3925 9
447 3935 10
448 3945 10
449 3955 10
450 3964 9
451 3974 10
452 3984 10
453 3993 9
454 4003 10
455 4012 9
456 4021 9
457 4031 10
458 4041 10
459 4051 10
460 4061 10
461 4069 8
462 4079 10
463 4088 9
464 4097 9
465 4107 10
466 4117 10
467 4126 9
468 4136 10
469 4145 9
470 4154 9
471 4163 9
472 4172 9
473 4180 8
474 4189 9
475 4197 8
476 4206 9
477 4214 8
478 4224 10
479 4233 9
480 4242 9
481 4251 9
482 4261 10
483 4271 10
484 4278 7
485 4286 8
486 4296 10
487 4306 10
488 4315 9
489 4325 10
490 4335 10
491 4344 9
492 4354 10
493 4364 10
494 4372 8
495 4382 10
496 4391 9
497 4401 10
498 4411 10
499 4421 10
500 4431 10
