1 2 2
2 10 8
3 17 7
4 22 5
5 27 5
6 33 6
7 38 5
8 44 6
9 49 5
10 55 6
11 63 8
12 72 9
13 77 5
14 86 9
15 91 5
16 96 5
17 102 6
18 107 5
19 117 10
20 126 9
21 134 8
22 143 9
23 150 7
24 158 8
25 163 5
26 171 8
27 179 8
28 188 9
29 197 9
30 206 9
31 214 8
32 223 9
33 229 6
34 239 10
35 245 6
36 254 9
37 262 8
38 270 8
39 278 8
40 288 10
41 296 8
42 303 7
43 313 10
44 321 8
45 331 10
46 341 10
47 350 9
48 360 10
49 369 9
50 378 9
51 387 9
52 395 8
53 405 10
54 411 6
55 420 9
56 429 9
57 439 10
58 448 9
59 457 9
60 467 10
61 475 8
62 483 8
63 492 9
64 500 8
65 510 10
66 519 9
67 527 8
68 534 7
69 543 9
70 551 8
71 561 10
72 569 8
73 579 10
74 588 9
75 597 9
76 605 8
77 613 8
78 623 10
79 633 10
80 642 9
81 651 9
82 660 9
83 670 10
84 680 10
85 689 9
86 698 9
87 706 8
88 714 8
89 723 9
90 733 10
91 743 10
92 753 10
93 763 10
94 771 8
95 780 9
96 790 10
97 799 9
98 808 9
99 816 8
100 824 8
101 832 8
102 842 10
103 852 10
104 860 8
105 870 10
106 878 8
107 887 9
108 896 9
109 906 10
110 915 9
111 924 9
112 931 7
113 940 9
114 949 9
115 959 10
116 967 8
117 974 7
118 984 10
119 993 9
120 999 6
121 1006 7
122 1015 9
123 1023 8
124 1032 9
125 1042 10
126 1052 10
127 1061 9
128 1070 9
129 1079 9
130 1089 10
131 1099 10
132 1109 10
133 1119 10
134 1129 10
135 1137 8
136 1146 9
137 1154 8
138 1164 10
139 1174 10
140 1182 8
141 1190 8
142 1200 10
143 1209 9
144 1218 9
145 1228 10
146 1238 10
147 1248 10
148 1256 8
149 1265 9
150 1275 10
151 1282 7
152 1292 10
153 1301 9
154 1309 8
155 1317 8
156 1326 9
157 1335 9
158 1345 10
159 1354 9
160 1364 10
161 1373 9
162 1381 8
163 1391 10
164 1401 10
165 1411 10
166 1420 9
167 1429 9
168 1438 9
169 1448 10
170 1456 8
171 1463 7
172 1472 9
173 1482 10
174 1490 8
175 1499 9
176 1509 10
177 1519 10
178 1527 8
179 1536 9
180 1546 10
181 1556 10
182 1566 10
183 1575 9
184 1584 9
185 1594 10
186 1604 10
187 1614 10
188 1623 9
189 1630 7
190 1640 10
191 1650 10
192 1660 10
193 1669 9
194 1678 9
195 1687 9
196 1696 9
197 1706 10
198 1713 7
199 1722 9
200 1729 7
201 1737 8
202 1746 9
203 1755 9
204 1765 10
205 1774 9
206 1783 9
207 1793 10
208 1801 8
209 1811 10
210 1820 9
211 1828 8
212 1836 8
213 1846 10
214 1856 10
215 1864 8
216 1873 9
217 1882 9
218 1892 10
219 1900 8
220 1909 9
221 1919 10
222 1929 10
223 1938 9
224 1947 9
225 1954 7
226 1963 9
227 1973 10
228 1982 9
229 1991 9
230 2000 9
231 2007 7
232 2017 10
233 2026 9
234 2035 9
235 2043 8
236 2053 10
237 2062 9
238 2072 10
239 2080 8
240 2090 10
241 2100 10
242 2108 8
243 2117 9
244 2126 9
245 2134 8
246 2141 7
247 2150 9
248 2160 10
249 2170 10
250 2177 7
251 2186 9
252 2195 9
253 2203 8
254 2213 10
255 2222 9
256 2232 10
257 2242 10
258 2252 10
259 2261 9
260 2271 10
261 2280 9
262 2289 9
263 2298 9
264 2306 8
265 2315 9
266 2325 10
267 2335 10
268 2343 8
269 2353 10
270 2361 8
271 2370 9
272 2380 10
273 2389 9
274 2398 9
275 2406 8
276 2416 10
277 2426 10
278 2436 10
279 2444 8
280 2453 9
281 2462 9
282 2472 10
283 2482 10
284 2490 8
285 2500 10
286 2510 10
287 2519 9
288 2528 9
289 2536 8
290 2546 10
291 2555 9
292 2565 10
293 2574 9
294 2583 9
295 2593 10
296 2601 8
297 2610 9
298 2619 9
299 2629 10
300 2639 10
301 2648 9
302 2657 9
303 2665 8
304 2674 9
305 2683 9
306 2691 8
307 2699 8
308 2709 10
309 2717 8
310 2726 9
311 2736 10
312 2745 9
313 2755 10
314 2764 9
315 2773 9
316 2782 9
317 2792 10
318 2802 10
319 2811 9
320 2820 9
321 2830 10
322 2840 10
323 2848 8
324 2858 10
325 2867 9
326 2877 10
327 2887 10
328 2897 10
329 2907 10
330 2916 9
331 2926 10
332 2935 9
333 2943 8
334 2951 8
335 2960 9
336 2970 10
337 2979 9
338 2988 9
339 2998 10
340 3008 10
341 3016 8
342 3025 9
343 3031 6
344 3041 10
345 3050 9
346 3059 9
347 3065 6
348 3074 9
349 3081 7
350 3091 10
351 3100 9
352 3108 8
353 3118 10
354 3127 9
355 3137 10
356 3145 8
357 3153 8
358 3162 9
359 3170 8
360 3178 8
361 3188 10
362 3198 10
363 3208 10
364 3217 9
365 3226 9
366 3235 9
367 3245 10
368 3254 9
369 3263 9
370 3270 7
371 3280 10
372 3290 10
373 3299 9
374 3309 10
375 3318 9
376 3328 10
377 3337 9
378 3345 8
379 3355 10
380 3362 7
381 3372 10
382 3381 9
383 3390 9
384 3399 9
385 3408 9
386 3418 10
387 3424 6
388 3433 9
389 3443 10
390 3453 10
391 3462 9
392 3471 9
393 3479 8
394 3487 8
395 3495 8
396 3504 9
397 3511 7
398 3519 8
399 3527 8
400 3536 9
401 3546 10
402 3556 10
403 3565 9
404 3575 10
405 3585 10
406 3595 10
407 3604 9
408 3614 10
409 3623 9
410 3631 8
411 3640 9
412 3649 9
413 3658 9
414 3668 10
415 3678 10
416 3686 8
417 3693 7
418 3703 10
419 3713 10
420 3722 9
421 3730 8
422 3738 8
423 3746 8
424 3756 10
425 3766 10
426 3776 10
427 3783 7
428 3791 8
429 3801 10
430 3811 10
431 3819 8
432 3829 10
433 3839 10
434 3849 10
435 3858 9
436 3868 10
437 3877 9
438 3887 10
439 3895 8
440 3905 10
441 3914 9
442 3924 10
443 3934 10
444 3943 9
445 3953 10
446 3962 9
447 3971 9
448 3981 10
449 3991 10
450 4000 9
451 4009 9
452 4018 9
453 4027 9
454 4037 10
455 4045 8
456 4055 10
457 4064 9
458 4073 9
459 4083 10
460 4093 10
461 4103 10
462 4112 9
463 4121 9
464 4131 10
465 4141 10
466 4149 8
467 4156 7
468 4166 10
469 4175 9
470 4184 9
471 4194 10
472 4202 8
473 4209 7
474 4218 9
475 4227 9
476 4236 9
477 4246 10
478 4256 10
479 4265 9
480 4275 10
481 4285 10
482 4295 10
483 4305 10
484 4315 10
485 4325 10
486 4335 10
487 4344 9
488 4353 9
489 4362 9
490 4372 10
491 4381 9
492 4391 10
493 4399 8
494 4408 9
495 4417 9
496 4427 10
497 4437 10
498 4446 9
499 4455 9
500 4464 9
