1 5 5
2 11 6
3 16 5
4 22 6
5 28 6
6 35 7
7 42 7
8 49 7
9 54 5
10 60 6
11 68 8
12 73 5
13 79 6
14 85 6
15 92 7
16 99 7
17 108 9
18 117 9
19 125 8
20 132 7
21 142 10
22 152 10
23 158 6
24 166 8
25 174 8
26 182 8
27 190 8
28 198 8
29 206 8
30 216 10
31 224 8
32 233 9
33 242 9
34 251 9
35 260 9
36 268 8
37 276 8
38 285 9
39 294 9
40 302 8
41 311 9
42 321 10
43 331 10
44 338 7
45 346 8
46 353 7
47 362 9
48 371 9
49 378 7
50 387 9
51 392 5
52 401 9
53 410 9
54 419 9
55 427 8
56 434 7
57 443 9
58 453 10
59 462 9
60 470 8
61 478 8
62 487 9
63 497 10
64 507 10
65 516 9
66 526 10
67 535 9
68 545 10
69 553 8
70 562 9
71 571 9
72 579 8
73 585 6
74 594 9
75 604 10
76 610 6
77 620 10
78 629 9
79 639 10
80 648 9
81 658 10
82 666 8
83 675 9
84 685 10
85 694 9
86 704 10
87 713 9
88 721 8
89 729 8
90 736 7
91 745 9
92 753 8
93 763 10
94 772 9
95 782 10
96 790 8
97 798 8
98 808 10
99 816 8
100 824 8
101 834 10
102 843 9
103 853 10
104 862 9
105 870 8
106 879 9
107 889 10
108 899 10
109 908 9
110 917 9
111 927 10
112 935 8
113 943 8
114 953 10
115 963 10
116 972 9
117 980 8
118 989 9
119 999 10
120 1009 10
121 1018 9
122 1027 9
123 1035 8
124 1044 9
125 1053 9
126 1063 10
127 1072 9
128 1081 9
129 1091 10
130 1099 8
131 1109 10
132 1117 8
133 1126 9
134 1135 9
135 1142 7
136 1152 10
137 1161 9
138 1171 10
139 1181 10
140 1191 10
141 1197 6
142 1206 9
143 1215 9
144 1224 9
145 1233 9
146 1242 9
147 1251 9
148 1261 10
149 1270 9
150 1280 10
151 1289 9
152 1298 9
153 1307 9
154 1317 10
155 1327 10
156 1336 9
157 1345 9
158 1355 10
159 1362 7
160 1370 8
161 1379 9
162 1387 8
163 1397 10
164 1406 9
165 1415 9
166 1425 10
167 1434 9
168 1443 9
169 1453 10
170 1463 10
171 1472 9
172 1481 9
173 1490 9
174 1500 10
175 1509 9
176 1518 9
177 1527 9
178 1536 9
179 1546 10
180 1556 10
181 1565 9
182 1574 9
183 1584 10
184 1594 10
185 1604 10
186 1614 10
187 1622 8
188 1632 10
189 1640 8
190 1650 10
191 1659 9
192 1667 8
193 1676 9
194 1685 9
195 1694 9
196 1703 9
197 1711 8
198 1721 10
199 1731 10
200 1739 8
201 1748 9
202 1758 10
203 1768 10
204 1777 9
205 1785 8
206 1795 10
207 1802 7
208 1810 8
209 1817 7
210 1827 10
211 1836 9
212 1845 9
213 1855 10
214 1863 8
215 1873 10
216 1882 9
217 1890 8
218 1899 9
219 1908 9
220 1917 9
221 1926 9
222 1936 10
223 1945 9
224 1953 8
225 1963 10
226 1972 9
227 1982 10
228 1991 9
229 2001 10
230 2011 10
231 2021 10
232 2030 9
233 2037 7
234 2046 9
235 2056 10
236 2066 10
237 2074 8
238 2083 9
239 2092 9
240 2102 10
241 2111 9
242 2121 10
243 2131 10
244 2140 9
245 2149 9
246 2158 9
247 2167 9
248 2177 10
249 2184 7
250 2194 10
251 2204 10
252 2214 10
253 2221 7
254 2231 10
255 2241 10
256 2250 9
257 2260 10
258 2270 10
259 2278 8
260 2286 8
261 2294 8
262 2304 10
263 2313 9
264 2323 10
265 2333 10
266 2342 9
267 2352 10
268 2361 9
269 2371 10
270 2378 7
271 2387 9
272 2397 10
273 2406 9
274 2415 9
275 2423 8
276 2433 10
277 2441 8
278 2451 10
279 2460 9
280 2470 10
281 2480 10
282 2488 8
283 2497 9
284 2507 10
285 2515 8
286 2525 10
287 2534 9
288 2542 8
289 2552 10
290 2561 9
291 2570 9
292 2578 8
293 2585 7
294 2592 7
295 2602 10
296 2610 8
297 2620 10
298 2629 9
299 2638 9
300 2646 8
301 2656 10
302 2665 9
303 2674 9
304 2684 10
305 2693 9
306 2702 9
307 2711 9
308 2721 10
309 2730 9
310 2739 9
311 2746 7
312 2755 9
313 2763 8
314 2772 9
315 2782 10
316 2792 10
317 2800 8
318 2810 10
319 2818 8
320 2828 10
321 2838 10
322 2847 9
323 2855 8
324 2864 9
325 2873 9
326 2883 10
327 2892 9
328 2901 9
329 2910 9
330 2919 9
331 2926 7
332 2934 8
333 2943 9
334 2950 7
335 2960 10
336 2969 9
337 2979 10
338 2989 10
339 2997 8
340 3006 9
341 3016 10
342 3025 9
343 3034 9
344 3044 10
345 3050 6
346 3058 8
347 3068 10
348 3078 10
349 3087 9
350 3097 10
351 3105 8
352 3114 9
353 3122 8
354 3131 9
355 3138 7
356 3146 8
357 3156 10
358 3165 9
359 3174 9
360 3184 10
361 3193 9
362 3201 8
363 3210 9
364 3220 10
365 3229 9
366 3238 9
367 3246 8
368 3255 9
369 3263 8
370 3273 10
371 3282 9
372 3292 10
373 3302 10
374 3311 9
375 3319 8
376 3329 10
377 3337 8
378 3346 9
379 3355 9
380 3365 10
381 3375 10
382 3383 8
383 3392 9
384 3401 9
385 3411 10
386 3421 10
387 3431 10
388 3441 10
389 3450 9
390 3460 10
391 3468 8
392 3477 9
393 3486 9
394 3496 10
395 3506 10
396 3514 8
397 3523 9
398 3532 9
399 3541 9
400 3550 9
401 3558 8
402 3568 10
403 3577 9
404 3587 10
405 3595 8
406 3604 9
407 3614 10
408 3624 10
409 3633 9
410 3641 8
411 3651 10
412 3661 10
413 3670 9
414 3679 9
415 3689 10
416 3698 9
417 3708 10
418 3718 10
419 3726 8
420 3736 10
421 3744 8
422 3751 7
423 3760 9
424 3768 8
425 3776 8
426 3785 9
427 3795 10
428 3802 7
429 3812 10
430 3819 7
431 3829 10
432 3838 9
433 3847 9
434 3856 9
435 3865 9
436 3874 9
437 3884 10
438 3893 9
439 3903 10
440 3912 9
441 3921 9
442 3930 9
443 3938 8
444 3946 8
445 3954 8
446 3963 9
447 3972 9
448 3981 9
449 3991 10
450 4000 9
451 4010 10
452 4020 10
453 4029 9
454 4038 9
455 4047 9
456 4055 8
457 4065 10
458 4075 10
459 4084 9
460 4094 10
461 4104 10
462 4113 9
463 4123 10
464 4132 9
465 4142 10
466 4151 9
467 4160 9
468 4168 8
469 4176 8
470 4185 9
471 4194 9
472 4204 10
473 4214 10
474 4224 10
475 4233 9
476 4243 10
477 4252 9
478 4262 10
479 4270 8
480 4276 6
481 4285 9
482 4295 10
483 4305 10
484 4315 10
485 4324 9
486 4332 8
487 4342 10
488 4351 9
489 4361 10
490 4368 7
491 4378 10
492 4388 10
493 4397 9
494 4407 10
495 4416 9
496 4426 10
497 4434 8
498 4444 10
499 4454 10
500 4463 9
