1 6 6
2 11 5
3 16 5
4 17 1
5 25 8
6 35 10
7 43 8
8 52 9
9 60 8
10 68 8
11 76 8
12 85 9
13 90 5
14 98 8
15 105 7
16 115 10
17 125 10
18 133 8
19 143 10
20 152 9
21 162 10
22 169 7
23 175 6
24 182 7
25 190 8
26 199 9
27 207 8
28 217 10
29 224 7
30 234 10
31 240 6
32 249 9
33 257 8
34 265 8
35 274 9
36 282 8
37 292 10
38 300 8
39 309 9
40 317 8
41 327 10
42 336 9
43 344 8
44 353 9
45 362 9
46 371 9
47 381 10
48 389 8
49 399 10
50 409 10
51 418 9
52 427 9
53 436 9
54 444 8
55 453 9
56 461 8
57 471 10
58 480 9
59 489 9
60 498 9
61 505 7
62 515 10
63 521 6
64 530 9
65 538 8
66 546 8
67 555 9
68 564 9
69 571 7
70 579 8
71 587 8
72 597 10
73 606 9
74 615 9
75 623 8
76 633 10
77 641 8
78 651 10
79 661 10
80 669 8
81 677 8
82 685 8
83 692 7
84 701 9
85 710 9
86 718 8
87 727 9
88 736 9
89 745 9
90 755 10
91 762 7
92 770 8
93 779 9
94 788 9
95 797 9
96 806 9
97 814 8
98 820 6
99 830 10
100 840 10
101 849 9
102 858 9
103 865 7
104 872 7
105 880 8
106 888 8
107 897 9
108 907 10
109 917 10
110 926 9
111 936 10
112 945 9
113 955 10
114 964 9
115 974 10
116 984 10
117 993 9
118 1000 7
119 1008 8
120 1016 8
121 1025 9
122 1034 9
123 1043 9
124 1052 9
125 1062 10
126 1069 7
127 1079 10
128 1089 10
129 1098 9
130 1108 10
131 1118 10
132 1123 5
133 1133 10
134 1140 7
135 1149 9
136 1156 7
137 1164 8
138 1173 9
139 1182 9
140 1191 9
141 1201 10
142 1210 9
143 1219 9
144 1228 9
145 1233 5
146 1242 9
147 1252 10
148 1261 9
149 1270 9
150 1277 7
151 1287 10
152 1295 8
153 1305 10
154 1315 10
155 1322 7
156 1332 10
157 1341 9
158 1351 10
159 1359 8
160 1368 9
161 1378 10
162 1384 6
163 1393 9
164 1402 9
165 1412 10
166 1420 8
167 1430 10
168 1440 10
169 1449 9
170 1459 10
171 1468 9
172 1477 9
173 1485 8
174 1495 10
175 1502 7
176 1511 9
177 1520 9
178 1528 8
179 1538 10
180 1546 8
181 1554 8
182 1564 10
183 1572 8
184 1580 8
185 1589 9
186 1599 10
187 1606 7
188 1615 9
189 1624 9
190 1631 7
191 1639 8
192 1649 10
193 1659 10
194 1667 8
195 1675 8
196 1685 10
197 1695 10
198 1705 10
199 1714 9
200 1724 10
201 1733 9
202 1743 10
203 1753 10
204 1763 10
205 1773 10
206 1781 8
207 1790 9
208 1799 9
209 1807 8
210 1817 10
211 1826 9
212 1835 9
213 1845 10
214 1854 9
215 1864 10
216 1873 9
217 1881 8
218 1890 9
219 1900 10
220 1909 9
221 1919 10
222 1928 9
223 1938 10
224 1947 9
225 1957 10
226 1965 8
227 1972 7
228 1981 9
229 1991 10
230 2001 10
231 2010 9
232 2019 9
233 2029 10
234 2037 8
235 2046 9
236 2055 9
237 2063 8
238 2072 9
239 2080 8
240 2088 8
241 2096 8
242 2104 8
243 2113 9
244 2121 8
245 2131 10
246 2139 8
247 2149 10
248 2157 8
249 2167 10
250 2177 10
251 2184 7
252 2194 10
253 2203 9
254 2212 9
255 2219 7
256 2229 10
257 2237 8
258 2247 10
259 2257 10
260 2265 8
261 2274 9
262 2284 10
263 2294 10
264 2304 10
265 2314 10
266 2322 8
267 2332 10
268 2340 8
269 2349 9
270 2357 8
271 2365 8
272 2374 9
273 2383 9
274 2392 9
275 2401 9
276 2411 10
277 2420 9
278 2429 9
279 2438 9
280 2446 8
281 2454 8
282 2464 10
283 2474 10
284 2483 9
285 2493 10
286 2502 9
287 2511 9
288 2521 10
289 2529 8
290 2538 9
291 2547 9
292 2556 9
293 2564 8
294 2571 7
295 2580 9
296 2590 10
297 2599 9
298 2607 8
299 2616 9
300 2624 8
301 2634 10
302 2643 9
303 2652 9
304 2661 9
305 2670 9
306 2677 7
307 2686 9
308 2696 10
309 2705 9
310 2714 9
311 2724 10
312 2734 10
313 2744 10
314 2754 10
315 2763 9
316 2772 9
317 2781 9
318 2790 9
319 2799 9
320 2809 10
321 2816 7
322 2825 9
323 2834 9
324 2841 7
325 2849 8
326 2858 9
327 2867 9
328 2876 9
329 2884 8
330 2892 8
331 2900 8
332 2910 10
333 2919 9
334 2928 9
335 2938 10
336 2948 10
337 2958 10
338 2966 8
339 2976 10
340 2985 9
341 2995 10
342 3002 7
343 3008 6
344 3018 10
345 3026 8
346 3036 10
347 3045 9
348 3055 10
349 3065 10
350 3074 9
351 3084 10
352 3093 9
353 3099 6
354 3108 9
355 3118 10
356 3128 10
357 3138 10
358 3147 9
359 3156 9
360 3163 7
361 3173 10
362 3182 9
363 3191 9
364 3199 8
365 3209 10
366 3217 8
367 3226 9
368 3234 8
369 3244 10
370 3253 9
371 3262 9
372 3272 10
373 3281 9
374 3290 9
375 3299 9
376 3308 9
377 3317 9
378 3327 10
379 3336 9
380 3346 10
381 3354 8
382 3363 9
383 3372 9
384 3381 9
385 3391 10
386 3400 9
387 3409 9
388 3417 8
389 3426 9
390 3436 10
391 3446 10
392 3455 9
393 3464 9
394 3473 9
395 3483 10
396 3493 10
397 3503 10
398 3512 9
399 3519 7
400 3528 9
401 3537 9
402 3547 10
403 3555 8
404 3565 10
405 3575 10
406 3585 10
407 3594 9
408 3602 8
409 3610 8
410 3619 9
411 3626 7
412 3636 10
413 3645 9
414 3654 9
415 3663 9
416 3673 10
417 3683 10
418 3691 8
419 3701 10
420 3711 10
421 3720 9
422 3730 10
423 3739 9
424 3748 9
425 3755 7
426 3764 9
427 3774 10
428 3782 8
429 3790 8
430 3799 9
431 3807 8
432 3815 8
433 3825 10
434 3833 8
435 3843 10
436 3850 7
437 3857 7
438 3867 10
439 3875 8
440 3884 9
441 3892 8
442 3901 9
443 3909 8
444 3918 9
445 3927 9
446 3935 8
447 3942 7
448 3949 7
449 3959 10
450 3968 9
451 3978 10
452 3987 9
453 3997 10
454 4007 10
455 4015 8
456 4025 10
457 4035 10
458 4043 8
459 4053 10
460 4062 9
461 4069 7
462 4079 10
463 4087 8
464 4095 8
465 4103 8
466 4112 9
467 4122 10
468 4131 9
469 4141 10
470 4150 9
471 4159 9
472 4169 10
473 4178 9
474 4187 9
475 4197 10
476 4206 9
477 4215 9
478 4223 8
479 4232 9
480 4241 9
481 4250 9
482 4259 9
483 4268 9
484 4276 8
485 4285 9
486 4293 8
487 4303 10
488 4312 9
489 4322 10
490 4332 10
491 4341 9
492 4351 10
493 4361 10
494 4370 9
495 4379 9
496 4388 9
497 4397 9
498 4406 9
499 4416 10
500 4426 10
