1 6 6
2 12 6
3 19 7
4 27 8
5 34 7
6 41 7
7 48 7
8 54 6
9 63 9
10 68 5
11 76 8
12 85 9
13 93 8
14 103 10
15 111 8
16 120 9
17 129 9
18 134 5
19 142 8
20 151 9
21 160 9
22 168 8
23 176 8
24 183 7
25 192 9
26 200 8
27 206 6
28 212 6
29 222 10
30 231 9
31 239 8
32 247 8
33 254 7
34 261 7
35 268 7
36 276 8
37 283 7
38 291 8
39 300 9
40 309 9
41 319 10
42 329 10
43 338 9
44 346 8
45 356 10
46 365 9
47 372 7
48 380 8
49 390 10
50 399 9
51 407 8
52 416 9
53 426 10
54 436 10
55 445 9
56 453 8
57 463 10
58 473 10
59 481 8
60 490 9
61 499 9
62 506 7
63 516 10
64 523 7
65 532 9
66 541 9
67 551 10
68 560 9
69 568 8
70 577 9
71 586 9
72 595 9
73 605 10
74 613 8
75 622 9
76 631 9
77 640 9
78 648 8
79 655 7
80 664 9
81 670 6
82 679 9
83 687 8
84 697 10
85 707 10
86 716 9
87 726 10
88 734 8
89 742 8
90 752 10
91 761 9
92 771 10
93 781 10
94 789 8
95 796 7
96 805 9
97 813 8
98 821 8
99 830 9
100 839 9
101 848 9
102 857 9
103 864 7
104 874 10
105 883 9
106 892 9
107 900 8
108 909 9
109 917 8
110 927 10
111 935 8
112 943 8
113 952 9
114 958 6
115 967 9
116 974 7
117 983 9
118 992 9
119 1002 10
120 1009 7
121 1017 8
122 1027 10
123 1037 10
124 1047 10
125 1056 9
126 1064 8
127 1074 10
128 1084 10
129 1094 10
130 1102 8
131 1111 9
132 1120 9
133 1130 10
134 1140 10
135 1149 9
136 1159 10
137 1168 9
138 1177 9
139 1186 9
140 1196 10
141 1205 9
142 1215 10
143 1225 10
144 1235 10
145 1245 10
146 1253 8
147 1262 9
148 1270 8
149 1280 10
150 1289 9
151 1299 10
152 1306 7
153 1315 9
154 1324 9
155 1333 9
156 1342 9
157 1352 10
158 1361 9
159 1371 10
160 1381 10
161 1391 10
162 1401 10
163 1409 8
164 1417 8
165 1426 9
166 1435 9
167 1445 10
168 1455 10
169 1465 10
170 1474 9
171 1484 10
172 1493 9
173 1502 9
174 1509 7
175 1519 10
176 1527 8
177 1537 10
178 1547 10
179 1556 9
180 1565 9
181 1573 8
182 1582 9
183 1590 8
184 1599 9
185 1608 9
186 1618 10
187 1628 10
188 1637 9
189 1645 8
190 1655 10
191 1664 9
192 1671 7
193 1680 9
194 1689 9
195 1698 9
196 1706 8
197 1715 9
198 1724 9
199 1734 10
200 1743 9
201 1753 10
202 1763 10
203 1772 9
204 1781 9
205 1790 9
206 1797 7
207 1807 10
208 1817 10
209 1826 9
210 1834 8
211 1839 5
212 1849 10
213 1858 9
214 1868 10
215 1878 10
216 1887 9
217 1895 8
218 1905 10
219 1913 8
220 1922 9
221 1932 10
222 1942 10
223 1951 9
224 1960 9
225 1969 9
226 1978 9
227 1987 9
228 1997 10
229 2007 10
230 2016 9
231 2025 9
232 2034 9
233 2044 10
234 2054 10
235 2062 8
236 2070 8
237 2080 10
238 2090 10
239 2098 8
240 2107 9
241 2115 8
242 2124 9
243 2133 9
244 2141 8
245 2150 9
246 2159 9
247 2167 8
248 2175 8
249 2185 10
250 2194 9
251 2204 10
252 2213 9
253 2221 8
254 2229 8
255 2238 9
256 2248 10
257 2258 10
258 2268 10
259 2278 10
260 2287 9
261 2295 8
262 2304 9
263 2312 8
264 2321 9
265 2330 9
266 2339 9
267 2347 8
268 2356 9
269 2365 9
270 2375 10
271 2383 8
272 2393 10
273 2403 10
274 2411 8
275 2420 9
276 2430 10
277 2438 8
278 2448 10
279 2458 10
280 2467 9
281 2476 9
282 2486 10
283 2495 9
284 2504 9
285 2514 10
286 2523 9
287 2531 8
288 2538 7
289 2547 9
290 2556 9
291 2565 9
292 2575 10
293 2585 10
294 2594 9
295 2604 10
296 2613 9
297 2621 8
298 2631 10
299 2638 7
300 2647 9
301 2657 10
302 2666 9
303 2676 10
304 2685 9
305 2695 10
306 2704 9
307 2713 9
308 2723 10
309 2732 9
310 2741 9
311 2750 9
312 2758 8
313 2767 9
314 2776 9
315 2785 9
316 2794 9
317 2803 9
318 2811 8
319 2820 9
320 2830 10
321 2839 9
322 2847 8
323 2857 10
324 2867 10
325 2875 8
326 2883 8
327 2892 9
328 2902 10
329 2912 10
330 2922 10
331 2930 8
332 2939 9
333 2946 7
334 2955 9
335 2963 8
336 2973 10
337 2980 7
338 2990 10
339 2999 9
340 3006 7
341 3015 9
342 3024 9
343 3032 8
344 3042 10
345 3051 9
346 3061 10
347 3070 9
348 3079 9
349 3089 10
350 3097 8
351 3107 10
352 3117 10
353 3124 7
354 3134 10
355 3143 9
356 3153 10
357 3163 10
358 3173 10
359 3183 10
360 3191 8
361 3199 8
362 3208 9
363 3218 10
364 3227 9
365 3235 8
366 3244 9
367 3253 9
368 3263 10
369 3273 10
370 3283 10
371 3293 10
372 3303 10
373 3313 10
374 3323 10
375 3332 9
376 3339 7
377 3347 8
378 3357 10
379 3365 8
380 3374 9
381 3384 10
382 3394 10
383 3403 9
384 3412 9
385 3420 8
386 3428 8
387 3437 9
388 3446 9
389 3455 9
390 3464 9
391 3473 9
392 3481 8
393 3490 9
394 3500 10
395 3509 9
396 3518 9
397 3527 9
398 3536 9
399 3543 7
400 3552 9
401 3562 10
402 3572 10
403 3582 10
404 3590 8
405 3599 9
406 3609 10
407 3618 9
408 3627 9
409 3635 8
410 3645 10
411 3653 8
412 3663 10
413 3672 9
414 3682 10
415 3692 10
416 3701 9
417 3709 8
418 3719 10
419 3728 9
420 3737 9
421 3746 9
422 3756 10
423 3766 10
424 3776 10
425 3785 9
426 3794 9
427 3804 10
428 3814 10
429 3824 10
430 3834 10
431 3843 9
432 3853 10
433 3862 9
434 3871 9
435 3880 9
436 3890 10
437 3899 9
438 3909 10
439 3918 9
440 3927 9
441 3937 10
442 3946 9
443 3954 8
444 3963 9
445 3973 10
446 3981 8
447 3990 9
448 3998 8
449 4006 8
450 4015 9
451 4024 9
452 4034 10
453 4043 9
454 4052 9
455 4062 10
456 4071 9
457 4081 10
458 4091 10
459 4101 10
460 4111 10
461 4121 10
462 4131 10
463 4140 9
464 4150 10
465 4159 9
466 4168 9
467 4176 8
468 4186 10
469 4196 10
470 4204 8
471 4213 9
472 4222 9
473 4231 9
474 4240 9
475 4250 10
476 4259 9
477 4269 10
478 4278 9
479 4288 10
480 4297 9
481 4306 9
482 4316 10
483 4324 8
484 4333 9
485 4343 10
486 4353 10
487 4362 9
488 4372 10
489 4378 6
490 4388 10
491 4398 10
492 4407 9
493 4416 9
494 4425 9
495 4435 10
496 4445 10
497 4455 10
498 4464 9
499 4473 9
500 4483 10
