1 4 4
2 8 4
3 13 5
4 18 5
5 21 3
6 29 8
7 36 7
8 44 8
9 51 7
10 58 7
11 64 6
12 70 6
13 74 4
14 83 9
15 89 6
16 99 10
17 106 7
18 113 7
19 119 6
20 127 8
21 135 8
22 144 9
23 154 10
24 163 9
25 171 8
26 180 9
27 188 8
28 196 8
29 201 5
30 210 9
31 219 9
32 228 9
33 237 9
34 244 7
35 253 9
36 263 10
37 272 9
38 279 7
39 286 7
40 293 7
41 301 8
42 311 10
43 319 8
44 327 8
45 334 7
46 341 7
47 351 10
48 360 9
49 369 9
50 378 9
51 386 8
52 395 9
53 402 7
54 410 8
55 418 8
56 428 10
57 436 8
58 444 8
59 453 9
60 463 10
61 472 9
62 481 9
63 491 10
64 499 8
65 509 10
66 518 9
67 527 9
68 536 9
69 544 8
70 552 8
71 560 8
72 568 8
73 578 10
74 588 10
75 597 9
76 607 10
77 616 9
78 624 8
79 633 9
80 642 9
81 651 9
82 659 8
83 669 10
84 678 9
85 687 9
86 696 9
87 704 8
88 713 9
89 720 7
90 729 9
91 738 9
92 746 8
93 753 7
94 763 10
95 773 10
96 783 10
97 792 9
98 800 8
99 807 7
100 816 9
101 826 10
102 835 9
103 844 9
104 853 9
105 863 10
106 872 9
107 881 9
108 890 9
109 898 8
110 907 9
111 916 9
112 924 8
113 934 10
114 944 10
115 952 8
116 961 9
117 970 9
118 979 9
119 989 10
120 998 9
121 1005 7
122 1013 8
123 1022 9
124 1032 10
125 1040 8
126 1050 10
127 1060 10
128 1070 10
129 1080 10
130 1090 10
131 1100 10
132 1108 8
133 1118 10
134 1127 9
135 1136 9
136 1145 9
137 1153 8
138 1163 10
139 1173 10
140 1181 8
141 1190 9
142 1200 10
143 1208 8
144 1214 6
145 1224 10
146 1234 10
147 1244 10
148 1254 10
149 1263 9
150 1271 8
151 1281 10
152 1288 7
153 1297 9
154 1306 9
155 1313 7
156 1320 7
157 1330 10
158 1340 10
159 1347 7
160 1356 9
161 1365 9
162 1374 9
163 1384 10
164 1393 9
165 1402 9
166 1412 10
167 1421 9
168 1430 9
169 1439 9
170 1446 7
171 1454 8
172 1462 8
173 1472 10
174 1481 9
175 1490 9
176 1499 9
177 1509 10
178 1518 9
179 1528 10
180 1538 10
181 1548 10
182 1558 10
183 1568 10
184 1577 9
185 1585 8
186 1595 10
187 1605 10
188 1613 8
189 1622 9
190 1630 8
191 1639 9
192 1648 9
193 1657 9
194 1665 8
195 1675 10
196 1684 9
197 1694 10
198 1704 10
199 1712 8
200 1722 10
201 1731 9
202 1740 9
203 1749 9
204 1759 10
205 1769 10
206 1778 9
207 1788 10
208 1796 8
209 1804 8
210 1814 10
211 1822 8
212 1830 8
213 1839 9
214 1849 10
215 1859 10
216 1868 9
217 1876 8
218 1886 10
219 1894 8
220 1904 10
221 1912 8
222 1922 10
223 1932 10
224 1941 9
225 1950 9
226 1960 10
227 1970 10
228 1978 8
229 1988 10
230 1998 10
231 2006 8
232 2016 10
233 2026 10
234 2035 9
235 2042 7
236 2051 9
237 2061 10
238 2071 10
239 2081 10
240 2090 9
241 2100 10
242 2109 9
243 2118 9
244 2127 9
245 2135 8
246 2143 8
247 2153 10
248 2163 10
249 2173 10
250 2181 8
251 2190 9
252 2200 10
253 2210 10
254 2220 10
255 2230 10
256 2238 8
257 2248 10
258 2258 10
259 2268 10
260 2278 10
261 2286 8
262 2296 10
263 2305 9
264 2314 9
265 2324 10
266 2332 8
267 2342 10
268 2351 9
269 2359 8
270 2369 10
271 2378 9
272 2388 10
273 2396 8
274 2406 10
275 2416 10
276 2426 10
277 2436 10
278 2443 7
279 2452 9
280 2462 10
281 2472 10
282 2482 10
283 2489 7
284 2498 9
285 2507 9
286 2517 10
287 2527 10
288 2536 9
289 2545 9
290 2554 9
291 2564 10
292 2574 10
293 2584 10
294 2593 9
295 2603 10
296 2613 10
297 2622 9
298 2631 9
299 2638 7
300 2647 9
301 2657 10
302 2665 8
303 2674 9
304 2683 9
305 2692 9
306 2700 8
307 2708 8
308 2717 9
309 2725 8
310 2735 10
311 2744 9
312 2754 10
313 2764 10
314 2773 9
315 2783 10
316 2792 9
317 2801 9
318 2810 9
319 2820 10
320 2827 7
321 2836 9
322 2846 10
323 2855 9
324 2864 9
325 2873 9
326 2882 9
327 2892 10
328 2902 10
329 2911 9
330 2919 8
331 2928 9
332 2937 9
333 2947 10
334 2956 9
335 2965 9
336 2975 10
337 2985 10
338 2993 8
339 3002 9
340 3011 9
341 3019 8
342 3027 8
343 3036 9
344 3045 9
345 3054 9
346 3063 9
347 3071 8
348 3080 9
349 3089 9
350 3099 10
351 3108 9
352 3118 10
353 3127 9
354 3136 9
355 3145 9
356 3154 9
357 3163 9
358 3172 9
359 3182 10
360 3192 10
361 3200 8
362 3209 9
363 3218 9
364 3226 8
365 3234 8
366 3244 10
367 3254 10
368 3262 8
369 3271 9
370 3279 8
371 3289 10
372 3299 10
373 3307 8
374 3317 10
375 3326 9
376 3336 10
377 3346 10
378 3355 9
379 3364 9
380 3374 10
381 3383 9
382 3393 10
383 3403 10
384 3413 10
385 3422 9
386 3431 9
387 3441 10
388 3451 10
389 3461 10
390 3471 10
391 3481 10
392 3491 10
393 3501 10
394 3511 10
395 3521 10
396 3529 8
397 3537 8
398 3547 10
399 3554 7
400 3563 9
401 3572 9
402 3582 10
403 3591 9
404 3600 9
405 3610 10
406 3620 10
407 3630 10
408 3640 10
409 3649 9
410 3657 8
411 3666 9
412 3676 10
413 3685 9
414 3695 10
415 3705 10
416 3714 9
417 3724 10
418 3733 9
419 3742 9
420 3751 9
421 3759 8
422 3769 10
423 3779 10
424 3788 9
425 3798 10
426 3808 10
427 3817 9
428 3827 10
429 3834 7
430 3844 10
431 3854 10
432 3862 8
433 3871 9
434 3881 10
435 3890 9
436 3898 8
437 3908 10
438 3918 10
439 3926 8
440 3933 7
441 3942 9
442 3950 8
443 3960 10
444 3970 10
445 3979 9
446 3988 9
447 3998 10
448 4008 10
449 4017 9
450 4027 10
451 4036 9
452 4046 10
453 4055 9
454 4065 10
455 4074 9
456 4083 9
457 4091 8
458 4099 8
459 4109 10
460 4118 9
461 4128 10
462 4136 8
463 4146 10
464 4155 9
465 4164 9
466 4174 10
467 4183 9
468 4193 10
469 4203 10
470 4211 8
471 4220 9
472 4230 10
473 4240 10
474 4249 9
475 4258 9
476 4267 9
477 4277 10
478 4285 8
479 4293 8
480 4301 8
481 4311 10
482 4320 9
483 4329 9
484 4339 10
485 4349 10
486 4358 9
487 4368 10
488 4378 10
489 4388 10
490 4397 9
491 4406 9
492 4413 7
493 4422 9
494 4432 10
495 4442 10
496 4451 9
497 4461 10
498 4470 9
499 4480 10
500 4489 9
