1 2 2
2 6 4
3 9 3
4 15 6
5 20 5
6 25 5
7 31 6
8 36 5
9 44 8
10 50 6
11 59 9
12 65 6
13 72 7
14 77 5
15 83 6
16 90 7
17 100 10
18 108 8
19 114 6
20 122 8
21 130 8
22 137 7
23 143 6
24 151 8
25 159 8
26 165 6
27 173 8
28 182 9
29 188 6
30 195 7
31 205 10
32 213 8
33 222 9
34 229 7
35 238 9
36 247 9
37 256 9
38 262 6
39 271 9
40 278 7
41 285 7
42 294 9
43 303 9
44 313 10
45 321 8
46 330 9
47 339 9
48 348 9
49 356 8
50 365 9
51 374 9
52 382 8
53 390 8
54 397 7
55 406 9
56 414 8
57 422 8
58 432 10
59 439 7
60 449 10
61 455 6
62 463 8
63 472 9
64 481 9
65 491 10
66 499 8
67 509 10
68 518 9
69 527 9
70 537 10
71 545 8
72 553 8
73 562 9
74 571 9
75 578 7
76 588 10
77 597 9
78 607 10
79 614 7
80 622 8
81 631 9
82 640 9
83 649 9
84 658 9
85 667 9
86 677 10
87 687 10
88 696 9
89 704 8
90 714 10
91 724 10
92 733 9
93 740 7
94 750 10
95 760 10
96 769 9
97 776 7
98 784 8
99 792 8
100 800 8
101 807 7
102 816 9
103 826 10
104 836 10
105 842 6
106 851 9
107 860 9
108 870 10
109 879 9
110 889 10
111 899 10
112 907 8
113 916 9
114 926 10
115 934 8
116 943 9
117 953 10
118 962 9
119 971 9
120 980 9
121 989 9
122 998 9
123 1006 8
124 1015 9
125 1025 10
126 1034 9
127 1041 7
128 1049 8
129 1058 9
130 1064 6
131 1072 8
132 1081 9
133 1090 9
134 1098 8
135 1108 10
136 1117 9
137 1125 8
138 1135 10
139 1145 10
140 1154 9
141 1163 9
142 1170 7
143 1178 8
144 1187 9
145 1196 9
146 1205 9
147 1213 8
148 1221 8
149 1230 9
150 1240 10
151 1248 8
152 1256 8
153 1265 9
154 1273 8
155 1283 10
156 1292 9
157 1302 10
158 1311 9
159 1319 8
160 1328 9
161 1338 10
162 1347 9
163 1356 9
164 1366 10
165 1373 7
166 1381 8
167 1390 9
168 1400 10
169 1410 10
170 1420 10
171 1430 10
172 1437 7
173 1446 9
174 1455 9
175 1464 9
176 1474 10
177 1484 10
178 1492 8
179 1500 8
180 1510 10
181 1519 9
182 1528 9
183 1535 7
184 1544 9
185 1553 9
186 1562 9
187 1571 9
188 1581 10
189 1590 9
190 1599 9
191 1607 8
192 1615 8
193 1625 10
194 1634 9
195 1644 10
196 1654 10
197 1663 9
198 1672 9
199 1682 10
200 1690 8
201 1700 10
202 1709 9
203 1717 8
204 1726 9
205 1735 9
206 1744 9
207 1754 10
208 1764 10
209 1774 10
210 1783 9
211 1793 10
212 1802 9
213 1811 9
214 1820 9
215 1829 9
216 1839 10
217 1849 10
218 1858 9
219 1868 10
220 1878 10
221 1886 8
222 1896 10
223 1906 10
224 1916 10
225 1925 9
226 1934 9
227 1943 9
228 1952 9
229 1959 7
230 1968 9
231 1976 8
232 1985 9
233 1994 9
234 2003 9
235 2012 9
236 2022 10
237 2031 9
238 2040 9
239 2050 10
240 2060 10
241 2070 10
242 2079 9
243 2087 8
244 2097 10
245 2105 8
246 2115 10
247 2124 9
248 2134 10
249 2144 10
250 2154 10
251 2163 9
252 2172 9
253 2182 10
254 2192 10
255 2202 10
256 2212 10
257 2222 10
258 2232 10
259 2241 9
260 2251 10
261 2261 10
262 2271 10
263 2281 10
264 2291 10
265 2298 7
266 2306 8
267 2316 10
268 2326 10
269 2335 9
270 2345 10
271 2353 8
272 2363 10
273 2372 9
274 2382 10
275 2391 9
276 2401 10
277 2411 10
278 2419 8
279 2428 9
280 2438 10
281 2445 7
282 2453 8
283 2461 8
284 2470 9
285 2479 9
286 2488 9
287 2496 8
288 2504 8
289 2513 9
290 2523 10
291 2532 9
292 2542 10
293 2552 10
294 2562 10
295 2572 10
296 2580 8
297 2587 7
298 2597 10
299 2605 8
300 2615 10
301 2624 9
302 2632 8
303 2639 7
304 2648 9
305 2658 10
306 2668 10
307 2676 8
308 2685 9
309 2693 8
310 2702 9
311 2710 8
312 2719 9
313 2727 8
314 2735 8
315 2745 10
316 2755 10
317 2765 10
318 2775 10
319 2784 9
320 2794 10
321 2803 9
322 2812 9
323 2820 8
324 2830 10
325 2839 9
326 2849 10
327 2859 10
328 2868 9
329 2878 10
330 2887 9
331 2897 10
332 2907 10
333 2916 9
334 2926 10
335 2936 10
336 2945 9
337 2955 10
338 2964 9
339 2974 10
340 2982 8
341 2991 9
342 3000 9
343 3008 8
344 3017 9
345 3024 7
346 3034 10
347 3042 8
348 3050 8
349 3059 9
350 3066 7
351 3075 9
352 3085 10
353 3095 10
354 3105 10
355 3114 9
356 3124 10
357 3133 9
358 3143 10
359 3151 8
360 3161 10
361 3171 10
362 3179 8
363 3188 9
364 3197 9
365 3206 9
366 3212 6
367 3221 9
368 3230 9
369 3240 10
370 3248 8
371 3258 10
372 3266 8
373 3275 9
374 3285 10
375 3295 10
376 3304 9
377 3312 8
378 3320 8
379 3329 9
380 3338 9
381 3347 9
382 3356 9
383 3363 7
384 3373 10
385 3382 9
386 3389 7
387 3398 9
388 3407 9
389 3414 7
390 3423 9
391 3433 10
392 3442 9
393 3452 10
394 3462 10
395 3471 9
396 3479 8
397 3489 10
398 3498 9
399 3507 9
400 3516 9
401 3526 10
402 3535 9
403 3543 8
404 3553 10
405 3563 10
406 3571 8
407 3580 9
408 3589 9
409 3598 9
410 3607 9
411 3616 9
412 3625 9
413 3635 10
414 3644 9
415 3653 9
416 3662 9
417 3672 10
418 3681 9
419 3689 8
420 3699 10
421 3708 9
422 3717 9
423 3726 9
424 3735 9
425 3745 10
426 3755 10
427 3764 9
428 3774 10
429 3782 8
430 3791 9
431 3800 9
432 3810 10
433 3819 9
434 3828 9
435 3838 10
436 3846 8
437 3856 10
438 3865 9
439 3874 9
440 3883 9
441 3892 9
442 3901 9
443 3911 10
444 3921 10
445 3930 9
446 3939 9
447 3949 10
448 3957 8
449 3967 10
450 3977 10
451 3987 10
452 3997 10
453 4007 10
454 4017 10
455 4026 9
456 4033 7
457 4041 8
458 4050 9
459 4057 7
460 4067 10
461 4077 10
462 4087 10
463 4096 9
464 4105 9
465 4114 9
466 4122 8
467 4132 10
468 4141 9
469 4151 10
470 4158 7
471 4167 9
472 4174 7
473 4183 9
474 4193 10
475 4202 9
476 4212 10
477 4219 7
478 4229 10
479 4239 10
480 4248 9
481 4258 10
482 4267 9
483 4275 8
484 4284 9
485 4294 10
486 4304 10
487 4314 10
488 4323 9
489 4333 10
490 4342 9
491 4351 9
492 4360 9
493 4370 10
494 4379 9
495 4389 10
496 4398 9
497 4408 10
498 4417 9
499 4427 10
500 4437 10
