1 3 3
2 11 8
3 17 6
4 22 5
5 29 7
6 34 5
7 39 5
8 48 9
9 56 8
10 65 9
11 72 7
12 80 8
13 87 7
14 94 7
15 103 9
16 110 7
17 119 9
18 128 9
19 135 7
20 143 8
21 152 9
22 159 7
23 166 7
24 175 9
25 185 10
26 195 10
27 205 10
28 214 9
29 219 5
30 228 9
31 235 7
32 244 9
33 252 8
34 261 9
35 271 10
36 279 8
37 287 8
38 295 8
39 304 9
40 314 10
41 322 8
42 329 7
43 338 9
44 346 8
45 353 7
46 362 9
47 370 8
48 380 10
49 390 10
50 399 9
51 407 8
52 417 10
53 425 8
54 435 10
55 443 8
56 452 9
57 461 9
58 470 9
59 480 10
60 488 8
61 498 10
62 506 8
63 512 6
64 519 7
65 527 8
66 537 10
67 545 8
68 555 10
69 564 9
70 574 10
71 582 8
72 590 8
73 597 7
74 604 7
75 613 9
76 621 8
77 631 10
78 639 8
79 648 9
80 655 7
81 665 10
82 674 9
83 683 9
84 691 8
85 699 8
86 706 7
87 715 9
88 724 9
89 733 9
90 741 8
91 749 8
92 759 10
93 766 7
94 775 9
95 783 8
96 793 10
97 800 7
98 810 10
99 820 10
100 829 9
101 838 9
102 848 10
103 857 9
104 867 10
105 877 10
106 884 7
107 894 10
108 903 9
109 912 9
110 920 8
111 930 10
112 940 10
113 946 6
114 955 9
115 964 9
116 971 7
117 981 10
118 990 9
119 1000 10
120 1010 10
121 1017 7
122 1024 7
123 1034 10
124 1041 7
125 1048 7
126 1056 8
127 1065 9
128 1074 9
129 1081 7
130 1091 10
131 1101 10
132 1111 10
133 1120 9
134 1130 10
135 1139 9
136 1149 10
137 1159 10
138 1168 9
139 1177 9
140 1186 9
141 1196 10
142 1206 10
143 1215 9
144 1223 8
145 1232 9
146 1240 8
147 1250 10
148 1259 9
149 1268 9
150 1277 9
151 1287 10
152 1296 9
153 1303 7
154 1313 10
155 1323 10
156 1332 9
157 1342 10
158 1352 10
159 1360 8
160 1369 9
161 1378 9
162 1388 10
163 1397 9
164 1405 8
165 1415 10
166 1424 9
167 1433 9
168 1442 9
169 1452 10
170 1460 8
171 1468 8
172 1477 9
173 1486 9
174 1493 7
175 1503 10
176 1512 9
177 1521 9
178 1530 9
179 1540 10
180 1546 6
181 1554 8
182 1562 8
183 1572 10
184 1580 8
185 1590 10
186 1600 10
187 1609 9
188 1618 9
189 1627 9
190 1636 9
191 1645 9
192 1654 9
193 1662 8
194 1672 10
195 1681 9
196 1690 9
197 1699 9
198 1709 10
199 1718 9
200 1727 9
201 1736 9
202 1744 8
203 1753 9
204 1762 9
205 1771 9
206 1781 10
207 1791 10
208 1801 10
209 1810 9
210 1820 10
211 1829 9
212 1839 10
213 1847 8
214 1855 8
215 1863 8
216 1871 8
217 1880 9
218 1890 10
219 1900 10
220 1909 9
221 1919 10
222 1927 8
223 1935 8
224 1945 10
225 1955 10
226 1965 10
227 1975 10
228 1982 7
229 1991 9
230 2000 9
231 2010 10
232 2020 10
233 2027 7
234 2036 9
235 2046 10
236 2056 10
237 2066 10
238 2076 10
239 2085 9
240 2095 10
241 2103 8
242 2111 8
243 2120 9
244 2129 9
245 2138 9
246 2144 6
247 2154 10
248 2164 10
249 2173 9
250 2183 10
251 2191 8
252 2201 10
253 2210 9
254 2218 8
255 2226 8
256 2236 10
257 2244 8
258 2253 9
259 2263 10
260 2273 10
261 2282 9
262 2291 9
263 2301 10
264 2310 9
265 2319 9
266 2326 7
267 2334 8
268 2343 9
269 2353 10
270 2363 10
271 2372 9
272 2382 10
273 2392 10
274 2402 10
275 2411 9
276 2421 10
277 2430 9
278 2438 8
279 2448 10
280 2455 7
281 2465 10
282 2475 10
283 2485 10
284 2495 10
285 2505 10
286 2515 10
287 2522 7
288 2532 10
289 2542 10
290 2549 7
291 2559 10
292 2569 10
293 2577 8
294 2587 10
295 2596 9
296 2606 10
297 2614 8
298 2623 9
299 2632 9
300 2641 9
301 2651 10
302 2660 9
303 2670 10
304 2679 9
305 2688 9
306 2697 9
307 2706 9
308 2715 9
309 2724 9
310 2731 7
311 2741 10
312 2750 9
313 2760 10
314 2770 10
315 2778 8
316 2788 10
317 2797 9
318 2806 9
319 2814 8
320 2823 9
321 2833 10
322 2842 9
323 2849 7
324 2857 8
325 2864 7
326 2873 9
327 2880 7
328 2890 10
329 2900 10
330 2909 9
331 2919 10
332 2929 10
333 2939 10
334 2949 10
335 2959 10
336 2968 9
337 2978 10
338 2988 10
339 2997 9
340 3007 10
341 3014 7
342 3024 10
343 3033 9
344 3042 9
345 3051 9
346 3061 10
347 3071 10
348 3080 9
349 3089 9
350 3097 8
351 3107 10
352 3117 10
353 3126 9
354 3134 8
355 3142 8
356 3150 8
357 3159 9
358 3168 9
359 3178 10
360 3188 10
361 3198 10
362 3206 8
363 3215 9
364 3225 10
365 3234 9
366 3241 7
367 3251 10
368 3261 10
369 3269 8
370 3278 9
371 3286 8
372 3296 10
373 3305 9
374 3315 10
375 3324 9
376 3333 9
377 3342 9
378 3352 10
379 3361 9
380 3371 10
381 3381 10
382 3390 9
383 3399 9
384 3408 9
385 3418 10
386 3428 10
387 3438 10
388 3448 10
389 3457 9
390 3467 10
391 3477 10
392 3485 8
393 3494 9
394 3502 8
395 3510 8
396 3518 8
397 3525 7
398 3533 8
399 3542 9
400 3552 10
401 3560 8
402 3569 9
403 3578 9
404 3588 10
405 3596 8
406 3606 10
407 3614 8
408 3623 9
409 3631 8
410 3639 8
411 3647 8
412 3657 10
413 3667 10
414 3676 9
415 3686 10
416 3694 8
417 3701 7
418 3708 7
419 3717 9
420 3726 9
421 3736 10
422 3744 8
423 3751 7
424 3757 6
425 3765 8
426 3775 10
427 3783 8
428 3793 10
429 3803 10
430 3813 10
431 3822 9
432 3832 10
433 3842 10
434 3850 8
435 3860 10
436 3869 9
437 3878 9
438 3887 9
439 3897 10
440 3906 9
441 3914 8
442 3923 9
443 3932 9
444 3941 9
445 3950 9
446 3958 8
447 3966 8
448 3975 9
449 3985 10
450 3994 9
451 4003 9
452 4012 9
453 4019 7
454 4028 9
455 4036 8
456 4046 10
457 4056 10
458 4065 9
459 4075 10
460 4085 10
461 4094 9
462 4101 7
463 4110 9
464 4119 9
465 4129 10
466 4137 8
467 4146 9
468 4155 9
469 4164 9
470 4174 10
471 4183 9
472 4192 9
473 4200 8
474 4207 7
475 4216 9
476 4226 10
477 4235 9
478 4244 9
479 4254 10
480 4264 10
481 4271 7
482 4280 9
483 4290 10
484 4300 10
485 4310 10
486 4318 8
487 4328 10
488 4335 7
489 4343 8
490 4351 8
491 4359 8
492 4369 10
493 4379 10
494 4388 9
495 4398 10
496 4408 10
497 4418 10
498 4427 9
499 4436 9
500 4445 9
