1 6 6
2 12 6
3 17 5
4 21 4
5 27 6
6 33 6
7 40 7
8 47 7
9 55 8
10 59 4
11 64 5
12 72 8
13 81 9
14 89 8
15 97 8
16 102 5
17 111 9
18 118 7
19 127 9
20 135 8
21 144 9
22 153 9
23 162 9
24 171 9
25 180 9
26 187 7
27 196 9
28 204 8
29 212 8
30 221 9
31 229 8
32 239 10
33 247 8
34 255 8
35 263 8
36 272 9
37 282 10
38 289 7
39 298 9
40 307 9
41 315 8
42 324 9
43 333 9
44 340 7
45 347 7
46 357 10
47 363 6
48 371 8
49 379 8
50 388 9
51 397 9
52 403 6
53 413 10
54 422 9
55 432 10
56 441 9
57 450 9
58 459 9
59 468 9
60 477 9
61 483 6
62 493 10
63 502 9
64 511 9
65 521 10
66 530 9
67 539 9
68 548 9
69 557 9
70 566 9
71 574 8
72 581 7
73 589 8
74 598 9
75 607 9
76 616 9
77 625 9
78 633 8
79 643 10
80 652 9
81 662 10
82 672 10
83 681 9
84 691 10
85 700 9
86 709 9
87 716 7
88 723 7
89 731 8
90 740 9
91 750 10
92 758 8
93 766 8
94 776 10
95 784 8
96 792 8
97 800 8
98 809 9
99 817 8
100 826 9
101 836 10
102 845 9
103 854 9
104 864 10
105 873 9
106 882 9
107 890 8
108 900 10
109 909 9
110 918 9
111 925 7
112 934 9
113 943 9
114 953 10
115 961 8
116 971 10
117 981 10
118 991 10
119 1000 9
120 1010 10
121 1020 10
122 1029 9
123 1037 8
124 1047 10
125 1057 10
126 1065 8
127 1072 7
128 1080 8
129 1089 9
130 1099 10
131 1107 8
132 1115 8
133 1124 9
134 1134 10
135 1143 9
136 1151 8
137 1159 8
138 1165 6
139 1175 10
140 1184 9
141 1194 10
142 1204 10
143 1213 9
144 1219 6
145 1229 10
146 1239 10
147 1249 10
148 1258 9
149 1267 9
150 1276 9
151 1285 9
152 1294 9
153 1303 9
154 1312 9
155 1321 9
156 1331 10
157 1341 10
158 1349 8
159 1358 9
160 1368 10
161 1377 9
162 1385 8
163 1394 9
164 1402 8
165 1411 9
166 1421 10
167 1430 9
168 1439 9
169 1445 6
170 1454 9
171 1463 9
172 1473 10
173 1483 10
174 1490 7
175 1497 7
176 1505 8
177 1513 8
178 1522 9
179 1532 10
180 1540 8
181 1550 10
182 1560 10
183 1569 9
184 1578 9
185 1586 8
186 1595 9
187 1604 9
188 1613 9
189 1621 8
190 1629 8
191 1639 10
192 1647 8
193 1657 10
194 1665 8
195 1675 10
196 1683 8
197 1692 9
198 1701 9
199 1710 9
200 1720 10
201 1728 8
202 1737 9
203 1747 10
204 1757 10
205 1766 9
206 1776 10
207 1785 9
208 1794 9
209 1803 9
210 1811 8
211 1821 10
212 1830 9
213 1840 10
214 1850 10
215 1859 9
216 1869 10
217 1876 7
218 1886 10
219 1895 9
220 1904 9
221 1912 8
222 1921 9
223 1930 9
224 1940 10
225 1950 10
226 1959 9
227 1969 10
228 1978 9
229 1988 10
230 1998 10
231 2008 10
232 2017 9
233 2025 8
234 2035 10
235 2044 9
236 2054 10
237 2064 10
238 2073 9
239 2083 10
240 2092 9
241 2102 10
242 2112 10
243 2121 9
244 2130 9
245 2140 10
246 2149 9
247 2159 10
248 2168 9
249 2177 9
250 2186 9
251 2196 10
252 2205 9
253 2215 10
254 2224 9
255 2232 8
256 2242 10
257 2251 9
258 2260 9
259 2269 9
260 2277 8
261 2287 10
262 2297 10
263 2307 10
264 2316 9
265 2325 9
266 2333 8
267 2342 9
268 2352 10
269 2361 9
270 2370 9
271 2379 9
272 2387 8
273 2395 8
274 2404 9
275 2413 9
276 2423 10
277 2432 9
278 2442 10
279 2451 9
280 2460 9
281 2470 10
282 2480 10
283 2486 6
284 2494 8
285 2504 10
286 2514 10
287 2524 10
288 2532 8
289 2540 8
290 2548 8
291 2557 9
292 2567 10
293 2577 10
294 2586 9
295 2596 10
296 2605 9
297 2614 9
298 2622 8
299 2630 8
300 2640 10
301 2650 10
302 2658 8
303 2668 10
304 2677 9
305 2686 9
306 2695 9
307 2705 10
308 2712 7
309 2721 9
310 2729 8
311 2737 8
312 2746 9
313 2756 10
314 2766 10
315 2775 9
316 2784 9
317 2793 9
318 2803 10
319 2812 9
320 2822 10
321 2832 10
322 2839 7
323 2849 10
324 2859 10
325 2868 9
326 2877 9
327 2886 9
328 2894 8
329 2902 8
330 2911 9
331 2920 9
332 2930 10
333 2940 10
334 2950 10
335 2960 10
336 2967 7
337 2976 9
338 2986 10
339 2995 9
340 3004 9
341 3014 10
342 3024 10
343 3032 8
344 3042 10
345 3051 9
346 3060 9
347 3069 9
348 3079 10
349 3088 9
350 3098 10
351 3107 9
352 3116 9
353 3124 8
354 3134 10
355 3144 10
356 3152 8
357 3162 10
358 3169 7
359 3178 9
360 3188 10
361 3198 10
362 3206 8
363 3216 10
364 3225 9
365 3234 9
366 3244 10
367 3253 9
368 3263 10
369 3273 10
370 3282 9
371 3292 10
372 3302 10
373 3311 9
374 3319 8
375 3329 10
376 3339 10
377 3349 10
378 3358 9
379 3367 9
380 3377 10
381 3386 9
382 3395 9
383 3405 10
384 3415 10
385 3420 5
386 3430 10
387 3440 10
388 3450 10
389 3460 10
390 3470 10
391 3480 10
392 3490 10
393 3497 7
394 3507 10
395 3516 9
396 3524 8
397 3533 9
398 3542 9
399 3552 10
400 3562 10
401 3571 9
402 3580 9
403 3590 10
404 3600 10
405 3610 10
406 3617 7
407 3627 10
408 3636 9
409 3645 9
410 3654 9
411 3663 9
412 3673 10
413 3683 10
414 3693 10
415 3703 10
416 3711 8
417 3721 10
418 3731 10
419 3741 10
420 3750 9
421 3758 8
422 3768 10
423 3777 9
424 3785 8
425 3794 9
426 3803 9
427 3813 10
428 3821 8
429 3830 9
430 3839 9
431 3848 9
432 3856 8
433 3864 8
434 3873 9
435 3882 9
436 3891 9
437 3901 10
438 3910 9
439 3920 10
440 3926 6
441 3936 10
442 3946 10
443 3956 10
444 3966 10
445 3974 8
446 3984 10
447 3993 9
448 4003 10
449 4013 10
450 4023 10
451 4032 9
452 4038 6
453 4047 9
454 4054 7
455 4064 10
456 4073 9
457 4082 9
458 4091 9
459 4100 9
460 4109 9
461 4115 6
462 4123 8
463 4133 10
464 4140 7
465 4150 10
466 4159 9
467 4168 9
468 4177 9
469 4187 10
470 4196 9
471 4204 8
472 4214 10
473 4224 10
474 4233 9
475 4242 9
476 4252 10
477 4261 9
478 4270 9
479 4280 10
480 4290 10
481 4300 10
482 4309 9
483 4317 8
484 4327 10
485 4337 10
486 4347 10
487 4357 10
488 4366 9
489 4375 9
490 4385 10
491 4395 10
492 4405 10
493 4413 8
494 4423 10
495 4431 8
496 4441 10
497 4450 9
498 4458 8
499 4466 8
500 4474 8
