1 5 5
2 12 7
3 18 6
4 24 6
5 30 6
6 36 6
7 43 7
8 50 7
9 56 6
10 64 8
11 73 9
12 82 9
13 90 8
14 95 5
15 103 8
16 112 9
17 121 9
18 128 7
19 135 7
20 143 8
21 151 8
22 158 7
23 167 9
24 176 9
25 186 10
26 196 10
27 205 9
28 213 8
29 222 9
30 228 6
31 237 9
32 246 9
33 254 8
34 262 8
35 270 8
36 278 8
37 288 10
38 296 8
39 306 10
40 315 9
41 323 8
42 331 8
43 341 10
44 351 10
45 360 9
46 369 9
47 379 10
48 388 9
49 396 8
50 405 9
51 414 9
52 422 8
53 431 9
54 440 9
55 446 6
56 453 7
57 463 10
58 472 9
59 480 8
60 489 9
61 499 10
62 509 10
63 518 9
64 528 10
65 537 9
66 547 10
67 556 9
68 564 8
69 574 10
70 583 9
71 591 8
72 601 10
73 610 9
74 619 9
75 627 8
76 636 9
77 644 8
78 653 9
79 663 10
80 671 8
81 679 8
82 689 10
83 698 9
84 708 10
85 718 10
86 728 10
87 737 9
88 747 10
89 755 8
90 765 10
91 773 8
92 780 7
93 790 10
94 798 8
95 808 10
96 818 10
97 824 6
98 832 8
99 842 10
100 850 8
101 859 9
102 867 8
103 876 9
104 886 10
105 895 9
106 905 10
107 912 7
108 922 10
109 932 10
110 940 8
111 948 8
112 958 10
113 968 10
114 978 10
115 986 8
116 996 10
117 1005 9
118 1014 9
119 1023 9
120 1033 10
121 1043 10
122 1052 9
123 1060 8
124 1070 10
125 1080 10
126 1090 10
127 1100 10
128 1109 9
129 1119 10
130 1128 9
131 1137 9
132 1146 9
133 1154 8
134 1162 8
135 1172 10
136 1182 10
137 1191 9
138 1198 7
139 1207 9
140 1216 9
141 1225 9
142 1234 9
143 1243 9
144 1252 9
145 1261 9
146 1270 9
147 1280 10
148 1288 8
149 1298 10
150 1308 10
151 1318 10
152 1327 9
153 1335 8
154 1345 10
155 1355 10
156 1364 9
157 1372 8
158 1382 10
159 1392 10
160 1402 10
161 1412 10
162 1421 9
163 1431 10
164 1439 8
165 1449 10
166 1458 9
167 1466 8
168 1475 9
169 1482 7
170 1491 9
171 1501 10
172 1510 9
173 1519 9
174 1528 9
175 1537 9
176 1545 8
177 1554 9
178 1564 10
179 1571 7
180 1581 10
181 1590 9
182 1599 9
183 1609 10
184 1619 10
185 1627 8
186 1636 9
187 1645 9
188 1655 10
189 1665 10
190 1675 10
191 1685 10
192 1694 9
193 1703 9
194 1713 10
195 1722 9
196 1729 7
197 1736 7
198 1743 7
199 1750 7
200 1759 9
201 1769 10
202 1777 8
203 1785 8
204 1794 9
205 1804 10
206 1813 9
207 1823 10
208 1832 9
209 1840 8
210 1848 8
211 1855 7
212 1864 9
213 1871 7
214 1878 7
215 1888 10
216 1898 10
217 1907 9
218 1916 9
219 1923 7
220 1931 8
221 1939 8
222 1949 10
223 1958 9
224 1968 10
225 1978 10
226 1987 9
227 1996 9
228 2005 9
229 2015 10
230 2025 10
231 2035 10
232 2043 8
233 2053 10
234 2063 10
235 2073 10
236 2082 9
237 2092 10
238 2101 9
239 2109 8
240 2119 10
241 2128 9
242 2138 10
243 2147 9
244 2156 9
245 2166 10
246 2176 10
247 2185 9
248 2194 9
249 2204 10
250 2213 9
251 2223 10
252 2231 8
253 2239 8
254 2248 9
255 2258 10
256 2268 10
257 2276 8
258 2284 8
259 2294 10
260 2304 10
261 2313 9
262 2322 9
263 2331 9
264 2340 9
265 2349 9
266 2358 9
267 2367 9
268 2377 10
269 2386 9
270 2396 10
271 2406 10
272 2415 9
273 2423 8
274 2429 6
275 2439 10
276 2448 9
277 2457 9
278 2466 9
279 2476 10
280 2486 10
281 2494 8
282 2502 8
283 2511 9
284 2520 9
285 2528 8
286 2538 10
287 2547 9
288 2556 9
289 2564 8
290 2573 9
291 2583 10
292 2592 9
293 2602 10
294 2612 10
295 2622 10
296 2631 9
297 2641 10
298 2651 10
299 2661 10
300 2671 10
301 2681 10
302 2690 9
303 2699 9
304 2707 8
305 2717 10
306 2727 10
307 2737 10
308 2745 8
309 2755 10
310 2764 9
311 2773 9
312 2783 10
313 2793 10
314 2803 10
315 2813 10
316 2822 9
317 2832 10
318 2842 10
319 2851 9
320 2859 8
321 2867 8
322 2877 10
323 2885 8
324 2894 9
325 2903 9
326 2912 9
327 2922 10
328 2932 10
329 2942 10
330 2951 9
331 2959 8
332 2968 9
333 2978 10
334 2986 8
335 2995 9
336 3005 10
337 3013 8
338 3023 10
339 3032 9
340 3042 10
341 3051 9
342 3060 9
343 3070 10
344 3080 10
345 3090 10
346 3096 6
347 3105 9
348 3114 9
349 3121 7
350 3131 10
351 3140 9
352 3149 9
353 3159 10
354 3169 10
355 3177 8
356 3187 10
357 3196 9
358 3206 10
359 3215 9
360 3224 9
361 3234 10
362 3243 9
363 3249 6
364 3259 10
365 3268 9
366 3276 8
367 3284 8
368 3293 9
369 3303 10
370 3313 10
371 3323 10
372 3333 10
373 3342 9
374 3350 8
375 3359 9
376 3369 10
377 3377 8
378 3385 8
379 3394 9
380 3403 9
381 3413 10
382 3423 10
383 3433 10
384 3442 9
385 3450 8
386 3460 10
387 3470 10
388 3479 9
389 3488 9
390 3498 10
391 3507 9
392 3516 9
393 3526 10
394 3535 9
395 3544 9
396 3552 8
397 3562 10
398 3572 10
399 3581 9
400 3591 10
401 3601 10
402 3611 10
403 3620 9
404 3630 10
405 3640 10
406 3649 9
407 3659 10
408 3667 8
409 3676 9
410 3686 10
411 3695 9
412 3704 9
413 3714 10
414 3723 9
415 3732 9
416 3739 7
417 3748 9
418 3758 10
419 3768 10
420 3777 9
421 3787 10
422 3796 9
423 3806 10
424 3815 9
425 3825 10
426 3835 10
427 3845 10
428 3855 10
429 3864 9
430 3874 10
431 3884 10
432 3893 9
433 3900 7
434 3909 9
435 3919 10
436 3929 10
437 3939 10
438 3948 9
439 3956 8
440 3965 9
441 3975 10
442 3985 10
443 3995 10
444 4005 10
445 4014 9
446 4023 9
447 4033 10
448 4043 10
449 4053 10
450 4063 10
451 4073 10
452 4083 10
453 4093 10
454 4103 10
455 4113 10
456 4123 10
457 4133 10
458 4142 9
459 4150 8
460 4160 10
461 4170 10
462 4179 9
463 4188 9
464 4198 10
465 4208 10
466 4218 10
467 4228 10
468 4237 9
469 4247 10
470 4256 9
471 4266 10
472 4275 9
473 4284 9
474 4292 8
475 4301 9
476 4310 9
477 4318 8
478 4327 9
479 4336 9
480 4345 9
481 4355 10
482 4364 9
483 4373 9
484 4382 9
485 4392 10
486 4400 8
487 4410 10
488 4420 10
489 4428 8
490 4437 9
491 4447 10
492 4457 10
493 4467 10
494 4476 9
495 4485 9
496 4494 9
497 4504 10
498 4513 9
499 4521 8
500 4529 8
