1 6 6
2 11 5
3 16 5
4 22 6
5 27 5
6 34 7
7 41 7
8 50 9
9 57 7
10 65 8
11 74 9
12 82 8
13 89 7
14 97 8
15 106 9
16 114 8
17 121 7
18 129 8
19 138 9
20 144 6
21 153 9
22 159 6
23 169 10
24 177 8
25 185 8
26 192 7
27 201 9
28 208 7
29 217 9
30 225 8
31 232 7
32 239 7
33 247 8
34 256 9
35 264 8
36 271 7
37 280 9
38 289 9
39 298 9
40 307 9
41 316 9
42 326 10
43 333 7
44 340 7
45 349 9
46 358 9
47 367 9
48 377 10
49 387 10
50 396 9
51 405 9
52 415 10
53 423 8
54 433 10
55 440 7
56 445 5
57 455 10
58 465 10
59 474 9
60 481 7
61 489 8
62 498 9
63 507 9
64 513 6
65 522 9
66 532 10
67 540 8
68 549 9
69 559 10
70 569 10
71 579 10
72 588 9
73 596 8
74 604 8
75 614 10
76 623 9
77 631 8
78 640 9
79 649 9
80 659 10
81 667 8
82 676 9
83 685 9
84 695 10
85 705 10
86 713 8
87 723 10
88 732 9
89 741 9
90 751 10
91 760 9
92 769 9
93 778 9
94 785 7
95 793 8
96 803 10
97 811 8
98 819 8
99 828 9
100 838 10
101 847 9
102 857 10
103 867 10
104 875 8
105 883 8
106 893 10
107 901 8
108 909 8
109 919 10
110 927 8
111 937 10
112 945 8
113 955 10
114 964 9
115 973 9
116 983 10
117 993 10
118 1001 8
119 1010 9
120 1019 9
121 1028 9
122 1037 9
123 1046 9
124 1054 8
125 1063 9
126 1070 7
127 1080 10
128 1090 10
129 1098 8
130 1107 9
131 1115 8
132 1125 10
133 1134 9
134 1143 9
135 1153 10
136 1162 9
137 1172 10
138 1180 8
139 1190 10
140 1200 10
141 1209 9
142 1219 10
143 1228 9
144 1237 9
145 1247 10
146 1257 10
147 1267 10
148 1276 9
149 1285 9
150 1293 8
151 1303 10
152 1312 9
153 1321 9
154 1328 7
155 1336 8
156 1345 9
157 1355 10
158 1365 10
159 1373 8
160 1382 9
161 1392 10
162 1400 8
163 1408 8
164 1417 9
165 1426 9
166 1436 10
167 1446 10
168 1453 7
169 1461 8
170 1471 10
171 1480 9
172 1489 9
173 1498 9
174 1506 8
175 1516 10
176 1526 10
177 1534 8
178 1544 10
179 1554 10
180 1564 10
181 1574 10
182 1584 10
183 1594 10
184 1602 8
185 1611 9
186 1621 10
187 1630 9
188 1638 8
189 1647 9
190 1657 10
191 1666 9
192 1676 10
193 1685 9
194 1694 9
195 1703 9
196 1713 10
197 1722 9
198 1731 9
199 1740 9
200 1750 10
201 1759 9
202 1769 10
203 1778 9
204 1788 10
205 1798 10
206 1807 9
207 1816 9
208 1823 7
209 1833 10
210 1843 10
211 1852 9
212 1862 10
213 1872 10
214 1881 9
215 1891 10
216 1900 9
217 1910 10
218 1916 6
219 1925 9
220 1933 8
221 1942 9
222 1950 8
223 1959 9
224 1968 9
225 1978 10
226 1988 10
227 1997 9
228 2007 10
229 2016 9
230 2024 8
231 2034 10
232 2043 9
233 2053 10
234 2062 9
235 2070 8
236 2080 10
237 2090 10
238 2100 10
239 2110 10
240 2120 10
241 2128 8
242 2138 10
243 2148 10
244 2158 10
245 2167 9
246 2176 9
247 2186 10
248 2196 10
249 2205 9
250 2215 10
251 2223 8
252 2231 8
253 2241 10
254 2250 9
255 2260 10
256 2270 10
257 2279 9
258 2289 10
259 2299 10
260 2307 8
261 2316 9
262 2325 9
263 2334 9
264 2343 9
265 2353 10
266 2362 9
267 2372 10
268 2381 9
269 2388 7
270 2397 9
271 2406 9
272 2415 9
273 2424 9
274 2434 10
275 2443 9
276 2451 8
277 2459 8
278 2469 10
279 2478 9
280 2488 10
281 2497 9
282 2505 8
283 2515 10
284 2523 8
285 2532 9
286 2542 10
287 2551 9
288 2561 10
289 2571 10
290 2580 9
291 2588 8
292 2598 10
293 2606 8
294 2614 8
295 2623 9
296 2633 10
297 2642 9
298 2652 10
299 2662 10
300 2672 10
301 2682 10
302 2691 9
303 2700 9
304 2710 10
305 2720 10
306 2730 10
307 2738 8
308 2748 10
309 2758 10
310 2768 10
311 2778 10
312 2788 10
313 2798 10
314 2807 9
315 2816 9
316 2826 10
317 2835 9
318 2842 7
319 2851 9
320 2860 9
321 2870 10
322 2879 9
323 2888 9
324 2897 9
325 2907 10
326 2915 8
327 2923 8
328 2933 10
329 2943 10
330 2952 9
331 2961 9
332 2971 10
333 2980 9
334 2990 10
335 3000 10
336 3008 8
337 3018 10
338 3026 8
339 3035 9
340 3044 9
341 3053 9
342 3062 9
343 3071 9
344 3080 9
345 3090 10
346 3098 8
347 3107 9
348 3117 10
349 3127 10
350 3137 10
351 3147 10
352 3157 10
353 3167 10
354 3176 9
355 3183 7
356 3193 10
357 3203 10
358 3211 8
359 3221 10
360 3231 10
361 3241 10
362 3249 8
363 3259 10
364 3267 8
365 3274 7
366 3284 10
367 3293 9
368 3302 9
369 3309 7
370 3319 10
371 3328 9
372 3337 9
373 3345 8
374 3354 9
375 3364 10
376 3372 8
377 3382 10
378 3392 10
379 3401 9
380 3410 9
381 3419 9
382 3429 10
383 3438 9
384 3446 8
385 3455 9
386 3465 10
387 3475 10
388 3485 10
389 3493 8
390 3502 9
391 3510 8
392 3519 9
393 3528 9
394 3536 8
395 3546 10
396 3553 7
397 3563 10
398 3572 9
399 3582 10
400 3592 10
401 3600 8
402 3610 10
403 3619 9
404 3628 9
405 3637 9
406 3644 7
407 3653 9
408 3662 9
409 3672 10
410 3681 9
411 3691 10
412 3700 9
413 3709 9
414 3719 10
415 3729 10
416 3739 10
417 3748 9
418 3758 10
419 3767 9
420 3777 10
421 3786 9
422 3795 9
423 3804 9
424 3814 10
425 3824 10
426 3834 10
427 3840 6
428 3850 10
429 3859 9
430 3869 10
431 3879 10
432 3888 9
433 3898 10
434 3906 8
435 3916 10
436 3926 10
437 3935 9
438 3944 9
439 3953 9
440 3963 10
441 3971 8
442 3981 10
443 3989 8
444 3998 9
445 4007 9
446 4017 10
447 4025 8
448 4034 9
449 4041 7
450 4050 9
451 4058 8
452 4067 9
453 4075 8
454 4085 10
455 4093 8
456 4102 9
457 4110 8
458 4119 9
459 4127 8
460 4136 9
461 4146 10
462 4155 9
463 4165 10
464 4173 8
465 4183 10
466 4192 9
467 4202 10
468 4210 8
469 4218 8
470 4228 10
471 4237 9
472 4246 9
473 4255 9
474 4264 9
475 4273 9
476 4281 8
477 4290 9
478 4298 8
479 4307 9
480 4317 10
481 4325 8
482 4335 10
483 4343 8
484 4351 8
485 4361 10
486 4371 10
487 4381 10
488 4391 10
489 4400 9
490 4410 10
491 4419 9
492 4428 9
493 4437 9
494 4447 10
495 4456 9
496 4466 10
497 4475 9
498 4484 9
499 4494 10
500 4504 10
