8.000000
0.166667
-0.133333
-0.033333
0.500000
1.033333
0.933333
1.433333
0.833333
1.633333
1.600000
1.900000
4.200000
3.400000
3.166667
2.400000
3.266667
4.200000
4.500000
5.300000
4.933333
5.100000
5.066667
5.566667
5.133333
5.300000
5.566667
5.533333
7.166667
6.400000
5.900000
6.866667
6.366667
5.933333
7.000000
6.433333
6.700000
6.066667
6.600000
7.366667
6.866667
7.166667
6.800000
6.266667
7.333333
7.066667
7.500000
7.666667
6.766667
6.466667
7.100000
7.400000
6.800000
7.400000
7.966667
6.933333
7.333333
7.333333
7.433333
7.266667
8.233333
7.133333
8.033333
7.766667
7.700000
7.766667
7.200000
7.500000
7.633333
7.966667
7.566667
7.600000
7.733333
8.166667
7.533333
8.433333
7.666667
7.700000
6.966667
7.833333
8.833333
7.700000
7.700000
8.233333
8.166667
8.000000
7.966667
8.300000
8.000000
7.633333
7.600000
7.666667
7.666667
7.533333
8.300000
7.966667
7.500000
7.633333
7.800000
8.166667
7.466667
8.200000
8.133333
8.000000
7.833333
8.500000
8.500000
7.933333
7.533333
7.966667
8.266667
7.666667
7.800000
8.000000
8.000000
8.166667
7.700000
7.900000
7.733333
7.800000
8.000000
8.000000
7.966667
7.733333
7.866667
7.833333
8.000000
8.733333
8.266667
8.566667
7.866667
8.033333
8.533333
8.533333
8.000000
7.133333
7.800000
8.266667
8.333333
7.766667
8.266667
8.266667
8.100000
8.233333
8.200000
8.133333
7.933333
8.533333
8.000000
7.833333
7.933333
8.733333
7.933333
8.366667
8.166667
8.466667
8.266667
8.300000
8.266667
8.600000
8.333333
8.000000
7.966667
8.433333
7.566667
8.533333
8.766667
8.866667
8.733333
8.100000
8.466667
8.000000
8.200000
8.100000
8.833333
7.800000
8.333333
8.866667
8.400000
8.266667
8.000000
7.866667
8.200000
8.400000
8.166667
8.333333
7.966667
8.266667
8.200000
9.133333
8.200000
8.200000
8.233333
8.600000
8.300000
8.200000
7.933333
8.266667
8.133333
8.533333
8.400000
8.600000
8.800000
7.900000
8.266667
8.366667
8.266667
8.600000
8.433333
7.933333
7.933333
7.933333
8.633333
8.333333
8.633333
8.433333
8.400000
8.233333
8.066667
8.466667
9.166667
7.866667
7.866667
8.166667
8.466667
8.166667
8.266667
8.033333
8.033333
8.466667
8.166667
8.266667
8.833333
8.666667
7.800000
8.733333
9.000000
8.366667
8.133333
8.600000
8.333333
8.533333
8.066667
8.233333
8.266667
8.666667
8.733333
8.533333
8.466667
8.533333
8.700000
8.500000
8.333333
8.700000
8.266667
8.833333
8.300000
8.500000
7.933333
7.733333
8.333333
8.100000
8.166667
7.900000
8.400000
8.433333
8.266667
8.066667
8.833333
8.400000
8.500000
8.533333
8.266667
8.800000
8.166667
8.133333
9.066667
8.366667
8.066667
8.000000
8.266667
8.000000
8.533333
8.166667
8.166667
8.233333
8.400000
8.300000
8.533333
8.700000
8.100000
7.900000
7.866667
8.366667
8.400000
8.200000
7.900000
8.200000
8.466667
8.533333
8.266667
8.833333
8.000000
8.333333
8.133333
8.400000
8.333333
7.800000
8.200000
9.333333
8.433333
8.700000
8.266667
8.933333
8.566667
7.633333
8.666667
8.933333
8.666667
8.133333
8.100000
8.166667
8.600000
8.200000
8.633333
8.400000
8.066667
8.466667
8.266667
8.433333
8.333333
8.166667
8.433333
8.666667
8.866667
8.500000
8.366667
8.333333
8.300000
8.633333
8.100000
8.400000
8.133333
8.666667
8.333333
8.566667
8.200000
8.700000
8.533333
8.766667
8.200000
8.400000
8.466667
8.600000
8.733333
9.000000
7.833333
8.533333
7.866667
8.866667
8.200000
8.433333
8.100000
8.133333
8.233333
8.700000
8.400000
8.800000
7.966667
8.166667
7.866667
9.066667
8.466667
8.500000
8.400000
8.500000
8.400000
8.666667
8.600000
8.300000
8.600000
8.100000
8.166667
9.133333
8.033333
8.366667
8.166667
8.266667
8.700000
8.600000
8.133333
7.600000
8.633333
8.266667
8.266667
8.933333
8.933333
8.166667
8.333333
8.333333
8.866667
8.666667
8.400000
8.133333
8.666667
8.766667
8.800000
8.533333
8.600000
8.333333
8.100000
8.733333
8.533333
8.266667
8.533333
8.000000
8.600000
8.666667
8.466667
8.466667
8.433333
8.266667
8.333333
8.266667
8.233333
8.266667
8.900000
8.966667
8.700000
8.533333
8.633333
8.666667
8.933333
8.266667
8.266667
8.166667
8.300000
8.866667
8.633333
8.666667
8.900000
8.033333
8.300000
8.733333
8.266667
8.733333
8.433333
8.000000
7.966667
8.500000
9.000000
8.833333
8.900000
8.433333
8.400000
8.633333
8.266667
8.266667
8.600000
8.366667
7.933333
8.800000
8.666667
8.666667
8.533333
8.133333
8.600000
8.233333
8.233333
8.400000
8.633333
8.666667
7.866667
9.066667
8.666667
8.300000
9.200000
8.666667
9.066667
8.866667
8.033333
8.800000
8.666667
8.400000
8.666667
8.466667
8.400000
8.600000
8.466667
8.266667
8.533333
9.066667
8.166667
8.166667
8.500000
8.600000
8.966667
8.666667
8.533333
8.666667
