7.800000
-0.533333
1.000000
0.400000
-0.200000
1.833333
1.466667
1.966667
1.700000
2.066667
1.666667
2.533333
3.600000
3.100000
3.766667
2.966667
4.266667
4.233333
3.900000
4.900000
4.900000
4.733333
4.566667
5.833333
5.633333
5.900000
6.000000
5.833333
6.033333
5.766667
5.866667
6.233333
6.600000
6.000000
5.933333
6.300000
6.333333
7.000000
6.533333
7.133333
6.833333
6.800000
6.700000
7.000000
6.900000
7.033333
7.300000
7.166667
6.833333
7.266667
7.266667
6.866667
7.333333
7.266667
7.633333
7.900000
8.266667
7.066667
7.233333
8.033333
8.200000
7.400000
7.633333
7.566667
7.366667
7.000000
7.900000
7.900000
8.366667
7.733333
7.333333
8.133333
7.366667
7.033333
7.233333
7.966667
8.166667
7.666667
8.333333
7.466667
7.600000
8.533333
7.833333
7.466667
8.033333
7.866667
8.633333
8.033333
7.733333
8.233333
6.966667
8.600000
7.633333
7.933333
7.533333
8.133333
7.666667
7.700000
8.533333
7.966667
7.100000
7.700000
8.500000
8.400000
7.766667
7.633333
7.933333
8.500000
7.800000
8.266667
8.533333
7.333333
8.166667
8.433333
7.633333
7.766667
7.966667
8.366667
7.733333
7.900000
8.300000
8.466667
7.466667
8.700000
7.800000
7.400000
7.933333
7.833333
8.266667
7.633333
8.633333
8.400000
8.566667
8.200000
8.466667
8.066667
8.200000
8.066667
8.066667
8.533333
8.566667
8.066667
7.666667
8.066667
8.600000
8.033333
7.800000
8.000000
8.233333
8.366667
7.533333
8.000000
7.666667
7.633333
8.466667
8.700000
8.533333
8.200000
7.900000
8.366667
8.266667
7.866667
8.466667
8.000000
8.600000
8.900000
8.066667
7.933333
8.266667
8.600000
7.700000
7.866667
8.333333
7.900000
8.133333
7.733333
7.666667
8.300000
8.366667
7.900000
8.733333
7.733333
7.733333
8.400000
8.266667
8.566667
8.066667
7.633333
7.600000
8.000000
8.233333
8.066667
8.566667
8.533333
7.533333
8.666667
8.333333
8.266667
8.266667
8.233333
8.000000
8.200000
8.500000
8.266667
7.800000
7.800000
8.666667
8.166667
8.566667
8.366667
8.033333
7.966667
8.533333
8.533333
7.866667
8.500000
8.466667
8.666667
8.600000
8.100000
8.066667
8.033333
8.466667
7.666667
8.166667
8.200000
8.433333
8.300000
8.433333
8.300000
7.700000
8.400000
8.666667
8.433333
8.000000
8.666667
8.333333
8.133333
8.000000
8.166667
8.133333
8.200000
8.400000
8.100000
8.100000
8.466667
8.666667
8.333333
8.166667
7.533333
7.533333
8.000000
8.066667
8.466667
8.166667
8.900000
8.400000
8.133333
8.233333
8.100000
8.566667
7.600000
8.700000
8.566667
8.233333
8.300000
8.266667
8.500000
8.000000
7.666667
8.800000
8.200000
7.733333
8.200000
8.600000
8.066667
8.133333
7.900000
8.366667
8.200000
8.566667
8.333333
7.833333
8.400000
8.033333
8.133333
8.266667
8.600000
8.833333
8.300000
8.166667
8.533333
8.333333
8.000000
8.366667
8.300000
8.733333
7.800000
8.666667
8.466667
8.200000
8.866667
7.833333
8.066667
8.400000
8.400000
8.133333
8.533333
8.366667
7.966667
8.466667
8.700000
8.966667
8.400000
8.333333
8.600000
8.200000
8.566667
7.800000
8.800000
8.033333
8.166667
8.433333
8.133333
8.600000
8.433333
8.133333
8.633333
7.966667
8.233333
8.400000
8.333333
8.400000
8.600000
8.233333
8.566667
8.266667
8.200000
8.466667
8.366667
8.666667
8.366667
8.666667
8.400000
8.100000
8.600000
8.233333
8.400000
8.333333
8.966667
8.400000
8.200000
8.066667
8.133333
8.000000
8.466667
7.966667
8.266667
8.366667
7.933333
8.300000
8.400000
7.800000
7.966667
8.766667
7.500000
8.466667
8.700000
7.800000
8.433333
9.066667
8.400000
8.400000
8.500000
8.366667
8.200000
8.466667
8.333333
8.133333
8.600000
8.300000
8.200000
8.600000
8.700000
8.433333
8.966667
8.666667
8.333333
8.200000
7.800000
8.533333
8.900000
8.366667
8.433333
8.266667
8.800000
8.600000
8.366667
8.500000
7.800000
7.933333
7.966667
8.600000
7.866667
8.200000
8.833333
8.933333
8.333333
8.666667
8.400000
8.200000
8.600000
8.066667
8.400000
8.466667
8.400000
8.366667
8.166667
8.566667
8.700000
8.233333
8.866667
8.500000
8.466667
8.566667
8.666667
8.100000
8.266667
8.800000
9.066667
8.200000
9.166667
8.066667
8.533333
8.233333
8.600000
8.100000
8.300000
9.066667
8.400000
7.533333
8.933333
7.866667
8.500000
8.200000
8.166667
8.066667
8.533333
8.866667
8.233333
8.533333
7.900000
8.600000
8.166667
8.800000
8.600000
8.533333
8.466667
8.333333
8.200000
8.466667
8.733333
8.466667
9.000000
8.166667
8.466667
8.333333
8.333333
8.666667
8.266667
8.166667
8.933333
8.200000
9.000000
8.700000
8.333333
8.000000
8.066667
8.133333
8.300000
7.500000
8.333333
8.833333
8.566667
7.700000
8.200000
8.400000
8.400000
8.333333
8.466667
8.000000
8.200000
8.066667
8.333333
7.733333
8.333333
8.200000
8.066667
8.666667
8.166667
