8.566667
0.300000
1.100000
0.600000
0.100000
0.433333
0.166667
1.233333
1.933333
0.833333
1.766667
1.866667
2.800000
2.766667
3.000000
3.500000
4.000000
3.533333
4.666667
4.666667
4.633333
4.833333
4.933333
5.466667
5.366667
6.000000
5.400000
5.900000
6.200000
6.500000
6.533333
6.566667
6.600000
5.866667
6.233333
6.800000
6.566667
7.900000
7.033333
7.133333
7.033333
6.000000
7.200000
7.566667
7.033333
7.200000
7.300000
7.900000
7.666667
7.833333
7.066667
6.733333
7.433333
7.266667
7.133333
7.200000
7.500000
7.766667
7.533333
7.100000
7.766667
8.200000
7.200000
7.866667
7.500000
7.400000
7.966667
7.766667
7.566667
7.600000
8.200000
6.566667
8.233333
7.800000
7.600000
7.033333
7.800000
7.766667
8.066667
8.200000
8.100000
7.233333
7.600000
8.133333
8.166667
7.833333
8.466667
7.333333
7.466667
8.300000
7.866667
8.466667
8.300000
8.066667
7.733333
7.666667
7.866667
7.466667
7.966667
8.333333
7.633333
8.133333
7.900000
8.500000
8.266667
8.233333
7.233333
8.033333
7.733333
7.733333
8.200000
7.800000
8.066667
8.366667
7.933333
8.033333
8.033333
8.233333
7.900000
8.300000
7.500000
7.833333
8.233333
7.433333
8.300000
8.033333
7.033333
8.200000
8.100000
8.333333
8.066667
8.000000
7.833333
8.033333
8.166667
7.900000
7.700000
8.500000
7.966667
7.933333
8.166667
8.166667
7.600000
7.933333
8.266667
8.000000
8.233333
8.033333
8.300000
7.600000
8.233333
8.200000
7.866667
7.933333
8.266667
8.400000
8.400000
8.666667
8.100000
8.000000
8.100000
8.133333
8.600000
8.166667
7.666667
7.733333
8.333333
8.400000
7.800000
8.200000
8.400000
8.266667
7.266667
8.333333
8.333333
8.566667
8.166667
8.266667
8.600000
8.266667
8.200000
8.100000
8.666667
8.233333
7.733333
8.200000
8.000000
8.200000
8.500000
8.100000
8.500000
8.133333
7.600000
8.533333
8.333333
8.433333
7.800000
8.733333
8.400000
7.666667
8.633333
8.066667
8.000000
8.266667
8.000000
8.600000
8.800000
8.366667
7.500000
8.133333
8.066667
8.366667
7.766667
8.133333
7.700000
8.266667
8.266667
8.033333
7.866667
7.666667
8.466667
8.466667
8.500000
8.200000
8.866667
8.333333
7.800000
8.466667
8.400000
8.666667
8.066667
7.866667
7.933333
8.633333
8.233333
8.033333
7.933333
8.366667
8.666667
8.066667
8.066667
8.000000
8.500000
8.333333
8.633333
8.533333
7.900000
8.266667
8.200000
8.000000
8.066667
8.533333
7.966667
8.200000
9.066667
8.366667
7.800000
8.666667
8.333333
8.833333
8.266667
8.933333
8.400000
8.400000
8.300000
8.566667
8.266667
8.666667
8.100000
7.600000
8.566667
8.200000
8.266667
8.533333
8.333333
7.800000
8.200000
8.433333
8.133333
8.233333
8.366667
8.533333
8.266667
8.333333
8.200000
8.066667
8.766667
8.800000
8.600000
8.300000
8.600000
8.600000
8.533333
8.133333
8.400000
8.366667
8.933333
8.566667
8.233333
7.800000
7.766667
8.500000
8.600000
8.100000
8.166667
8.666667
8.133333
8.566667
8.366667
8.166667
8.433333
8.066667
8.666667
8.066667
9.000000
8.733333
8.600000
8.233333
8.266667
8.100000
8.333333
8.600000
7.866667
8.400000
8.300000
8.800000
8.300000
8.733333
8.566667
8.666667
8.833333
8.566667
8.400000
7.766667
8.433333
8.466667
8.866667
8.266667
8.533333
8.566667
8.400000
8.466667
8.333333
8.366667
8.200000
8.866667
8.000000
8.033333
7.833333
8.733333
8.133333
8.800000
8.333333
8.633333
8.333333
8.466667
9.000000
8.333333
7.933333
8.633333
8.400000
8.366667
8.700000
9.133333
8.800000
8.733333
8.733333
8.400000
8.533333
8.333333
8.400000
7.933333
8.300000
8.800000
8.200000
8.100000
8.200000
7.966667
8.566667
8.466667
8.733333
8.066667
7.666667
8.133333
8.400000
8.600000
8.266667
8.966667
7.900000
8.666667
8.133333
8.266667
8.400000
8.466667
8.500000
8.900000
8.766667
8.500000
8.466667
8.466667
8.533333
8.400000
8.766667
8.733333
8.600000
7.833333
8.100000
8.666667
8.666667
8.266667
8.433333
8.166667
8.533333
8.133333
8.800000
8.033333
8.333333
7.600000
8.000000
8.600000
8.400000
8.233333
8.533333
8.266667
8.700000
9.066667
7.500000
8.866667
7.900000
8.600000
8.366667
8.400000
8.466667
9.000000
8.800000
8.400000
8.200000
8.900000
8.333333
8.333333
8.866667
8.833333
8.433333
9.300000
8.700000
8.933333
8.400000
8.533333
8.733333
8.266667
8.400000
8.133333
8.800000
8.333333
9.066667
8.600000
8.533333
8.600000
8.333333
8.600000
8.266667
8.466667
7.700000
8.933333
8.066667
8.266667
8.533333
8.733333
8.933333
8.333333
8.500000
8.866667
7.600000
8.700000
8.200000
8.800000
8.433333
8.333333
9.000000
8.833333
8.066667
8.600000
7.933333
9.100000
8.366667
8.233333
8.433333
8.066667
8.100000
8.600000
8.333333
8.733333
7.466667
8.800000
8.866667
8.400000
9.000000
8.500000
8.200000
8.533333
