8.200000
0.033333
-0.133333
-0.433333
0.533333
0.800000
1.200000
1.533333
1.633333
1.266667
1.700000
1.466667
2.833333
2.766667
2.533333
3.600000
3.966667
4.166667
3.933333
5.166667
4.933333
5.333333
5.366667
4.966667
4.933333
6.233333
5.766667
5.900000
5.300000
5.166667
6.100000
7.233333
5.966667
6.833333
6.266667
7.500000
5.833333
6.833333
6.933333
7.900000
6.466667
7.366667
6.933333
7.500000
7.566667
7.100000
6.800000
6.766667
6.800000
7.633333
6.500000
7.266667
7.900000
6.966667
7.433333
6.966667
6.933333
7.266667
6.866667
7.100000
7.500000
6.933333
7.700000
7.833333
7.333333
7.333333
7.500000
7.600000
7.533333
7.633333
8.266667
8.166667
8.233333
7.300000
7.866667
7.966667
7.700000
7.700000
7.700000
7.333333
7.933333
7.500000
7.700000
7.300000
7.500000
7.333333
7.600000
7.066667
8.500000
8.000000
7.533333
8.200000
8.333333
7.766667
7.700000
7.800000
7.800000
7.900000
7.800000
7.800000
8.000000
8.166667
7.800000
7.266667
8.100000
7.766667
7.333333
7.966667
7.966667
8.033333
8.433333
7.433333
7.866667
8.566667
7.866667
8.166667
8.400000
8.133333
8.633333
8.266667
7.933333
8.366667
8.166667
8.200000
8.066667
8.333333
8.133333
8.200000
8.100000
7.700000
7.900000
7.666667
8.533333
7.833333
7.833333
7.900000
8.600000
8.466667
8.033333
7.833333
8.333333
7.933333
8.433333
7.766667
7.766667
7.600000
7.766667
8.333333
8.033333
7.633333
8.000000
8.333333
7.266667
8.500000
9.000000
8.333333
8.000000
7.966667
8.300000
8.400000
8.066667
8.700000
8.000000
7.966667
8.700000
7.533333
8.866667
8.266667
7.766667
8.700000
8.533333
8.600000
8.133333
8.666667
7.700000
7.533333
8.466667
8.566667
8.466667
8.266667
8.433333
8.366667
8.200000
8.133333
8.533333
7.666667
8.166667
8.200000
8.100000
8.166667
8.233333
8.233333
8.400000
7.966667
8.533333
8.066667
7.666667
8.400000
8.466667
8.600000
8.200000
8.800000
8.233333
8.166667
8.300000
8.000000
7.866667
8.900000
8.266667
8.033333
8.366667
8.233333
8.700000
8.533333
8.466667
8.266667
8.400000
7.733333
8.066667
8.700000
8.233333
8.333333
8.333333
8.400000
8.100000
8.333333
8.000000
8.333333
9.066667
8.433333
8.066667
8.066667
7.700000
8.266667
8.266667
8.366667
8.466667
8.400000
8.500000
8.200000
8.466667
8.300000
7.966667
8.233333
8.700000
8.233333
7.966667
8.733333
8.033333
7.900000
8.266667
8.400000
8.333333
8.466667
7.966667
8.500000
8.466667
8.133333
8.566667
8.066667
8.266667
8.333333
8.400000
8.066667
8.866667
8.833333
8.400000
8.466667
7.833333
8.133333
8.200000
8.600000
8.266667
8.300000
8.400000
8.200000
8.266667
8.033333
7.900000
8.700000
8.166667
8.533333
8.166667
8.866667
8.433333
8.933333
8.333333
7.733333
8.066667
8.266667
8.600000
8.333333
8.466667
8.666667
8.333333
8.700000
8.266667
8.333333
8.533333
8.300000
8.400000
8.166667
8.266667
8.200000
8.666667
8.400000
8.600000
8.366667
8.500000
8.466667
7.933333
8.600000
8.066667
8.433333
7.533333
8.433333
8.633333
8.133333
8.566667
7.866667
8.066667
8.400000
8.100000
8.800000
8.933333
8.466667
8.466667
8.666667
8.466667
8.433333
8.466667
8.500000
8.500000
8.066667
8.800000
8.600000
8.666667
8.100000
8.666667
8.266667
8.200000
8.533333
8.166667
8.166667
8.433333
8.066667
9.066667
8.366667
8.533333
8.633333
8.400000
8.433333
8.200000
8.400000
8.466667
8.833333
8.133333
8.500000
8.333333
8.266667
8.000000
8.566667
8.333333
8.500000
8.400000
8.466667
8.866667
8.300000
8.400000
8.133333
8.666667
8.533333
8.800000
8.666667
8.133333
8.733333
8.033333
8.633333
8.833333
8.466667
8.300000
8.300000
8.266667
8.600000
8.166667
7.866667
8.966667
8.666667
8.200000
7.700000
9.033333
8.400000
8.533333
8.733333
9.033333
8.666667
8.400000
8.600000
8.500000
8.533333
8.800000
8.300000
7.533333
8.333333
7.933333
8.633333
8.100000
8.233333
8.900000
8.833333
8.600000
8.433333
8.466667
8.533333
8.766667
8.666667
8.533333
8.966667
8.833333
8.500000
8.600000
8.400000
9.000000
8.566667
8.066667
8.400000
8.466667
8.866667
8.900000
8.666667
8.733333
8.533333
8.866667
8.133333
8.833333
8.233333
8.200000
8.266667
8.500000
8.600000
8.400000
8.466667
8.566667
8.300000
8.466667
8.933333
8.266667
8.600000
8.466667
8.066667
8.466667
8.733333
8.900000
8.100000
8.333333
8.800000
8.866667
8.266667
8.333333
8.133333
8.466667
8.866667
8.666667
8.466667
8.366667
8.433333
8.733333
8.933333
8.433333
8.633333
8.800000
8.200000
8.566667
8.733333
8.800000
8.633333
8.466667
8.800000
8.866667
8.766667
8.666667
8.466667
9.233333
8.500000
8.400000
9.033333
8.400000
8.666667
8.533333
8.666667
8.600000
8.200000
8.733333
8.533333
8.466667
8.400000
8.500000
8.633333
8.733333
8.333333
