8.530000
0.600000
0.990000
1.880000
1.970000
2.240000
2.850000
3.290000
3.240000
3.770000
3.620000
4.300000
4.460000
4.620000
5.090000
4.800000
5.270000
5.520000
5.270000
6.230000
5.900000
6.150000
5.970000
6.160000
6.390000
6.540000
6.570000
6.610000
6.460000
6.750000
6.520000
6.800000
6.720000
6.860000
6.910000
7.140000
6.760000
7.210000
7.140000
7.260000
7.120000
7.050000
7.190000
7.280000
6.850000
7.350000
7.350000
7.040000
7.310000
7.270000
7.320000
7.110000
7.230000
7.180000
7.270000
7.370000
7.490000
7.480000
7.350000
7.550000
7.830000
7.430000
7.650000
7.440000
7.640000
7.440000
7.330000
7.790000
7.630000
7.500000
7.700000
7.530000
7.710000
7.690000
7.540000
7.540000
7.680000
7.560000
7.770000
7.870000
7.650000
7.730000
7.660000
7.900000
7.850000
7.680000
7.850000
7.520000
7.640000
7.920000
8.080000
7.710000
7.820000
7.660000
7.620000
7.940000
7.770000
7.960000
7.700000
7.690000
7.950000
7.800000
7.650000
7.890000
7.980000
7.890000
8.130000
7.810000
8.030000
7.760000
8.050000
7.720000
7.840000
7.780000
7.920000
7.770000
8.160000
8.030000
7.810000
8.390000
7.730000
8.050000
7.830000
8.260000
7.770000
8.030000
7.860000
7.750000
8.160000
8.100000
7.840000
7.850000
8.180000
8.190000
8.000000
7.700000
8.010000
7.810000
8.030000
7.910000
7.930000
7.940000
7.940000
8.030000
8.070000
8.060000
8.140000
8.030000
8.000000
8.140000
7.940000
7.960000
7.860000
8.170000
7.980000
8.090000
7.960000
7.960000
8.070000
7.780000
7.810000
8.080000
7.990000
8.330000
7.880000
8.020000
8.030000
8.450000
7.910000
8.290000
8.120000
8.130000
8.070000
8.180000
7.840000
8.210000
8.200000
8.270000
8.150000
8.030000
8.200000
8.250000
8.180000
8.010000
8.010000
8.020000
8.400000
8.170000
8.110000
8.290000
8.020000
8.300000
8.270000
8.190000
8.150000
8.430000
8.260000
8.160000
8.090000
8.260000
8.240000
8.100000
8.260000
7.870000
8.260000
8.150000
7.970000
8.250000
8.100000
8.270000
8.220000
8.040000
8.110000
8.030000
8.190000
8.400000
8.170000
8.070000
8.400000
8.060000
8.090000
7.970000
8.230000
8.380000
7.980000
8.120000
8.130000
8.330000
8.330000
8.290000
8.110000
8.370000
8.170000
8.200000
8.050000
7.940000
8.370000
8.250000
8.180000
8.050000
8.330000
8.230000
8.160000
8.130000
7.970000
8.110000
8.120000
8.270000
8.020000
8.380000
8.350000
8.260000
8.400000
8.080000
8.280000
8.370000
8.380000
8.330000
8.190000
8.310000
8.170000
8.280000
8.200000
8.140000
8.430000
8.300000
8.140000
8.030000
8.030000
8.380000
8.240000
8.360000
8.330000
8.200000
8.290000
8.270000
8.370000
8.250000
8.350000
8.320000
8.350000
8.420000
8.390000
8.320000
8.370000
8.420000
8.520000
8.150000
8.250000
8.120000
8.250000
8.230000
8.360000
8.350000
8.240000
8.200000
8.240000
8.490000
8.370000
8.200000
8.410000
8.330000
8.240000
8.420000
8.400000
8.350000
8.190000
8.440000
8.370000
8.280000
8.300000
8.240000
8.150000
8.250000
8.250000
8.260000
8.100000
8.250000
8.350000
8.320000
8.420000
8.390000
8.250000
8.170000
8.390000
8.270000
8.430000
8.150000
8.340000
8.350000
8.380000
8.230000
8.210000
8.360000
8.290000
8.320000
8.400000
8.160000
8.620000
8.330000
8.350000
8.370000
8.510000
8.240000
8.080000
8.310000
8.120000
8.220000
8.290000
8.310000
8.370000
8.190000
8.360000
8.490000
8.170000
8.400000
8.250000
8.380000
8.410000
8.420000
8.300000
8.140000
8.270000
8.320000
8.210000
8.400000
8.460000
8.560000
8.380000
8.240000
8.230000
8.350000
8.480000
8.310000
8.170000
8.460000
8.520000
8.180000
8.380000
8.430000
8.260000
8.260000
8.280000
8.290000
8.240000
8.170000
8.270000
8.260000
8.360000
8.460000
8.260000
8.320000
8.450000
8.240000
8.330000
8.270000
8.330000
8.440000
8.350000
8.450000
8.130000
8.490000
8.490000
8.210000
8.280000
8.320000
8.500000
8.270000
8.410000
8.340000
8.260000
8.440000
8.450000
8.320000
8.280000
8.350000
8.320000
8.350000
8.490000
8.240000
8.560000
8.350000
8.510000
8.180000
8.280000
8.130000
8.440000
8.300000
8.320000
8.300000
8.650000
8.530000
8.290000
8.450000
8.430000
8.410000
8.520000
8.420000
8.180000
8.300000
8.370000
8.230000
8.310000
8.520000
8.400000
8.540000
8.240000
8.230000
8.340000
8.320000
8.610000
8.370000
8.350000
8.490000
8.400000
8.510000
8.330000
8.680000
8.330000
8.380000
8.260000
8.120000
8.390000
8.370000
8.450000
8.390000
8.400000
8.510000
8.490000
8.270000
8.450000
8.190000
8.210000
8.460000
8.490000
8.590000
8.360000
8.270000
8.620000
8.330000
8.230000
8.210000
8.490000
8.400000
8.280000
8.580000
8.400000
8.340000
8.410000
8.300000
8.380000
8.340000
8.470000
8.590000
8.470000
8.470000
8.490000
8.260000
8.340000
8.510000
