7.833333
0.066667
0.833333
0.733333
0.300000
0.633333
1.033333
0.933333
3.066667
2.066667
2.633333
2.900000
2.700000
4.000000
3.966667
3.300000
4.433333
4.433333
4.500000
4.066667
5.200000
4.900000
5.033333
4.933333
5.533333
5.066667
5.533333
6.300000
6.500000
6.733333
6.400000
6.500000
6.633333
6.600000
6.633333
6.433333
5.966667
6.200000
7.233333
7.033333
6.533333
7.000000
7.833333
6.966667
7.133333
7.400000
7.433333
6.966667
7.400000
7.266667
7.066667
7.200000
7.633333
7.500000
7.966667
7.400000
7.700000
6.700000
7.233333
7.300000
7.133333
7.333333
6.500000
7.600000
8.300000
7.133333
7.966667
7.800000
7.666667
7.200000
7.733333
7.600000
7.933333
7.900000
7.166667
7.733333
7.566667
7.666667
8.166667
7.333333
7.266667
7.933333
8.033333
7.866667
8.266667
7.866667
7.700000
8.100000
7.866667
7.700000
8.133333
8.000000
8.133333
8.000000
8.400000
7.400000
8.200000
7.833333
7.633333
7.566667
7.866667
8.366667
8.166667
7.666667
8.133333
8.366667
7.900000
8.266667
8.200000
8.066667
8.266667
8.033333
8.233333
7.733333
8.133333
8.366667
7.766667
7.566667
7.733333
7.933333
8.133333
7.666667
8.233333
8.166667
7.966667
7.800000
8.033333
7.766667
8.533333
8.233333
8.400000
7.900000
8.333333
8.833333
7.933333
8.266667
7.866667
7.666667
8.300000
8.300000
8.533333
8.200000
7.833333
8.166667
8.233333
8.166667
8.566667
8.300000
7.966667
8.066667
8.033333
8.266667
7.866667
8.566667
8.800000
8.800000
8.133333
8.166667
8.233333
7.933333
7.933333
8.000000
8.166667
7.733333
8.533333
7.866667
8.333333
7.566667
8.000000
8.033333
8.666667
8.100000
8.133333
8.200000
8.166667
8.500000
8.333333
8.066667
8.300000
7.900000
7.966667
8.933333
8.733333
8.266667
7.366667
8.066667
8.000000
8.466667
8.333333
8.800000
8.033333
8.433333
8.566667
7.966667
8.266667
8.633333
8.033333
8.200000
7.966667
8.766667
7.700000
8.233333
8.700000
8.066667
8.466667
8.366667
8.333333
8.100000
7.766667
8.666667
8.500000
8.533333
7.933333
7.833333
7.733333
8.733333
8.766667
8.100000
8.166667
7.933333
7.600000
7.933333
8.300000
8.100000
7.766667
8.966667
8.533333
8.333333
8.000000
8.133333
8.400000
8.266667
8.000000
7.866667
8.300000
8.466667
8.600000
7.933333
8.733333
7.933333
7.866667
8.300000
8.300000
8.500000
8.000000
8.300000
7.766667
8.200000
8.266667
8.566667
8.800000
7.866667
8.300000
7.866667
8.666667
8.433333
8.133333
8.266667
8.366667
8.233333
8.233333
8.400000
7.733333
8.933333
8.266667
8.066667
8.500000
8.933333
8.700000
8.766667
8.500000
8.300000
8.600000
8.000000
8.400000
8.200000
8.866667
8.300000
8.533333
8.433333
8.500000
8.333333
8.133333
8.133333
8.233333
8.666667
8.500000
8.433333
8.933333
8.166667
8.200000
8.400000
8.733333
8.400000
7.833333
8.700000
8.366667
8.533333
8.533333
8.266667
8.800000
8.033333
8.766667
8.400000
8.466667
8.500000
8.400000
8.633333
7.766667
8.200000
8.233333
8.666667
8.433333
8.733333
9.200000
8.633333
8.600000
8.533333
8.066667
7.533333
8.266667
8.133333
8.000000
8.333333
8.800000
8.433333
9.333333
7.700000
8.866667
8.300000
8.400000
8.533333
8.233333
8.200000
8.600000
8.200000
8.366667
8.733333
8.566667
8.466667
8.300000
7.866667
8.200000
7.933333
8.866667
8.200000
7.933333
8.333333
8.433333
8.133333
8.633333
8.866667
8.900000
8.766667
9.066667
8.266667
8.933333
8.766667
8.733333
9.533333
8.800000
8.800000
8.566667
8.600000
8.600000
7.833333
8.266667
8.333333
8.466667
8.000000
8.800000
8.733333
8.600000
8.566667
7.966667
8.666667
8.766667
8.933333
8.466667
8.800000
8.233333
8.566667
8.566667
8.066667
8.733333
8.266667
7.966667
8.066667
8.533333
8.433333
8.533333
8.600000
8.400000
7.933333
8.333333
8.733333
8.466667
8.800000
8.600000
8.533333
8.100000
8.133333
8.333333
8.933333
8.300000
8.400000
8.100000
8.666667
8.266667
8.400000
8.466667
8.833333
8.733333
8.333333
8.533333
8.233333
8.866667
8.300000
8.266667
8.333333
8.333333
8.600000
8.366667
8.100000
8.500000
8.366667
8.866667
8.800000
8.733333
8.733333
8.266667
8.333333
8.466667
8.800000
8.400000
8.800000
8.533333
8.666667
8.500000
8.333333
8.666667
8.233333
8.600000
8.266667
8.000000
8.400000
8.600000
8.466667
8.866667
8.400000
8.400000
9.033333
8.000000
9.066667
8.600000
8.666667
8.566667
8.600000
8.400000
8.033333
8.466667
8.333333
8.266667
8.266667
8.800000
8.133333
8.200000
8.866667
8.500000
8.733333
8.266667
8.833333
8.333333
8.533333
8.133333
8.933333
8.666667
8.500000
8.800000
8.333333
8.800000
8.400000
8.566667
8.700000
8.333333
9.133333
8.666667
7.933333
8.533333
8.733333
8.533333
8.600000
8.733333
8.333333
8.133333
8.333333
9.000000
8.533333
9.000000
8.800000
