7.733333
0.300000
-0.033333
0.600000
0.633333
1.066667
2.533333
1.866667
3.066667
3.066667
3.433333
2.433333
3.766667
3.766667
4.166667
4.866667
4.500000
4.900000
5.400000
4.233333
6.400000
5.233333
5.633333
5.900000
6.200000
5.933333
6.633333
6.600000
6.300000
6.166667
6.500000
6.900000
6.800000
7.033333
6.866667
7.300000
6.866667
6.700000
6.500000
6.766667
7.133333
6.766667
6.833333
7.900000
7.300000
7.233333
6.933333
7.833333
8.066667
6.933333
7.233333
7.233333
6.433333
7.233333
7.433333
7.766667
6.966667
6.566667
7.066667
7.300000
8.066667
6.833333
7.600000
7.166667
7.566667
7.366667
8.066667
7.333333
7.100000
7.633333
6.966667
7.233333
6.733333
7.766667
7.466667
7.333333
7.200000
7.100000
6.900000
7.866667
7.466667
7.733333
7.966667
7.200000
7.033333
7.400000
7.733333
7.033333
7.566667
7.133333
7.766667
7.633333
7.400000
7.933333
8.200000
7.966667
6.766667
7.233333
7.633333
7.533333
7.633333
7.333333
7.533333
7.833333
7.500000
7.633333
7.800000
7.333333
7.333333
7.133333
7.033333
7.500000
7.666667
7.533333
7.400000
8.166667
8.100000
7.233333
7.300000
7.933333
7.733333
7.300000
7.900000
7.933333
7.900000
7.700000
7.833333
7.866667
7.233333
7.400000
6.933333
8.000000
7.466667
7.566667
7.566667
7.800000
8.366667
7.866667
7.600000
7.800000
7.500000
7.700000
7.533333
7.433333
7.700000
7.566667
7.633333
6.933333
8.133333
7.733333
7.766667
8.133333
7.333333
8.166667
8.200000
8.000000
8.066667
7.400000
7.900000
8.333333
7.800000
7.966667
7.100000
8.300000
7.966667
8.233333
7.666667
7.266667
8.600000
7.466667
6.900000
7.666667
7.866667
8.033333
8.166667
8.033333
7.433333
7.633333
7.933333
7.866667
7.966667
7.733333
7.766667
7.733333
7.800000
7.266667
7.800000
7.300000
7.433333
8.200000
7.166667
7.633333
8.133333
8.200000
7.933333
7.666667
8.000000
7.300000
8.566667
7.766667
7.600000
7.433333
7.800000
8.000000
8.100000
7.366667
8.033333
6.666667
8.200000
7.900000
7.433333
7.466667
7.866667
7.566667
7.533333
7.800000
7.500000
8.066667
7.800000
8.300000
8.833333
7.933333
7.700000
7.433333
8.066667
7.866667
7.500000
8.233333
7.733333
7.466667
7.866667
7.866667
7.533333
8.366667
7.700000
8.333333
8.400000
8.233333
7.533333
8.166667
7.600000
8.500000
8.233333
7.533333
8.300000
7.866667
7.966667
7.966667
7.566667
7.600000
7.900000
7.733333
7.600000
8.333333
7.733333
7.966667
7.933333
8.333333
7.866667
7.666667
8.233333
7.500000
8.533333
7.733333
7.400000
8.066667
8.200000
7.933333
8.333333
7.900000
7.633333
8.100000
7.766667
7.466667
7.533333
7.433333
7.800000
8.033333
7.500000
7.900000
7.900000
8.133333
7.300000
7.766667
7.166667
7.666667
7.766667
7.400000
7.466667
7.900000
8.400000
8.266667
7.700000
7.900000
7.933333
8.266667
8.266667
8.333333
8.100000
8.100000
8.333333
7.233333
7.500000
8.966667
8.166667
7.633333
8.033333
8.300000
7.833333
8.166667
8.233333
7.866667
7.900000
7.966667
7.733333
8.233333
7.900000
7.700000
7.733333
7.700000
7.633333
8.300000
8.166667
8.400000
8.466667
7.866667
8.100000
7.566667
8.500000
8.200000
7.300000
7.400000
7.733333
8.100000
7.933333
8.200000
7.800000
8.266667
8.133333
7.800000
8.133333
8.366667
8.266667
7.666667
7.800000
7.800000
8.400000
7.966667
7.900000
7.400000
7.500000
7.100000
7.933333
7.766667
7.700000
7.833333
8.066667
8.600000
6.833333
8.000000
7.200000
7.933333
7.700000
7.733333
8.366667
8.000000
7.633333
7.000000
8.233333
8.066667
7.700000
8.233333
8.333333
7.400000
8.166667
7.900000
8.466667
7.666667
8.133333
8.266667
8.166667
7.800000
7.500000
8.200000
8.366667
7.766667
8.033333
8.200000
8.166667
8.100000
8.333333
7.833333
8.233333
8.333333
8.366667
8.033333
8.366667
7.200000
7.800000
7.700000
7.633333
7.233333
8.033333
8.066667
8.200000
7.900000
8.533333
7.966667
7.666667
8.166667
8.233333
8.100000
7.800000
8.000000
8.366667
8.266667
8.100000
8.200000
8.100000
7.766667
7.866667
8.666667
7.733333
8.100000
8.133333
7.766667
8.266667
8.000000
7.733333
7.833333
8.266667
7.300000
8.633333
8.200000
7.866667
7.400000
8.600000
8.833333
7.966667
7.900000
8.000000
8.366667
8.300000
8.233333
8.400000
7.733333
7.900000
8.233333
8.433333
7.966667
7.766667
7.933333
7.166667
8.233333
7.866667
8.366667
7.800000
8.200000
7.733333
7.666667
8.066667
8.400000
7.700000
7.966667
8.000000
8.200000
7.866667
8.166667
7.500000
8.166667
8.266667
7.900000
7.933333
8.033333
8.166667
8.166667
8.066667
7.700000
8.100000
8.466667
7.266667
8.800000
8.066667
8.466667
8.266667
7.333333
7.766667
7.666667
8.500000
8.300000
7.700000
8.233333
7.866667
7.700000
8.066667
8.666667
8.533333
7.933333
7.700000
7.700000
